# F098M
8.602362305000000561e+03 1.051509999999999966e-04
8.610000000000000000e+03 1.131960000000000052e-04
8.620000000000000000e+03 1.237309999999999983e-04
8.630000000000000000e+03 1.342679999999999959e-04
8.640000000000000000e+03 1.450310000000000011e-04
8.650000000000000000e+03 1.558289999999999881e-04
8.660000000000000000e+03 1.666609999999999956e-04
8.670000000000000000e+03 1.775280000000000120e-04
8.680000000000000000e+03 1.884289999999999945e-04
8.690000000000000000e+03 1.993639999999999974e-04
8.700000000000000000e+03 2.103340000000000092e-04
8.710000000000000000e+03 2.213369999999999986e-04
8.720000000000000000e+03 2.323749999999999969e-04
8.730000000000000000e+03 2.445939999999999963e-04
8.740000000000000000e+03 2.569550000000000089e-04
8.750000000000000000e+03 2.694589999999999963e-04
8.760000000000000000e+03 2.821069999999999741e-04
8.770000000000000000e+03 2.948979999999999809e-04
8.780000000000000000e+03 3.078360000000000254e-04
8.790000000000000000e+03 3.209190000000000220e-04
8.800000000000000000e+03 3.341500000000000178e-04
8.802416015999999217e+03 3.372550000000000092e-04
8.810000000000000000e+03 4.068550000000000205e-04
8.812418944999999439e+03 4.291599999999999907e-04
8.820000000000000000e+03 5.281689999999999909e-04
8.822421875000000000e+03 5.599490000000000153e-04
8.830000000000000000e+03 7.174339999999999754e-04
8.832424805000000561e+03 7.683780000000000080e-04
8.840000000000000000e+03 1.015140000000000096e-03
8.842427734000000783e+03 1.094729999999999922e-03
8.850000000000000000e+03 1.374020000000000102e-03
8.852429688000000169e+03 1.464199999999999920e-03
8.860000000000000000e+03 1.899110000000000078e-03
8.862432617000000391e+03 2.039759999999999837e-03
8.870000000000000000e+03 2.480040000000000196e-03
8.872435546999999133e+03 2.622639999999999867e-03
8.880000000000000000e+03 3.424420000000000068e-03
8.882438476999999693e+03 3.684520000000000156e-03
8.890000000000000000e+03 4.733890000000000146e-03
8.892440430000000561e+03 5.074709999999999638e-03
8.900000000000000000e+03 6.558989999999999786e-03
8.902443359000000783e+03 7.034989999999999646e-03
8.910000000000000000e+03 9.275139999999999427e-03
8.912446288999999524e+03 1.000209999999999988e-02
8.920000000000000000e+03 1.321729999999999954e-02
8.922449219000000085e+03 1.426520000000000045e-02
8.930000000000000000e+03 1.907589999999999980e-02
8.932452148000000307e+03 2.063910000000000050e-02
8.940000000000000000e+03 2.758429999999999910e-02
8.942454101999999693e+03 2.984790000000000013e-02
8.950000000000000000e+03 3.987319999999999753e-02
8.952457030999999915e+03 4.315419999999999673e-02
8.960000000000000000e+03 5.760540000000000105e-02
8.962459961000000476e+03 6.232089999999999852e-02
8.970000000000000000e+03 8.141729999999999801e-02
8.972462890999999217e+03 8.768800000000000205e-02
8.980000000000000000e+03 1.127269999999999939e-01
8.982464844000000085e+03 1.209169999999999967e-01
8.990000000000000000e+03 1.510130000000000083e-01
8.992467773000000307e+03 1.608930000000000082e-01
9.000000000000000000e+03 1.946259999999999935e-01
9.002470703000000867e+03 2.056409999999999905e-01
9.010000000000000000e+03 2.409630000000000105e-01
9.012473632999999609e+03 2.525279999999999747e-01
9.020000000000000000e+03 2.851980000000000071e-01
9.022476561999999831e+03 2.960110000000000241e-01
9.030000000000000000e+03 3.234790000000000165e-01
9.032478515999999217e+03 3.325389999999999735e-01
9.040000000000000000e+03 3.538709999999999911e-01
9.042481444999999439e+03 3.609169999999999878e-01
9.050000000000000000e+03 3.749549999999999828e-01
9.052484375000000000e+03 3.796780000000000155e-01
9.060000000000000000e+03 3.881000000000000005e-01
9.062487305000000561e+03 3.908119999999999927e-01
9.070000000000000000e+03 3.942300000000000249e-01
9.072489257999999609e+03 3.954460000000000197e-01
9.080000000000000000e+03 3.966500000000000026e-01
9.082492188000000169e+03 3.969690000000000163e-01
9.090000000000000000e+03 3.969710000000000183e-01
9.092495117000000391e+03 3.969730000000000203e-01
9.100000000000000000e+03 3.964829999999999743e-01
9.102498046999999133e+03 3.964030000000000054e-01
9.110000000000000000e+03 3.961000000000000076e-01
9.112500000000000000e+03 3.959170000000000189e-01
9.120000000000000000e+03 3.955859999999999932e-01
9.122502930000000561e+03 3.955589999999999939e-01
9.130000000000000000e+03 3.948240000000000083e-01
9.132505859000000783e+03 3.944960000000000133e-01
9.140000000000000000e+03 3.940429999999999766e-01
9.142508788999999524e+03 3.939739999999999909e-01
9.150000000000000000e+03 3.938309999999999866e-01
9.152510742000000391e+03 3.937010000000000232e-01
9.160000000000000000e+03 3.932809999999999917e-01
9.162513671999999133e+03 3.932240000000000180e-01
9.170000000000000000e+03 3.936129999999999907e-01
9.172516601999999693e+03 3.936620000000000119e-01
9.180000000000000000e+03 3.937459999999999849e-01
9.182519530999999915e+03 3.938570000000000126e-01
9.190000000000000000e+03 3.947829999999999950e-01
9.192522461000000476e+03 3.950139999999999763e-01
9.200000000000000000e+03 3.954150000000000165e-01
9.202524413999999524e+03 3.955670000000000019e-01
9.210000000000000000e+03 3.973019999999999885e-01
9.212527344000000085e+03 3.978059999999999929e-01
9.220000000000000000e+03 3.991720000000000268e-01
9.222530273000000307e+03 3.997200000000000197e-01
9.230000000000000000e+03 4.014340000000000130e-01
9.232533203000000867e+03 4.020199999999999885e-01
9.240000000000000000e+03 4.039389999999999925e-01
9.242535155999999915e+03 4.046779999999999822e-01
9.250000000000000000e+03 4.057879999999999820e-01
9.252538086000000476e+03 4.060799999999999965e-01
9.260000000000000000e+03 4.071279999999999899e-01
9.262541015999999217e+03 4.075719999999999898e-01
9.270000000000000000e+03 4.086580000000000212e-01
9.272543944999999439e+03 4.089420000000000277e-01
9.280000000000000000e+03 4.096170000000000089e-01
9.282546875000000000e+03 4.099360000000000226e-01
9.290000000000000000e+03 4.107109999999999927e-01
9.292548828000000867e+03 4.108899999999999775e-01
9.300000000000000000e+03 4.111879999999999979e-01
9.302551757999999609e+03 4.113789999999999947e-01
9.310000000000000000e+03 4.119680000000000009e-01
9.312554688000000169e+03 4.120829999999999771e-01
9.320000000000000000e+03 4.127649999999999930e-01
9.322557617000000391e+03 4.130880000000000107e-01
9.330000000000000000e+03 4.136159999999999837e-01
9.332559569999999439e+03 4.137089999999999934e-01
9.340000000000000000e+03 4.143939999999999846e-01
9.342562500000000000e+03 4.147190000000000043e-01
9.350000000000000000e+03 4.154419999999999780e-01
9.352565430000000561e+03 4.156009999999999982e-01
9.360000000000000000e+03 4.162560000000000149e-01
9.362568359000000783e+03 4.165730000000000266e-01
9.370000000000000000e+03 4.176830000000000265e-01
9.372570311999999831e+03 4.179760000000000142e-01
9.380000000000000000e+03 4.188259999999999761e-01
9.382573242000000391e+03 4.192110000000000003e-01
9.390000000000000000e+03 4.192330000000000223e-01
9.392576171999999133e+03 4.192400000000000015e-01
9.400000000000000000e+03 4.197759999999999825e-01
9.402579101999999693e+03 4.197690000000000032e-01
9.410000000000000000e+03 4.183649999999999869e-01
9.412582030999999915e+03 4.179669999999999774e-01
9.420000000000000000e+03 4.167569999999999886e-01
9.422583984000000783e+03 4.162449999999999761e-01
9.430000000000000000e+03 4.145789999999999753e-01
9.432586913999999524e+03 4.141480000000000161e-01
9.440000000000000000e+03 4.129090000000000260e-01
9.442589844000000085e+03 4.123839999999999728e-01
9.450000000000000000e+03 4.113990000000000147e-01
9.452592773000000307e+03 4.111429999999999807e-01
9.460000000000000000e+03 4.111549999999999927e-01
9.462594726999999693e+03 4.111580000000000235e-01
9.470000000000000000e+03 4.115240000000000009e-01
9.472597655999999915e+03 4.115619999999999834e-01
9.480000000000000000e+03 4.126409999999999800e-01
9.482600586000000476e+03 4.131110000000000060e-01
9.490000000000000000e+03 4.151630000000000043e-01
9.492603515999999217e+03 4.158859999999999779e-01
9.500000000000000000e+03 4.178129999999999900e-01
9.502606444999999439e+03 4.183839999999999781e-01
9.510000000000000000e+03 4.193200000000000260e-01
9.512608398000000307e+03 4.197429999999999772e-01
9.520000000000000000e+03 4.205510000000000081e-01
9.522611328000000867e+03 4.207429999999999781e-01
9.530000000000000000e+03 4.206369999999999831e-01
9.532614257999999609e+03 4.206920000000000104e-01
9.540000000000000000e+03 4.200309999999999877e-01
9.542617188000000169e+03 4.197960000000000025e-01
9.550000000000000000e+03 4.189339999999999731e-01
9.552619140999999217e+03 4.185349999999999904e-01
9.560000000000000000e+03 4.171779999999999933e-01
9.562622069999999439e+03 4.167879999999999918e-01
9.570000000000000000e+03 4.165050000000000141e-01
9.572625000000000000e+03 4.164039999999999964e-01
9.580000000000000000e+03 4.162480000000000069e-01
9.582627930000000561e+03 4.160980000000000234e-01
9.590000000000000000e+03 4.161050000000000026e-01
9.592630859000000783e+03 4.161989999999999856e-01
9.600000000000000000e+03 4.165949999999999931e-01
9.602632811999999831e+03 4.166949999999999821e-01
9.610000000000000000e+03 4.173370000000000135e-01
9.612635742000000391e+03 4.174729999999999830e-01
9.620000000000000000e+03 4.175229999999999775e-01
9.622638671999999133e+03 4.176340000000000052e-01
9.630000000000000000e+03 4.175809999999999800e-01
9.632641601999999693e+03 4.176050000000000040e-01
9.640000000000000000e+03 4.175409999999999955e-01
9.642643555000000561e+03 4.174229999999999885e-01
9.650000000000000000e+03 4.169610000000000261e-01
9.652646484000000783e+03 4.168879999999999808e-01
9.660000000000000000e+03 4.170139999999999958e-01
9.662649413999999524e+03 4.170579999999999843e-01
9.670000000000000000e+03 4.174430000000000085e-01
9.672652344000000085e+03 4.174869999999999970e-01
9.680000000000000000e+03 4.178060000000000107e-01
9.682655273000000307e+03 4.180139999999999967e-01
9.690000000000000000e+03 4.189550000000000218e-01
9.692657226999999693e+03 4.192949999999999733e-01
9.700000000000000000e+03 4.202670000000000017e-01
9.702660155999999915e+03 4.205229999999999801e-01
9.710000000000000000e+03 4.216610000000000080e-01
9.712663086000000476e+03 4.221679999999999877e-01
9.720000000000000000e+03 4.231369999999999854e-01
9.722666015999999217e+03 4.234879999999999756e-01
9.730000000000000000e+03 4.239569999999999728e-01
9.732667969000000085e+03 4.240300000000000180e-01
9.740000000000000000e+03 4.243310000000000137e-01
9.742670898000000307e+03 4.245349999999999957e-01
9.750000000000000000e+03 4.246980000000000199e-01
9.752673828000000867e+03 4.247560000000000224e-01
9.760000000000000000e+03 4.253469999999999751e-01
9.762676757999999609e+03 4.255619999999999958e-01
9.770000000000000000e+03 4.260169999999999790e-01
9.772679688000000169e+03 4.260840000000000183e-01
9.780000000000000000e+03 4.271670000000000189e-01
9.782681640999999217e+03 4.276610000000000134e-01
9.790000000000000000e+03 4.294080000000000119e-01
9.792684569999999439e+03 4.300479999999999858e-01
9.800000000000000000e+03 4.320950000000000069e-01
9.802687500000000000e+03 4.327849999999999753e-01
9.810000000000000000e+03 4.350999999999999868e-01
9.812690430000000561e+03 4.358500000000000152e-01
9.820000000000000000e+03 4.375220000000000220e-01
9.822692382999999609e+03 4.382360000000000144e-01
9.830000000000000000e+03 4.396430000000000060e-01
9.832695311999999831e+03 4.402220000000000022e-01
9.840000000000000000e+03 4.415240000000000276e-01
9.842698242000000391e+03 4.420040000000000080e-01
9.850000000000000000e+03 4.428019999999999734e-01
9.852701171999999133e+03 4.429930000000000256e-01
9.860000000000000000e+03 4.430410000000000181e-01
9.862703125000000000e+03 4.431599999999999984e-01
9.870000000000000000e+03 4.432450000000000001e-01
9.872706055000000561e+03 4.432740000000000014e-01
9.880000000000000000e+03 4.431189999999999851e-01
9.882708984000000783e+03 4.430589999999999806e-01
9.890000000000000000e+03 4.430979999999999919e-01
9.892711913999999524e+03 4.430080000000000129e-01
9.900000000000000000e+03 4.424299999999999899e-01
9.902714844000000085e+03 4.423150000000000137e-01
9.910000000000000000e+03 4.424420000000000019e-01
9.912716796999999133e+03 4.424879999999999924e-01
9.920000000000000000e+03 4.418360000000000065e-01
9.922719726999999693e+03 4.415899999999999825e-01
9.930000000000000000e+03 4.412329999999999863e-01
9.932722655999999915e+03 4.410970000000000169e-01
9.940000000000000000e+03 4.403960000000000097e-01
9.942725586000000476e+03 4.400290000000000035e-01
9.950000000000000000e+03 4.386439999999999784e-01
9.952727538999999524e+03 4.382240000000000024e-01
9.960000000000000000e+03 4.371360000000000245e-01
9.962730469000000085e+03 4.367249999999999743e-01
9.970000000000000000e+03 4.356970000000000010e-01
9.972733398000000307e+03 4.353079999999999727e-01
9.980000000000000000e+03 4.346760000000000068e-01
9.982736328000000867e+03 4.344350000000000156e-01
9.990000000000000000e+03 4.340649999999999786e-01
9.992739257999999609e+03 4.338210000000000122e-01
1.000000000000000000e+04 4.340169999999999861e-01
1.000274121100000048e+04 4.342570000000000041e-01
1.001000000000000000e+04 4.347940000000000138e-01
1.001274414099999922e+04 4.349950000000000205e-01
1.002000000000000000e+04 4.357289999999999774e-01
1.002274706999999944e+04 4.360060000000000047e-01
1.003000000000000000e+04 4.369049999999999878e-01
1.003275000000000000e+04 4.372449999999999948e-01
1.004000000000000000e+04 4.370560000000000000e-01
1.004275195300000087e+04 4.368790000000000173e-01
1.005000000000000000e+04 4.359029999999999849e-01
1.005275488299999961e+04 4.356329999999999925e-01
1.006000000000000000e+04 4.343099999999999739e-01
1.006275781199999983e+04 4.338040000000000229e-01
1.007000000000000000e+04 4.317239999999999966e-01
1.007275976599999922e+04 4.309279999999999777e-01
1.008000000000000000e+04 4.282580000000000275e-01
1.008276269499999944e+04 4.272360000000000047e-01
1.009000000000000000e+04 4.249279999999999724e-01
1.009276562500000000e+04 4.240430000000000033e-01
1.010000000000000000e+04 4.228839999999999821e-01
1.010276855500000056e+04 4.224379999999999802e-01
1.011000000000000000e+04 4.212699999999999778e-01
1.011277148400000078e+04 4.207199999999999829e-01
1.012000000000000000e+04 4.204800000000000204e-01
1.012277441399999952e+04 4.204860000000000264e-01
1.013000000000000000e+04 4.217310000000000225e-01
1.013277734400000008e+04 4.222090000000000010e-01
1.014000000000000000e+04 4.238629999999999898e-01
1.014277929699999913e+04 4.244990000000000152e-01
1.015000000000000000e+04 4.265970000000000040e-01
1.015278222699999969e+04 4.274049999999999794e-01
1.016000000000000000e+04 4.292639999999999789e-01
1.016278515599999992e+04 4.299799999999999733e-01
1.017000000000000000e+04 4.313580000000000192e-01
1.017278808600000048e+04 4.318890000000000229e-01
1.018000000000000000e+04 4.320629999999999749e-01
1.018279003899999952e+04 4.320249999999999924e-01
1.019000000000000000e+04 4.312409999999999854e-01
1.019279296900000008e+04 4.310390000000000055e-01
1.020000000000000000e+04 4.293130000000000002e-01
1.020279589800000031e+04 4.286490000000000022e-01
1.021000000000000000e+04 4.264530000000000265e-01
1.021279785199999969e+04 4.255979999999999763e-01
1.022000000000000000e+04 4.237380000000000035e-01
1.022280078099999992e+04 4.230119999999999991e-01
1.023000000000000000e+04 4.220050000000000190e-01
1.023280371100000048e+04 4.216110000000000135e-01
1.024000000000000000e+04 4.215990000000000015e-01
1.024280664099999922e+04 4.215929999999999955e-01
1.025000000000000000e+04 4.229580000000000006e-01
1.025280859400000008e+04 4.234910000000000063e-01
1.026000000000000000e+04 4.268270000000000119e-01
1.026281152300000031e+04 4.281309999999999838e-01
1.027000000000000000e+04 4.320579999999999976e-01
1.027281543000000056e+04 4.335970000000000102e-01
1.028000000000000000e+04 4.386030000000000206e-01
1.028281738299999961e+04 4.404600000000000182e-01
1.029000000000000000e+04 4.449199999999999822e-01
1.029282031199999983e+04 4.467789999999999817e-01
1.030000000000000000e+04 4.512039999999999940e-01
1.030282324200000039e+04 4.529460000000000153e-01
1.031000000000000000e+04 4.564750000000000196e-01
1.031282617199999913e+04 4.578650000000000220e-01
1.032000000000000000e+04 4.603909999999999947e-01
1.032282812500000000e+04 4.613869999999999916e-01
1.033000000000000000e+04 4.623849999999999905e-01
1.033283105500000056e+04 4.627780000000000227e-01
1.034000000000000000e+04 4.633920000000000261e-01
1.034283398400000078e+04 4.636339999999999906e-01
1.035000000000000000e+04 4.632359999999999811e-01
1.035283593800000017e+04 4.630770000000000164e-01
1.036000000000000000e+04 4.628499999999999837e-01
1.036283886700000039e+04 4.627580000000000027e-01
1.037000000000000000e+04 4.624219999999999997e-01
1.037284179699999913e+04 4.622870000000000035e-01
1.038000000000000000e+04 4.627850000000000019e-01
1.038284375000000000e+04 4.629820000000000046e-01
1.039000000000000000e+04 4.637220000000000231e-01
1.039284668000000056e+04 4.640159999999999840e-01
1.040000000000000000e+04 4.646500000000000075e-01
1.040284960900000078e+04 4.649059999999999859e-01
1.041000000000000000e+04 4.662850000000000050e-01
1.041285253899999952e+04 4.668350000000000000e-01
1.042000000000000000e+04 4.674789999999999779e-01
1.042285546900000008e+04 4.677359999999999851e-01
1.043000000000000000e+04 4.677470000000000239e-01
1.043285839800000031e+04 4.677509999999999724e-01
1.044000000000000000e+04 4.674440000000000262e-01
1.044286132800000087e+04 4.673209999999999864e-01
1.045000000000000000e+04 4.663789999999999880e-01
1.045286328099999992e+04 4.658849999999999936e-01
1.046000000000000000e+04 4.639869999999999828e-01
1.046286621100000048e+04 4.633380000000000276e-01
1.047000000000000000e+04 4.609820000000000029e-01
1.047286914099999922e+04 4.600330000000000252e-01
1.048000000000000000e+04 4.579880000000000062e-01
1.048287206999999944e+04 4.571620000000000128e-01
1.049000000000000000e+04 4.544420000000000126e-01
1.049287402300000031e+04 4.533429999999999960e-01
1.050000000000000000e+04 4.506510000000000238e-01
1.050287695300000087e+04 4.494569999999999954e-01
1.051000000000000000e+04 4.465720000000000245e-01
1.051287988299999961e+04 4.454040000000000221e-01
1.052000000000000000e+04 4.430799999999999739e-01
1.052288183600000048e+04 4.421379999999999755e-01
1.053000000000000000e+04 4.408329999999999749e-01
1.053288476599999922e+04 4.403039999999999732e-01
1.054000000000000000e+04 4.400879999999999792e-01
1.054288769499999944e+04 4.400000000000000022e-01
1.055000000000000000e+04 4.411570000000000213e-01
1.055289062500000000e+04 4.416260000000000185e-01
1.056000000000000000e+04 4.433099999999999818e-01
1.056289257800000087e+04 4.439949999999999730e-01
1.057000000000000000e+04 4.464170000000000083e-01
1.057289648400000078e+04 4.474040000000000239e-01
1.058000000000000000e+04 4.499319999999999986e-01
1.058289941399999952e+04 4.509630000000000027e-01
1.059000000000000000e+04 4.533499999999999752e-01
1.059290136700000039e+04 4.543249999999999789e-01
1.060000000000000000e+04 4.563949999999999951e-01
1.060290429699999913e+04 4.572320000000000273e-01
1.061000000000000000e+04 4.573789999999999800e-01
1.061290722699999969e+04 4.574380000000000113e-01
1.062000000000000000e+04 4.561419999999999919e-01
1.062291015599999992e+04 4.556100000000000150e-01
1.063000000000000000e+04 4.520620000000000194e-01
1.063291210900000078e+04 4.506049999999999778e-01
1.064000000000000000e+04 4.437860000000000138e-01
1.064291503899999952e+04 4.409810000000000119e-01
1.065000000000000000e+04 4.294499999999999984e-01
1.065291796900000008e+04 4.247000000000000219e-01
1.066000000000000000e+04 4.069090000000000207e-01
1.066291992199999913e+04 3.995730000000000115e-01
1.067000000000000000e+04 3.750319999999999765e-01
1.067292285199999969e+04 3.648980000000000001e-01
1.068000000000000000e+04 3.349790000000000267e-01
1.068292578099999992e+04 3.226879999999999749e-01
1.069000000000000000e+04 2.902299999999999880e-01
1.069292871100000048e+04 2.767080000000000095e-01
1.070000000000000000e+04 2.436979999999999980e-01
1.070293066399999952e+04 2.300139999999999962e-01
1.071000000000000000e+04 1.991100000000000092e-01
1.071293359400000008e+04 1.862820000000000031e-01
1.072000000000000000e+04 1.601930000000000021e-01
1.072293652300000031e+04 1.493490000000000095e-01
1.073000000000000000e+04 1.269500000000000073e-01
1.073293945300000087e+04 1.176259999999999944e-01
1.074000000000000000e+04 9.951229999999999798e-02
1.074294238299999961e+04 9.196189999999999920e-02
1.075000000000000000e+04 7.655289999999999317e-02
1.075294531199999983e+04 7.012079999999999702e-02
1.076000000000000000e+04 5.797789999999999888e-02
1.076294824200000039e+04 5.290210000000000051e-02
1.077000000000000000e+04 4.312139999999999723e-02
1.077295019499999944e+04 3.902850000000000069e-02
1.078000000000000000e+04 3.162100000000000327e-02
1.078295312500000000e+04 2.851729999999999890e-02
1.079000000000000000e+04 2.289659999999999959e-02
1.079295605500000056e+04 2.053829999999999892e-02
1.080000000000000000e+04 1.667590000000000044e-02
1.080295800799999961e+04 1.505380000000000086e-02
1.081000000000000000e+04 1.238850000000000021e-02
1.081296093800000017e+04 1.126749999999999974e-02
1.082000000000000000e+04 9.198649999999999188e-03
1.082296386700000039e+04 8.327259999999999524e-03
1.083000000000000000e+04 6.960039999999999803e-03
1.083296679699999913e+04 6.383370000000000190e-03
1.084000000000000000e+04 5.436990000000000052e-03
1.084296875000000000e+04 5.037400000000000037e-03
1.085000000000000000e+04 4.373710000000000271e-03
1.085297168000000056e+04 4.093130000000000379e-03
1.086000000000000000e+04 3.497389999999999961e-03
1.086297460900000078e+04 3.246010000000000128e-03
1.087000000000000000e+04 2.897789999999999914e-03
1.087297656199999983e+04 2.749380000000000053e-03
1.088000000000000000e+04 2.539280000000000096e-03
1.088298046900000008e+04 2.450089999999999820e-03
1.089000000000000000e+04 2.099839999999999953e-03
1.089298339800000031e+04 1.950930000000000025e-03
1.090000000000000000e+04 1.881159999999999994e-03
1.090298632800000087e+04 1.851460000000000085e-03
1.091000000000000000e+04 1.549910000000000046e-03
1.091298828099999992e+04 1.421380000000000083e-03
1.092000000000000000e+04 1.295319999999999978e-03
1.092299121100000048e+04 1.241520000000000080e-03
1.093000000000000000e+04 1.080659999999999997e-03
1.093299414099999922e+04 1.011919999999999920e-03
1.094000000000000000e+04 8.155340000000000289e-04
1.094299609400000008e+04 7.315190000000000277e-04
1.095000000000000000e+04 6.404100000000000027e-04
1.095299902300000031e+04 6.013839999999999464e-04
1.096000000000000000e+04 5.173050000000000218e-04
1.096300195300000087e+04 4.812409999999999822e-04
1.097000000000000000e+04 3.971700000000000209e-04
1.097300488299999961e+04 3.611520000000000008e-04
1.098000000000000000e+04 2.771890000000000053e-04
1.098300683600000048e+04 2.409909999999999971e-04
1.099000000000000000e+04 1.919240000000000008e-04
1.099300976599999922e+04 1.707880000000000053e-04
1.100000000000000000e+04 1.918959999999999937e-04
1.100301269499999944e+04 2.010020000000000112e-04
1.101000000000000000e+04 1.308050000000000055e-04
1.101301464800000031e+04 1.005089999999999960e-04
1.102000000000000000e+04 9.802499999999999744e-05
1.103000000000000000e+04 9.446680000000000159e-05
