# F1000W
8.749000000000000000e+04 1.199999999999999895e-03
8.755000000000000000e+04 2.000000000000000042e-03
8.760000000000000000e+04 2.899999999999999800e-03
8.766000000000000000e+04 5.599999999999999943e-03
8.772000000000000000e+04 8.200000000000000691e-03
8.778000000000000000e+04 1.089999999999999997e-02
8.784000000000000000e+04 1.269999999999999948e-02
8.789000000000000000e+04 1.389999999999999916e-02
8.795000000000000000e+04 1.510000000000000057e-02
8.801000000000000000e+04 1.559999999999999928e-02
8.807000000000000000e+04 1.299999999999999940e-02
8.813000000000000000e+04 1.039999999999999952e-02
8.818000000000000000e+04 7.799999999999999642e-03
8.824000000000000000e+04 6.199999999999999782e-03
8.830000000000000000e+04 5.000000000000000104e-03
8.836000000000000000e+04 3.799999999999999992e-03
8.842000000000000000e+04 2.899999999999999800e-03
8.847000000000000000e+04 2.899999999999999800e-03
8.853000000000000000e+04 2.899999999999999800e-03
8.859000000000000000e+04 2.899999999999999800e-03
8.865000000000000000e+04 3.299999999999999982e-03
8.871000000000000000e+04 3.799999999999999992e-03
8.876000000000000000e+04 4.300000000000000003e-03
8.882000000000000000e+04 5.199999999999999761e-03
8.888000000000000000e+04 6.499999999999999702e-03
8.894000000000000000e+04 7.799999999999999642e-03
8.900000000000000000e+04 9.199999999999999845e-03
8.905000000000000000e+04 1.190000000000000085e-02
8.911000000000000000e+04 1.469999999999999953e-02
8.917000000000000000e+04 1.739999999999999880e-02
8.923000000000000000e+04 2.110000000000000070e-02
8.929000000000000000e+04 2.580000000000000002e-02
8.934000000000000000e+04 3.049999999999999933e-02
8.940000000000000000e+04 3.520000000000000212e-02
8.946000000000000000e+04 4.159999999999999809e-02
8.952000000000000000e+04 4.809999999999999692e-02
8.958000000000000000e+04 5.449999999999999983e-02
8.963000000000000000e+04 6.230000000000000121e-02
8.969000000000000000e+04 7.109999999999999654e-02
8.975000000000000000e+04 7.989999999999999880e-02
8.981000000000000000e+04 8.939999999999999336e-02
8.987000000000000000e+04 1.029000000000000054e-01
8.992000000000000000e+04 1.163000000000000006e-01
8.998000000000000000e+04 1.297999999999999987e-01
9.004000000000000000e+04 1.481999999999999984e-01
9.010000000000000000e+04 1.686999999999999889e-01
9.016000000000000000e+04 1.892999999999999960e-01
9.021000000000000000e+04 2.109000000000000041e-01
9.027000000000000000e+04 2.356999999999999929e-01
9.033000000000000000e+04 2.605000000000000093e-01
9.039000000000000000e+04 2.852999999999999980e-01
9.045000000000000000e+04 3.035999999999999810e-01
9.050000000000000000e+04 3.201999999999999846e-01
9.056000000000000000e+04 3.368999999999999773e-01
9.062000000000000000e+04 3.482000000000000095e-01
9.068000000000000000e+04 3.493999999999999884e-01
9.074000000000000000e+04 3.506000000000000227e-01
9.079000000000000000e+04 3.518000000000000016e-01
9.085000000000000000e+04 3.469999999999999751e-01
9.091000000000000000e+04 3.413999999999999813e-01
9.097000000000000000e+04 3.357999999999999874e-01
9.103000000000000000e+04 3.311999999999999944e-01
9.108000000000000000e+04 3.276999999999999913e-01
9.114000000000000000e+04 3.241999999999999882e-01
9.120000000000000000e+04 3.207999999999999741e-01
9.126000000000000000e+04 3.222999999999999754e-01
9.132000000000000000e+04 3.239000000000000212e-01
9.137000000000000000e+04 3.255000000000000115e-01
9.143000000000000000e+04 3.291999999999999926e-01
9.149000000000000000e+04 3.346999999999999975e-01
9.155000000000000000e+04 3.401000000000000134e-01
9.161000000000000000e+04 3.457000000000000073e-01
9.166000000000000000e+04 3.518000000000000016e-01
9.172000000000000000e+04 3.579999999999999849e-01
9.178000000000000000e+04 3.640999999999999792e-01
9.184000000000000000e+04 3.693000000000000171e-01
9.190000000000000000e+04 3.739999999999999991e-01
9.195000000000000000e+04 3.786999999999999811e-01
9.201000000000000000e+04 3.830000000000000071e-01
9.207000000000000000e+04 3.855000000000000093e-01
9.213000000000000000e+04 3.880000000000000115e-01
9.219000000000000000e+04 3.905000000000000138e-01
9.224000000000000000e+04 3.916000000000000036e-01
9.230000000000000000e+04 3.921999999999999931e-01
9.236000000000000000e+04 3.927999999999999825e-01
9.242000000000000000e+04 3.930000000000000160e-01
9.248000000000000000e+04 3.926000000000000045e-01
9.253000000000000000e+04 3.921000000000000041e-01
9.259000000000000000e+04 3.916999999999999926e-01
9.265000000000000000e+04 3.907999999999999807e-01
9.271000000000000000e+04 3.897999999999999798e-01
9.277000000000000000e+04 3.889000000000000234e-01
9.282000000000000000e+04 3.877999999999999781e-01
9.288000000000000000e+04 3.866999999999999882e-01
9.294000000000000000e+04 3.855999999999999983e-01
9.300000000000000000e+04 3.845000000000000084e-01
9.306000000000000000e+04 3.835000000000000075e-01
9.311000000000000000e+04 3.825000000000000067e-01
9.317000000000000000e+04 3.815000000000000058e-01
9.323000000000000000e+04 3.806999999999999829e-01
9.329000000000000000e+04 3.800000000000000044e-01
9.335000000000000000e+04 3.793000000000000260e-01
9.340000000000000000e+04 3.785999999999999921e-01
9.346000000000000000e+04 3.784000000000000141e-01
9.352000000000000000e+04 3.781999999999999806e-01
9.358000000000000000e+04 3.779000000000000137e-01
9.364000000000000000e+04 3.780000000000000027e-01
9.369000000000000000e+04 3.783000000000000251e-01
9.375000000000000000e+04 3.785999999999999921e-01
9.381000000000000000e+04 3.790000000000000036e-01
9.387000000000000000e+04 3.798000000000000265e-01
9.393000000000000000e+04 3.805999999999999939e-01
9.398000000000000000e+04 3.814000000000000168e-01
9.404000000000000000e+04 3.822999999999999732e-01
9.410000000000000000e+04 3.832999999999999741e-01
9.416000000000000000e+04 3.842999999999999750e-01
9.422000000000000000e+04 3.852999999999999758e-01
9.427000000000000000e+04 3.861999999999999877e-01
9.433000000000000000e+04 3.870999999999999996e-01
9.439000000000000000e+04 3.880000000000000115e-01
9.445000000000000000e+04 3.886999999999999900e-01
9.451000000000000000e+04 3.894000000000000239e-01
9.456000000000000000e+04 3.900000000000000133e-01
9.462000000000000000e+04 3.906000000000000028e-01
9.468000000000000000e+04 3.910000000000000142e-01
9.474000000000000000e+04 3.915000000000000147e-01
9.480000000000000000e+04 3.919000000000000261e-01
9.485000000000000000e+04 3.922999999999999821e-01
9.491000000000000000e+04 3.926999999999999935e-01
9.497000000000000000e+04 3.930000000000000160e-01
9.503000000000000000e+04 3.934000000000000274e-01
9.509000000000000000e+04 3.937999999999999834e-01
9.514000000000000000e+04 3.941999999999999948e-01
9.520000000000000000e+04 3.946000000000000063e-01
9.526000000000000000e+04 3.951000000000000068e-01
9.532000000000000000e+04 3.955000000000000182e-01
9.538000000000000000e+04 3.960000000000000187e-01
9.543000000000000000e+04 3.963999999999999746e-01
9.549000000000000000e+04 3.967999999999999861e-01
9.555000000000000000e+04 3.971999999999999975e-01
9.561000000000000000e+04 3.976000000000000090e-01
9.567000000000000000e+04 3.977999999999999869e-01
9.572000000000000000e+04 3.980000000000000204e-01
9.578000000000000000e+04 3.981999999999999984e-01
9.584000000000000000e+04 3.981000000000000094e-01
9.590000000000000000e+04 3.978999999999999759e-01
9.596000000000000000e+04 3.976999999999999980e-01
9.601000000000000000e+04 3.973999999999999755e-01
9.607000000000000000e+04 3.967999999999999861e-01
9.613000000000000000e+04 3.962999999999999856e-01
9.619000000000000000e+04 3.956999999999999962e-01
9.625000000000000000e+04 3.951000000000000068e-01
9.630000000000000000e+04 3.943999999999999728e-01
9.636000000000000000e+04 3.936999999999999944e-01
9.642000000000000000e+04 3.931000000000000050e-01
9.648000000000000000e+04 3.925000000000000155e-01
9.654000000000000000e+04 3.920000000000000151e-01
9.659000000000000000e+04 3.914000000000000257e-01
9.665000000000000000e+04 3.911000000000000032e-01
9.671000000000000000e+04 3.907999999999999807e-01
9.677000000000000000e+04 3.905000000000000138e-01
9.683000000000000000e+04 3.902999999999999803e-01
9.688000000000000000e+04 3.902999999999999803e-01
9.694000000000000000e+04 3.904000000000000248e-01
9.700000000000000000e+04 3.904000000000000248e-01
9.706000000000000000e+04 3.906999999999999917e-01
9.712000000000000000e+04 3.910000000000000142e-01
9.717000000000000000e+04 3.912999999999999812e-01
9.723000000000000000e+04 3.916999999999999926e-01
9.729000000000000000e+04 3.921999999999999931e-01
9.735000000000000000e+04 3.926999999999999935e-01
9.741000000000000000e+04 3.931999999999999940e-01
9.746000000000000000e+04 3.936999999999999944e-01
9.752000000000000000e+04 3.941000000000000059e-01
9.758000000000000000e+04 3.946000000000000063e-01
9.764000000000000000e+04 3.948999999999999733e-01
9.770000000000000000e+04 3.951999999999999957e-01
9.775000000000000000e+04 3.955000000000000182e-01
9.781000000000000000e+04 3.956999999999999962e-01
9.787000000000000000e+04 3.957999999999999852e-01
9.793000000000000000e+04 3.958999999999999742e-01
9.799000000000000000e+04 3.958999999999999742e-01
9.804000000000000000e+04 3.958999999999999742e-01
9.810000000000000000e+04 3.957999999999999852e-01
9.816000000000000000e+04 3.956999999999999962e-01
9.822000000000000000e+04 3.956000000000000072e-01
9.828000000000000000e+04 3.952999999999999847e-01
9.833000000000000000e+04 3.950000000000000178e-01
9.839000000000000000e+04 3.947999999999999843e-01
9.845000000000000000e+04 3.945000000000000173e-01
9.851000000000000000e+04 3.941999999999999948e-01
9.857000000000000000e+04 3.938999999999999724e-01
9.862000000000000000e+04 3.936000000000000054e-01
9.868000000000000000e+04 3.934000000000000274e-01
9.874000000000000000e+04 3.931999999999999940e-01
9.880000000000000000e+04 3.931000000000000050e-01
9.886000000000000000e+04 3.930000000000000160e-01
9.891000000000000000e+04 3.930000000000000160e-01
9.897000000000000000e+04 3.929000000000000270e-01
9.903000000000000000e+04 3.929000000000000270e-01
9.909000000000000000e+04 3.927999999999999825e-01
9.915000000000000000e+04 3.926999999999999935e-01
9.920000000000000000e+04 3.926999999999999935e-01
9.926000000000000000e+04 3.925000000000000155e-01
9.932000000000000000e+04 3.924000000000000266e-01
9.938000000000000000e+04 3.921999999999999931e-01
9.944000000000000000e+04 3.920000000000000151e-01
9.949000000000000000e+04 3.916999999999999926e-01
9.955000000000000000e+04 3.914000000000000257e-01
9.961000000000000000e+04 3.911999999999999922e-01
9.967000000000000000e+04 3.909000000000000252e-01
9.973000000000000000e+04 3.905000000000000138e-01
9.978000000000000000e+04 3.901999999999999913e-01
9.984000000000000000e+04 3.899000000000000243e-01
9.990000000000000000e+04 3.896999999999999909e-01
9.996000000000000000e+04 3.895000000000000129e-01
1.000200000000000000e+05 3.892999999999999794e-01
1.000700000000000000e+05 3.895000000000000129e-01
1.001300000000000000e+05 3.896999999999999909e-01
1.001900000000000000e+05 3.897999999999999798e-01
1.002500000000000000e+05 3.901999999999999913e-01
1.003100000000000000e+05 3.905000000000000138e-01
1.003600000000000000e+05 3.909000000000000252e-01
1.004200000000000000e+05 3.914000000000000257e-01
1.004800000000000000e+05 3.920000000000000151e-01
1.005400000000000000e+05 3.926000000000000045e-01
1.006000000000000000e+05 3.931000000000000050e-01
1.006500000000000000e+05 3.938999999999999724e-01
1.007100000000000000e+05 3.946999999999999953e-01
1.007700000000000000e+05 3.955000000000000182e-01
1.008300000000000000e+05 3.963999999999999746e-01
1.008900000000000000e+05 3.972999999999999865e-01
1.009400000000000000e+05 3.981999999999999984e-01
1.010000000000000000e+05 3.991000000000000103e-01
1.010600000000000000e+05 3.998999999999999777e-01
1.011200000000000000e+05 4.007000000000000006e-01
1.011800000000000000e+05 4.016000000000000125e-01
1.012300000000000000e+05 4.022999999999999909e-01
1.012900000000000000e+05 4.028999999999999804e-01
1.013500000000000000e+05 4.035000000000000253e-01
1.014100000000000000e+05 4.040000000000000258e-01
1.014700000000000000e+05 4.042999999999999927e-01
1.015200000000000000e+05 4.047000000000000042e-01
1.015800000000000000e+05 4.050000000000000266e-01
1.016400000000000000e+05 4.052000000000000046e-01
1.017000000000000000e+05 4.052999999999999936e-01
1.017600000000000000e+05 4.053999999999999826e-01
1.018100000000000000e+05 4.053999999999999826e-01
1.018700000000000000e+05 4.052999999999999936e-01
1.019300000000000000e+05 4.052000000000000046e-01
1.019900000000000000e+05 4.051000000000000156e-01
1.020500000000000000e+05 4.048999999999999821e-01
1.021000000000000000e+05 4.047000000000000042e-01
1.021600000000000000e+05 4.045000000000000262e-01
1.022200000000000000e+05 4.042000000000000037e-01
1.022800000000000000e+05 4.040000000000000258e-01
1.023400000000000000e+05 4.037999999999999923e-01
1.023900000000000000e+05 4.036000000000000143e-01
1.024500000000000000e+05 4.035000000000000253e-01
1.025100000000000000e+05 4.033999999999999808e-01
1.025700000000000000e+05 4.032000000000000028e-01
1.026300000000000000e+05 4.032000000000000028e-01
1.026800000000000000e+05 4.032000000000000028e-01
1.027400000000000000e+05 4.032000000000000028e-01
1.028000000000000000e+05 4.032999999999999918e-01
1.028600000000000000e+05 4.035000000000000253e-01
1.029200000000000000e+05 4.036000000000000143e-01
1.029700000000000000e+05 4.037999999999999923e-01
1.030300000000000000e+05 4.040000000000000258e-01
1.030900000000000000e+05 4.042999999999999927e-01
1.031500000000000000e+05 4.046000000000000152e-01
1.032100000000000000e+05 4.048999999999999821e-01
1.032600000000000000e+05 4.052000000000000046e-01
1.033200000000000000e+05 4.056000000000000161e-01
1.033800000000000000e+05 4.058999999999999830e-01
1.034400000000000000e+05 4.062000000000000055e-01
1.035000000000000000e+05 4.064999999999999725e-01
1.035500000000000000e+05 4.067999999999999949e-01
1.036100000000000000e+05 4.071000000000000174e-01
1.036700000000000000e+05 4.073999999999999844e-01
1.037300000000000000e+05 4.077000000000000068e-01
1.037900000000000000e+05 4.079999999999999738e-01
1.038400000000000000e+05 4.082000000000000073e-01
1.039000000000000000e+05 4.084999999999999742e-01
1.039600000000000000e+05 4.087999999999999967e-01
1.040200000000000000e+05 4.091000000000000192e-01
1.040800000000000000e+05 4.092999999999999972e-01
1.041300000000000000e+05 4.096000000000000196e-01
1.041900000000000000e+05 4.098999999999999866e-01
1.042500000000000000e+05 4.101000000000000201e-01
1.043100000000000000e+05 4.103999999999999870e-01
1.043700000000000000e+05 4.107000000000000095e-01
1.044200000000000000e+05 4.109999999999999765e-01
1.044800000000000000e+05 4.113999999999999879e-01
1.045400000000000000e+05 4.117000000000000104e-01
1.046000000000000000e+05 4.121000000000000218e-01
1.046600000000000000e+05 4.124999999999999778e-01
1.047100000000000000e+05 4.128999999999999893e-01
1.047700000000000000e+05 4.133000000000000007e-01
1.048300000000000000e+05 4.136000000000000232e-01
1.048900000000000000e+05 4.139999999999999791e-01
1.049500000000000000e+05 4.143000000000000016e-01
1.050000000000000000e+05 4.146000000000000241e-01
1.050600000000000000e+05 4.143000000000000016e-01
1.051200000000000000e+05 4.139999999999999791e-01
1.051800000000000000e+05 4.138000000000000012e-01
1.052400000000000000e+05 4.133999999999999897e-01
1.052900000000000000e+05 4.128999999999999893e-01
1.053500000000000000e+05 4.123999999999999888e-01
1.054100000000000000e+05 4.118999999999999884e-01
1.054700000000000000e+05 4.112000000000000099e-01
1.055300000000000000e+05 4.104999999999999760e-01
1.055800000000000000e+05 4.097999999999999976e-01
1.056400000000000000e+05 4.089999999999999747e-01
1.057000000000000000e+05 4.081000000000000183e-01
1.057600000000000000e+05 4.072000000000000064e-01
1.058200000000000000e+05 4.063999999999999835e-01
1.058700000000000000e+05 4.053999999999999826e-01
1.059300000000000000e+05 4.045000000000000262e-01
1.059900000000000000e+05 4.035000000000000253e-01
1.060500000000000000e+05 4.026000000000000134e-01
1.061100000000000000e+05 4.017000000000000015e-01
1.061600000000000000e+05 4.007000000000000006e-01
1.062200000000000000e+05 3.998999999999999777e-01
1.062800000000000000e+05 3.991000000000000103e-01
1.063400000000000000e+05 3.982999999999999874e-01
1.064000000000000000e+05 3.975000000000000200e-01
1.064500000000000000e+05 3.968999999999999750e-01
1.065100000000000000e+05 3.962999999999999856e-01
1.065700000000000000e+05 3.956999999999999962e-01
1.066300000000000000e+05 3.951999999999999957e-01
1.066900000000000000e+05 3.948999999999999733e-01
1.067400000000000000e+05 3.945000000000000173e-01
1.068000000000000000e+05 3.941999999999999948e-01
1.068600000000000000e+05 3.940000000000000169e-01
1.069200000000000000e+05 3.937999999999999834e-01
1.069800000000000000e+05 3.936999999999999944e-01
1.070300000000000000e+05 3.935000000000000164e-01
1.070900000000000000e+05 3.934000000000000274e-01
1.071500000000000000e+05 3.932999999999999829e-01
1.072100000000000000e+05 3.931999999999999940e-01
1.072700000000000000e+05 3.930000000000000160e-01
1.073200000000000000e+05 3.926999999999999935e-01
1.073800000000000000e+05 3.924000000000000266e-01
1.074400000000000000e+05 3.919000000000000261e-01
1.075000000000000000e+05 3.911999999999999922e-01
1.075600000000000000e+05 3.905000000000000138e-01
1.076100000000000000e+05 3.896000000000000019e-01
1.076700000000000000e+05 3.881999999999999895e-01
1.077300000000000000e+05 3.867999999999999772e-01
1.077900000000000000e+05 3.852999999999999758e-01
1.078500000000000000e+05 3.829000000000000181e-01
1.079000000000000000e+05 3.803000000000000269e-01
1.079600000000000000e+05 3.776999999999999802e-01
1.080200000000000000e+05 3.741999999999999771e-01
1.080800000000000000e+05 3.693000000000000171e-01
1.081400000000000000e+05 3.643000000000000127e-01
1.081900000000000000e+05 3.593999999999999972e-01
1.082500000000000000e+05 3.516000000000000236e-01
1.083100000000000000e+05 3.435000000000000275e-01
1.083700000000000000e+05 3.353999999999999759e-01
1.084300000000000000e+05 3.256999999999999895e-01
1.084800000000000000e+05 3.141999999999999793e-01
1.085400000000000000e+05 3.028000000000000136e-01
1.086000000000000000e+05 2.913000000000000034e-01
1.086600000000000000e+05 2.771000000000000130e-01
1.087200000000000000e+05 2.629000000000000226e-01
1.087700000000000000e+05 2.487999999999999934e-01
1.088300000000000000e+05 2.338999999999999968e-01
1.088900000000000000e+05 2.184000000000000108e-01
1.089500000000000000e+05 2.028999999999999970e-01
1.090100000000000000e+05 1.875000000000000000e-01
1.090600000000000000e+05 1.724999999999999867e-01
1.091200000000000000e+05 1.575000000000000011e-01
1.091800000000000000e+05 1.426000000000000045e-01
1.092400000000000000e+05 1.292000000000000093e-01
1.093000000000000000e+05 1.165999999999999953e-01
1.093500000000000000e+05 1.040999999999999981e-01
1.094100000000000000e+05 9.229999999999999316e-02
1.094700000000000000e+05 8.340000000000000191e-02
1.095300000000000000e+05 7.439999999999999392e-02
1.095900000000000000e+05 6.550000000000000266e-02
1.096400000000000000e+05 5.859999999999999931e-02
1.097000000000000000e+05 5.240000000000000213e-02
1.097600000000000000e+05 4.610000000000000209e-02
1.098200000000000000e+05 4.050000000000000128e-02
1.098800000000000000e+05 3.629999999999999893e-02
1.099300000000000000e+05 3.209999999999999659e-02
1.099900000000000000e+05 2.779999999999999832e-02
1.100500000000000000e+05 2.489999999999999852e-02
1.101100000000000000e+05 2.220000000000000098e-02
1.101700000000000000e+05 1.940000000000000058e-02
1.102200000000000000e+05 1.710000000000000062e-02
1.102800000000000000e+05 1.540000000000000049e-02
1.103400000000000000e+05 1.359999999999999924e-02
1.104000000000000000e+05 1.190000000000000085e-02
1.104600000000000000e+05 1.080000000000000057e-02
1.105100000000000000e+05 9.700000000000000289e-03
1.105700000000000000e+05 8.699999999999999400e-03
1.106300000000000000e+05 7.799999999999999642e-03
1.106900000000000000e+05 7.100000000000000408e-03
1.107500000000000000e+05 6.499999999999999702e-03
1.108000000000000000e+05 5.799999999999999600e-03
1.108600000000000000e+05 5.300000000000000024e-03
1.109200000000000000e+05 4.899999999999999842e-03
1.109800000000000000e+05 4.400000000000000265e-03
1.110400000000000000e+05 4.000000000000000083e-03
1.110900000000000000e+05 3.700000000000000164e-03
1.111500000000000000e+05 3.299999999999999982e-03
1.112100000000000000e+05 3.000000000000000062e-03
1.112700000000000000e+05 2.799999999999999972e-03
1.113300000000000000e+05 2.599999999999999881e-03
1.113800000000000000e+05 2.299999999999999961e-03
1.114400000000000000e+05 2.099999999999999870e-03
1.115000000000000000e+05 2.000000000000000042e-03
1.115600000000000000e+05 1.799999999999999951e-03
1.116200000000000000e+05 1.699999999999999905e-03
1.116700000000000000e+05 1.600000000000000077e-03
1.117300000000000000e+05 1.500000000000000031e-03
1.117900000000000000e+05 1.299999999999999940e-03
1.118500000000000000e+05 1.299999999999999940e-03
1.119100000000000000e+05 1.199999999999999895e-03
1.119600000000000000e+05 1.100000000000000066e-03
1.120200000000000000e+05 1.000000000000000021e-03
1.120800000000000000e+05 8.999999999999999754e-04
1.121400000000000000e+05 8.999999999999999754e-04
1.122000000000000000e+05 8.000000000000000383e-04
1.122500000000000000e+05 8.000000000000000383e-04
1.123100000000000000e+05 6.999999999999999929e-04
1.123700000000000000e+05 6.999999999999999929e-04
1.124300000000000000e+05 5.999999999999999474e-04
1.124900000000000000e+05 5.999999999999999474e-04
1.125400000000000000e+05 5.000000000000000104e-04
1.126000000000000000e+05 5.000000000000000104e-04
1.126600000000000000e+05 5.000000000000000104e-04
1.127200000000000000e+05 5.000000000000000104e-04
1.127800000000000000e+05 4.000000000000000192e-04
1.128300000000000000e+05 4.000000000000000192e-04
1.128900000000000000e+05 4.000000000000000192e-04
1.129500000000000000e+05 4.000000000000000192e-04
1.130100000000000000e+05 4.000000000000000192e-04
1.130700000000000000e+05 4.000000000000000192e-04
1.131200000000000000e+05 2.999999999999999737e-04
1.131800000000000000e+05 2.999999999999999737e-04
1.132400000000000000e+05 2.999999999999999737e-04
1.133000000000000000e+05 2.999999999999999737e-04
1.133600000000000000e+05 2.999999999999999737e-04
1.134100000000000000e+05 2.000000000000000096e-04
1.134700000000000000e+05 2.000000000000000096e-04
1.135300000000000000e+05 2.000000000000000096e-04
1.135900000000000000e+05 2.000000000000000096e-04
1.136500000000000000e+05 2.000000000000000096e-04
1.137000000000000000e+05 2.000000000000000096e-04
1.137600000000000000e+05 2.000000000000000096e-04
1.138200000000000000e+05 2.000000000000000096e-04
1.138800000000000000e+05 2.000000000000000096e-04
1.139400000000000000e+05 2.000000000000000096e-04
1.139900000000000000e+05 2.000000000000000096e-04
1.140500000000000000e+05 2.000000000000000096e-04
1.141100000000000000e+05 2.000000000000000096e-04
1.141700000000000000e+05 2.000000000000000096e-04
1.142300000000000000e+05 2.000000000000000096e-04
1.142800000000000000e+05 2.000000000000000096e-04
1.143400000000000000e+05 2.000000000000000096e-04
1.144000000000000000e+05 2.000000000000000096e-04
1.144600000000000000e+05 2.000000000000000096e-04
1.145200000000000000e+05 2.000000000000000096e-04
1.145700000000000000e+05 2.000000000000000096e-04
1.146300000000000000e+05 2.000000000000000096e-04
1.146900000000000000e+05 1.000000000000000048e-04
1.147500000000000000e+05 1.000000000000000048e-04
1.148100000000000000e+05 1.000000000000000048e-04
1.148600000000000000e+05 1.000000000000000048e-04
1.149200000000000000e+05 1.000000000000000048e-04
1.149800000000000000e+05 1.000000000000000048e-04
1.150400000000000000e+05 1.000000000000000048e-04
1.151000000000000000e+05 1.000000000000000048e-04
1.151500000000000000e+05 1.000000000000000048e-04
