# F105W
8.660000000000000000e+03 1.102699999999999996e-04
8.670000000000000000e+03 1.172719999999999980e-04
8.680000000000000000e+03 1.242969999999999926e-04
8.690000000000000000e+03 1.313429999999999925e-04
8.700000000000000000e+03 1.384109999999999865e-04
8.710000000000000000e+03 1.455010000000000016e-04
8.720000000000000000e+03 1.526139999999999994e-04
8.730000000000000000e+03 1.605009999999999868e-04
8.740000000000000000e+03 1.684789999999999975e-04
8.750000000000000000e+03 1.765500000000000088e-04
8.760000000000000000e+03 1.847130000000000050e-04
8.770000000000000000e+03 1.929690000000000019e-04
8.780000000000000000e+03 2.013179999999999993e-04
8.790000000000000000e+03 2.097620000000000018e-04
8.800000000000000000e+03 2.183010000000000094e-04
8.810000000000000000e+03 2.266190000000000066e-04
8.820000000000000000e+03 2.350089999999999991e-04
8.830000000000000000e+03 2.434729999999999913e-04
8.840000000000000000e+03 2.524340000000000026e-04
8.842427734000000783e+03 2.546250000000000228e-04
8.850000000000000000e+03 3.292009999999999945e-04
8.860000000000000000e+03 4.287909999999999812e-04
8.862432617000000391e+03 4.532089999999999903e-04
8.870000000000000000e+03 5.475680000000000131e-04
8.880000000000000000e+03 6.736440000000000440e-04
8.882438476999999693e+03 7.046280000000000035e-04
8.890000000000000000e+03 8.765309999999999465e-04
8.900000000000000000e+03 1.106390000000000064e-03
8.902443359000000783e+03 1.161869999999999960e-03
8.910000000000000000e+03 1.543010000000000041e-03
8.920000000000000000e+03 2.049529999999999928e-03
8.922449219000000085e+03 2.174390000000000003e-03
8.930000000000000000e+03 2.972590000000000215e-03
8.940000000000000000e+03 4.032349999999999650e-03
8.942454101999999693e+03 4.293199999999999621e-03
8.950000000000000000e+03 5.753389999999999720e-03
8.960000000000000000e+03 7.702989999999999837e-03
8.962459961000000476e+03 8.182840000000000252e-03
8.970000000000000000e+03 1.133359999999999923e-02
8.980000000000000000e+03 1.554290000000000012e-02
8.982464844000000085e+03 1.658120000000000080e-02
8.990000000000000000e+03 2.326989999999999961e-02
9.000000000000000000e+03 3.218410000000000021e-02
9.002470703000000867e+03 3.438039999999999846e-02
9.010000000000000000e+03 4.796919999999999656e-02
9.020000000000000000e+03 6.599259999999999848e-02
9.022476561999999831e+03 7.047150000000000636e-02
9.030000000000000000e+03 9.377330000000000387e-02
9.040000000000000000e+03 1.248009999999999953e-01
9.042481444999999439e+03 1.325099999999999889e-01
9.050000000000000000e+03 1.639150000000000051e-01
9.060000000000000000e+03 2.059300000000000019e-01
9.062487305000000561e+03 2.163609999999999978e-01
9.070000000000000000e+03 2.470279999999999976e-01
9.080000000000000000e+03 2.881639999999999757e-01
9.082492188000000169e+03 2.983790000000000053e-01
9.090000000000000000e+03 3.195009999999999795e-01
9.100000000000000000e+03 3.476899999999999991e-01
9.102498046999999133e+03 3.548160000000000203e-01
9.110000000000000000e+03 3.660390000000000033e-01
9.120000000000000000e+03 3.807349999999999901e-01
9.122502930000000561e+03 3.845000000000000084e-01
9.130000000000000000e+03 3.900640000000000218e-01
9.140000000000000000e+03 3.971830000000000083e-01
9.142508788999999524e+03 3.990560000000000218e-01
9.150000000000000000e+03 4.013320000000000221e-01
9.160000000000000000e+03 4.040449999999999875e-01
9.162513671999999133e+03 4.048129999999999784e-01
9.170000000000000000e+03 4.045579999999999732e-01
9.180000000000000000e+03 4.038789999999999880e-01
9.182519530999999915e+03 4.037939999999999863e-01
9.190000000000000000e+03 4.021190000000000042e-01
9.200000000000000000e+03 3.995409999999999795e-01
9.202524413999999524e+03 3.989059999999999828e-01
9.210000000000000000e+03 3.970690000000000053e-01
9.220000000000000000e+03 3.942789999999999906e-01
9.222530273000000307e+03 3.936569999999999792e-01
9.230000000000000000e+03 3.934460000000000179e-01
9.240000000000000000e+03 3.931790000000000007e-01
9.242535155999999915e+03 3.931959999999999900e-01
9.250000000000000000e+03 3.952890000000000015e-01
9.260000000000000000e+03 3.977700000000000125e-01
9.262541015999999217e+03 3.984869999999999801e-01
9.270000000000000000e+03 4.011669999999999958e-01
9.280000000000000000e+03 4.044340000000000157e-01
9.282546875000000000e+03 4.053550000000000209e-01
9.290000000000000000e+03 4.070489999999999942e-01
9.300000000000000000e+03 4.089869999999999894e-01
9.302551757999999609e+03 4.095699999999999896e-01
9.310000000000000000e+03 4.097549999999999804e-01
9.320000000000000000e+03 4.096600000000000241e-01
9.322557617000000391e+03 4.097239999999999771e-01
9.330000000000000000e+03 4.090739999999999932e-01
9.340000000000000000e+03 4.078530000000000211e-01
9.342562500000000000e+03 4.076279999999999903e-01
9.350000000000000000e+03 4.073729999999999851e-01
9.360000000000000000e+03 4.066850000000000187e-01
9.362568359000000783e+03 4.065960000000000130e-01
9.370000000000000000e+03 4.078860000000000263e-01
9.380000000000000000e+03 4.092810000000000059e-01
9.382573242000000391e+03 4.097290000000000099e-01
9.390000000000000000e+03 4.121090000000000031e-01
9.400000000000000000e+03 4.153249999999999997e-01
9.402579101999999693e+03 4.159640000000000004e-01
9.410000000000000000e+03 4.182119999999999727e-01
9.420000000000000000e+03 4.215969999999999995e-01
9.422583984000000783e+03 4.223810000000000064e-01
9.430000000000000000e+03 4.233009999999999828e-01
9.440000000000000000e+03 4.251360000000000139e-01
9.442589844000000085e+03 4.255189999999999806e-01
9.450000000000000000e+03 4.250860000000000194e-01
9.460000000000000000e+03 4.248580000000000134e-01
9.462594726999999693e+03 4.247980000000000089e-01
9.470000000000000000e+03 4.233370000000000188e-01
9.480000000000000000e+03 4.209990000000000121e-01
9.482600586000000476e+03 4.204829999999999957e-01
9.490000000000000000e+03 4.194669999999999788e-01
9.500000000000000000e+03 4.180869999999999864e-01
9.502606444999999439e+03 4.176170000000000160e-01
9.510000000000000000e+03 4.173299999999999788e-01
9.520000000000000000e+03 4.172910000000000230e-01
9.522611328000000867e+03 4.171880000000000033e-01
9.530000000000000000e+03 4.181590000000000029e-01
9.540000000000000000e+03 4.198290000000000077e-01
9.542617188000000169e+03 4.202659999999999729e-01
9.550000000000000000e+03 4.216650000000000120e-01
9.560000000000000000e+03 4.232020000000000226e-01
9.562622069999999439e+03 4.236989999999999923e-01
9.570000000000000000e+03 4.245720000000000049e-01
9.580000000000000000e+03 4.257540000000000213e-01
9.582627930000000561e+03 4.259700000000000153e-01
9.590000000000000000e+03 4.251380000000000159e-01
9.600000000000000000e+03 4.243649999999999922e-01
9.602632811999999831e+03 4.241190000000000238e-01
9.610000000000000000e+03 4.226530000000000009e-01
9.620000000000000000e+03 4.202969999999999762e-01
9.622638671999999133e+03 4.197679999999999745e-01
9.630000000000000000e+03 4.184229999999999894e-01
9.640000000000000000e+03 4.167540000000000133e-01
9.642643555000000561e+03 4.162170000000000036e-01
9.650000000000000000e+03 4.159820000000000184e-01
9.660000000000000000e+03 4.160119999999999929e-01
9.662649413999999524e+03 4.160190000000000277e-01
9.670000000000000000e+03 4.174660000000000037e-01
9.680000000000000000e+03 4.190780000000000061e-01
9.682655273000000307e+03 4.195999999999999730e-01
9.690000000000000000e+03 4.220769999999999800e-01
9.700000000000000000e+03 4.254539999999999988e-01
9.702660155999999915e+03 4.262560000000000238e-01
9.710000000000000000e+03 4.282210000000000183e-01
9.720000000000000000e+03 4.312619999999999787e-01
9.722666015999999217e+03 4.320729999999999849e-01
9.730000000000000000e+03 4.335040000000000004e-01
9.740000000000000000e+03 4.350840000000000263e-01
9.742670898000000307e+03 4.356039999999999912e-01
9.750000000000000000e+03 4.360109999999999819e-01
9.760000000000000000e+03 4.365609999999999769e-01
9.762676757999999609e+03 4.367070000000000118e-01
9.770000000000000000e+03 4.371229999999999838e-01
9.780000000000000000e+03 4.373130000000000073e-01
9.782681640999999217e+03 4.374620000000000175e-01
9.790000000000000000e+03 4.381720000000000059e-01
9.800000000000000000e+03 4.391379999999999728e-01
9.802687500000000000e+03 4.393340000000000023e-01
9.810000000000000000e+03 4.409959999999999991e-01
9.820000000000000000e+03 4.428869999999999751e-01
9.822692382999999609e+03 4.434960000000000013e-01
9.830000000000000000e+03 4.457729999999999748e-01
9.840000000000000000e+03 4.491169999999999884e-01
9.842698242000000391e+03 4.500190000000000023e-01
9.850000000000000000e+03 4.522090000000000276e-01
9.860000000000000000e+03 4.548189999999999733e-01
9.862703125000000000e+03 4.556279999999999775e-01
9.870000000000000000e+03 4.564980000000000149e-01
9.880000000000000000e+03 4.576850000000000085e-01
9.882708984000000783e+03 4.580049999999999955e-01
9.890000000000000000e+03 4.572100000000000053e-01
9.900000000000000000e+03 4.557189999999999852e-01
9.902714844000000085e+03 4.554179999999999895e-01
9.910000000000000000e+03 4.534909999999999775e-01
9.920000000000000000e+03 4.508320000000000105e-01
9.922719726999999693e+03 4.501049999999999773e-01
9.930000000000000000e+03 4.484279999999999933e-01
9.940000000000000000e+03 4.461109999999999798e-01
9.942725586000000476e+03 4.453730000000000189e-01
9.950000000000000000e+03 4.440790000000000015e-01
9.960000000000000000e+03 4.426680000000000059e-01
9.962730469000000085e+03 4.422800000000000065e-01
9.970000000000000000e+03 4.425529999999999742e-01
9.980000000000000000e+03 4.429199999999999804e-01
9.982736328000000867e+03 4.430180000000000229e-01
9.990000000000000000e+03 4.438230000000000230e-01
1.000000000000000000e+04 4.445410000000000195e-01
1.000274121100000048e+04 4.449089999999999989e-01
1.001000000000000000e+04 4.462409999999999988e-01
1.002000000000000000e+04 4.480720000000000258e-01
1.002274706999999944e+04 4.485739999999999728e-01
1.003000000000000000e+04 4.490129999999999955e-01
1.004000000000000000e+04 4.496120000000000116e-01
1.004275195300000087e+04 4.496689999999999854e-01
1.005000000000000000e+04 4.486049999999999760e-01
1.006000000000000000e+04 4.475109999999999921e-01
1.006275781199999983e+04 4.472070000000000212e-01
1.007000000000000000e+04 4.455839999999999801e-01
1.008000000000000000e+04 4.433289999999999731e-01
1.008276269499999944e+04 4.427030000000000132e-01
1.009000000000000000e+04 4.414029999999999898e-01
1.010000000000000000e+04 4.395939999999999848e-01
1.010276855500000056e+04 4.390910000000000091e-01
1.011000000000000000e+04 4.379449999999999732e-01
1.012000000000000000e+04 4.359759999999999747e-01
1.012277441399999952e+04 4.355310000000000015e-01
1.013000000000000000e+04 4.357469999999999954e-01
1.014000000000000000e+04 4.360410000000000119e-01
1.014277929699999913e+04 4.361209999999999809e-01
1.015000000000000000e+04 4.372770000000000268e-01
1.016000000000000000e+04 4.388770000000000171e-01
1.016278515599999992e+04 4.393210000000000170e-01
1.017000000000000000e+04 4.408020000000000271e-01
1.018000000000000000e+04 4.428520000000000234e-01
1.018279003899999952e+04 4.433170000000000166e-01
1.019000000000000000e+04 4.442079999999999917e-01
1.020000000000000000e+04 4.458219999999999961e-01
1.020279589800000031e+04 4.462800000000000100e-01
1.021000000000000000e+04 4.470819999999999794e-01
1.022000000000000000e+04 4.481910000000000061e-01
1.022280078099999992e+04 4.485009999999999830e-01
1.023000000000000000e+04 4.487059999999999937e-01
1.024000000000000000e+04 4.489870000000000250e-01
1.024280664099999922e+04 4.490640000000000187e-01
1.025000000000000000e+04 4.494360000000000022e-01
1.026000000000000000e+04 4.499489999999999879e-01
1.026281152300000031e+04 4.500910000000000188e-01
1.027000000000000000e+04 4.509969999999999812e-01
1.028000000000000000e+04 4.522550000000000181e-01
1.028281738299999961e+04 4.524989999999999846e-01
1.029000000000000000e+04 4.541330000000000089e-01
1.030000000000000000e+04 4.567979999999999818e-01
1.030282324200000039e+04 4.575500000000000123e-01
1.031000000000000000e+04 4.602870000000000017e-01
1.032000000000000000e+04 4.641020000000000145e-01
1.032282812500000000e+04 4.651810000000000112e-01
1.033000000000000000e+04 4.682540000000000036e-01
1.034000000000000000e+04 4.725429999999999908e-01
1.034283398400000078e+04 4.737589999999999857e-01
1.035000000000000000e+04 4.760139999999999927e-01
1.036000000000000000e+04 4.791610000000000036e-01
1.036283886700000039e+04 4.800550000000000095e-01
1.037000000000000000e+04 4.815030000000000143e-01
1.038000000000000000e+04 4.835240000000000093e-01
1.038284375000000000e+04 4.840990000000000015e-01
1.039000000000000000e+04 4.843140000000000223e-01
1.040000000000000000e+04 4.846110000000000140e-01
1.040284960900000078e+04 4.847000000000000197e-01
1.041000000000000000e+04 4.837409999999999766e-01
1.042000000000000000e+04 4.823939999999999895e-01
1.042285546900000008e+04 4.820070000000000188e-01
1.043000000000000000e+04 4.811619999999999786e-01
1.044000000000000000e+04 4.799740000000000117e-01
1.044286132800000087e+04 4.796329999999999760e-01
1.045000000000000000e+04 4.789919999999999733e-01
1.046000000000000000e+04 4.776770000000000183e-01
1.046286621100000048e+04 4.774169999999999803e-01
1.047000000000000000e+04 4.777250000000000107e-01
1.048000000000000000e+04 4.781540000000000235e-01
1.048287206999999944e+04 4.782770000000000077e-01
1.049000000000000000e+04 4.792020000000000168e-01
1.050000000000000000e+04 4.804990000000000094e-01
1.050287695300000087e+04 4.807600000000000207e-01
1.051000000000000000e+04 4.815309999999999868e-01
1.052000000000000000e+04 4.826119999999999854e-01
1.052288183600000048e+04 4.829229999999999912e-01
1.053000000000000000e+04 4.835329999999999906e-01
1.054000000000000000e+04 4.843870000000000120e-01
1.054288769499999944e+04 4.846340000000000092e-01
1.055000000000000000e+04 4.846380000000000132e-01
1.056000000000000000e+04 4.846420000000000172e-01
1.056289257800000087e+04 4.846429999999999905e-01
1.057000000000000000e+04 4.840070000000000205e-01
1.058000000000000000e+04 4.831090000000000106e-01
1.058289941399999952e+04 4.828489999999999727e-01
1.059000000000000000e+04 4.821570000000000022e-01
1.060000000000000000e+04 4.811819999999999986e-01
1.060290429699999913e+04 4.808879999999999821e-01
1.061000000000000000e+04 4.801880000000000037e-01
1.062000000000000000e+04 4.792000000000000148e-01
1.062291015599999992e+04 4.789129999999999776e-01
1.063000000000000000e+04 4.785659999999999914e-01
1.064000000000000000e+04 4.780769999999999742e-01
1.064291503899999952e+04 4.779340000000000255e-01
1.065000000000000000e+04 4.779760000000000120e-01
1.066000000000000000e+04 4.780360000000000165e-01
1.066291992199999913e+04 4.780530000000000057e-01
1.067000000000000000e+04 4.785739999999999994e-01
1.068000000000000000e+04 4.793100000000000138e-01
1.068292578099999992e+04 4.796460000000000168e-01
1.069000000000000000e+04 4.800329999999999875e-01
1.070000000000000000e+04 4.801690000000000125e-01
1.070293066399999952e+04 4.802089999999999970e-01
1.071000000000000000e+04 4.802520000000000122e-01
1.072000000000000000e+04 4.803140000000000187e-01
1.072293652300000031e+04 4.803319999999999812e-01
1.073000000000000000e+04 4.799149999999999805e-01
1.074000000000000000e+04 4.793259999999999743e-01
1.074294238299999961e+04 4.791529999999999956e-01
1.075000000000000000e+04 4.787719999999999754e-01
1.076000000000000000e+04 4.782339999999999924e-01
1.076294824200000039e+04 4.780760000000000010e-01
1.077000000000000000e+04 4.781050000000000022e-01
1.078000000000000000e+04 4.781460000000000155e-01
1.078295312500000000e+04 4.781580000000000275e-01
1.079000000000000000e+04 4.782239999999999824e-01
1.080000000000000000e+04 4.783180000000000209e-01
1.080295800799999961e+04 4.783529999999999727e-01
1.081000000000000000e+04 4.791440000000000143e-01
1.082000000000000000e+04 4.802699999999999747e-01
1.082296386700000039e+04 4.806039999999999757e-01
1.083000000000000000e+04 4.817870000000000208e-01
1.084000000000000000e+04 4.834709999999999841e-01
1.084296875000000000e+04 4.839720000000000133e-01
1.085000000000000000e+04 4.854939999999999811e-01
1.086000000000000000e+04 4.876630000000000131e-01
1.086297460900000078e+04 4.884339999999999793e-01
1.087000000000000000e+04 4.899029999999999774e-01
1.088000000000000000e+04 4.915769999999999862e-01
1.088298046900000008e+04 4.920769999999999866e-01
1.089000000000000000e+04 4.927940000000000098e-01
1.090000000000000000e+04 4.938199999999999812e-01
1.090298632800000087e+04 4.941269999999999829e-01
1.091000000000000000e+04 4.943710000000000049e-01
1.092000000000000000e+04 4.947219999999999951e-01
1.092299121100000048e+04 4.948279999999999901e-01
1.093000000000000000e+04 4.947579999999999756e-01
1.094000000000000000e+04 4.946610000000000174e-01
1.094299609400000008e+04 4.946329999999999893e-01
1.095000000000000000e+04 4.944439999999999946e-01
1.096000000000000000e+04 4.941760000000000042e-01
1.096300195300000087e+04 4.940970000000000084e-01
1.097000000000000000e+04 4.936820000000000097e-01
1.098000000000000000e+04 4.935160000000000102e-01
1.098300683600000048e+04 4.933400000000000007e-01
1.099000000000000000e+04 4.932670000000000110e-01
1.100000000000000000e+04 4.930640000000000023e-01
1.100301269499999944e+04 4.930209999999999870e-01
1.101000000000000000e+04 4.929390000000000160e-01
1.102000000000000000e+04 4.928219999999999823e-01
1.102301757800000087e+04 4.927869999999999751e-01
1.103000000000000000e+04 4.924569999999999781e-01
1.104000000000000000e+04 4.919839999999999769e-01
1.104302441399999952e+04 4.918409999999999727e-01
1.105000000000000000e+04 4.911929999999999907e-01
1.106000000000000000e+04 4.902619999999999756e-01
1.106302929699999913e+04 4.901079999999999881e-01
1.107000000000000000e+04 4.893970000000000264e-01
1.108000000000000000e+04 4.879560000000000008e-01
1.108303418000000056e+04 4.875180000000000069e-01
1.109000000000000000e+04 4.861949999999999883e-01
1.110000000000000000e+04 4.842940000000000023e-01
1.110304003899999952e+04 4.837159999999999793e-01
1.111000000000000000e+04 4.824979999999999825e-01
1.112000000000000000e+04 4.807469999999999799e-01
1.112304492199999913e+04 4.802139999999999742e-01
1.113000000000000000e+04 4.790659999999999918e-01
1.114000000000000000e+04 4.774140000000000050e-01
1.114305078099999992e+04 4.770349999999999868e-01
1.115000000000000000e+04 4.764180000000000081e-01
1.116000000000000000e+04 4.751199999999999868e-01
1.116305566399999952e+04 4.747230000000000061e-01
1.117000000000000000e+04 4.742290000000000116e-01
1.118000000000000000e+04 4.735159999999999925e-01
1.118306054699999913e+04 4.732979999999999965e-01
1.119000000000000000e+04 4.731750000000000123e-01
1.120000000000000000e+04 4.729979999999999740e-01
1.120306738299999961e+04 4.730759999999999965e-01
1.121000000000000000e+04 4.736580000000000235e-01
1.122000000000000000e+04 4.740940000000000154e-01
1.122307226599999922e+04 4.742279999999999829e-01
1.123000000000000000e+04 4.749550000000000161e-01
1.124000000000000000e+04 4.760059999999999847e-01
1.124307812500000000e+04 4.763290000000000024e-01
1.125000000000000000e+04 4.772350000000000203e-01
1.126000000000000000e+04 4.785429999999999962e-01
1.126308300799999961e+04 4.789470000000000116e-01
1.127000000000000000e+04 4.797279999999999878e-01
1.128000000000000000e+04 4.812699999999999756e-01
1.128308886700000039e+04 4.816199999999999926e-01
1.129000000000000000e+04 4.827040000000000219e-01
1.130000000000000000e+04 4.842739999999999823e-01
1.130309375000000000e+04 4.847600000000000242e-01
1.131000000000000000e+04 4.855970000000000009e-01
1.132000000000000000e+04 4.868089999999999917e-01
1.132309863299999961e+04 4.871849999999999792e-01
1.133000000000000000e+04 4.875249999999999861e-01
1.134000000000000000e+04 4.884359999999999813e-01
1.134310546900000008e+04 4.885889999999999955e-01
1.135000000000000000e+04 4.890900000000000247e-01
1.136000000000000000e+04 4.898159999999999736e-01
1.136311035199999969e+04 4.900419999999999776e-01
1.137000000000000000e+04 4.906139999999999946e-01
1.138000000000000000e+04 4.914439999999999920e-01
1.138311621100000048e+04 4.918339999999999934e-01
1.139000000000000000e+04 4.925889999999999991e-01
1.140000000000000000e+04 4.932670000000000110e-01
1.140312109400000008e+04 4.934890000000000110e-01
1.141000000000000000e+04 4.938560000000000172e-01
1.142000000000000000e+04 4.943890000000000229e-01
1.142312695300000087e+04 4.945550000000000224e-01
1.143000000000000000e+04 4.951169999999999738e-01
1.144000000000000000e+04 4.959359999999999880e-01
1.144313183600000048e+04 4.963250000000000162e-01
1.145000000000000000e+04 4.972860000000000058e-01
1.146000000000000000e+04 4.982619999999999827e-01
1.146313671900000008e+04 4.985680000000000112e-01
1.147000000000000000e+04 4.991129999999999733e-01
1.148000000000000000e+04 4.999089999999999923e-01
1.148314257800000087e+04 5.001590000000000202e-01
1.149000000000000000e+04 5.004380000000000495e-01
1.150000000000000000e+04 5.012729999999999686e-01
1.150314843800000017e+04 5.013929999999999776e-01
1.151000000000000000e+04 5.009770000000000056e-01
1.152000000000000000e+04 5.003699999999999815e-01
1.152315429699999913e+04 5.001790000000000402e-01
1.153000000000000000e+04 4.992820000000000036e-01
1.154000000000000000e+04 4.979709999999999970e-01
1.154315918000000056e+04 4.976900000000000213e-01
1.155000000000000000e+04 4.967429999999999901e-01
1.156000000000000000e+04 4.949330000000000118e-01
1.156316503899999952e+04 4.943600000000000216e-01
1.157000000000000000e+04 4.931929999999999925e-01
1.158000000000000000e+04 4.914839999999999764e-01
1.158316992199999913e+04 4.909419999999999895e-01
1.159000000000000000e+04 4.900240000000000151e-01
1.160000000000000000e+04 4.890939999999999732e-01
1.160317480500000056e+04 4.886670000000000180e-01
1.161000000000000000e+04 4.884439999999999893e-01
1.162000000000000000e+04 4.881179999999999963e-01
1.162318066399999952e+04 4.880140000000000033e-01
1.163000000000000000e+04 4.886300000000000088e-01
1.164000000000000000e+04 4.899499999999999966e-01
1.164318554699999913e+04 4.902380000000000071e-01
1.165000000000000000e+04 4.911229999999999762e-01
1.166000000000000000e+04 4.924220000000000264e-01
1.166319238299999961e+04 4.928370000000000251e-01
1.167000000000000000e+04 4.941679999999999962e-01
1.168000000000000000e+04 4.961249999999999827e-01
1.168319726599999922e+04 4.968859999999999943e-01
1.169000000000000000e+04 4.986140000000000017e-01
1.170000000000000000e+04 5.007340000000000124e-01
1.170320312500000000e+04 5.014129999999999976e-01
1.171000000000000000e+04 5.026760000000000117e-01
1.172000000000000000e+04 5.045349999999999557e-01
1.172320800799999961e+04 5.052699999999999969e-01
1.173000000000000000e+04 5.065939999999999888e-01
1.174000000000000000e+04 5.081149999999999833e-01
1.174321289099999922e+04 5.086039999999999450e-01
1.175000000000000000e+04 5.095119999999999649e-01
1.176000000000000000e+04 5.108510000000000550e-01
1.176321875000000000e+04 5.112820000000000142e-01
1.177000000000000000e+04 5.118679999999999897e-01
1.178000000000000000e+04 5.131689999999999863e-01
1.178322363299999961e+04 5.134480000000000155e-01
1.179000000000000000e+04 5.129620000000000291e-01
1.180000000000000000e+04 5.122430000000000039e-01
1.180323046900000008e+04 5.119869999999999699e-01
1.181000000000000000e+04 5.097880000000000189e-01
1.182000000000000000e+04 5.069669999999999455e-01
1.182323535199999969e+04 5.059139999999999748e-01
1.183000000000000000e+04 5.022259999999999502e-01
1.184000000000000000e+04 4.967699999999999894e-01
1.184324121100000048e+04 4.950019999999999976e-01
1.185000000000000000e+04 4.910619999999999985e-01
1.186000000000000000e+04 4.856400000000000161e-01
1.186324609400000008e+04 4.837449999999999806e-01
1.187000000000000000e+04 4.820570000000000133e-01
1.188000000000000000e+04 4.795579999999999843e-01
1.188325097699999969e+04 4.787449999999999761e-01
1.189000000000000000e+04 4.809620000000000006e-01
1.190000000000000000e+04 4.846579999999999777e-01
1.190325683600000048e+04 4.857299999999999951e-01
1.191000000000000000e+04 4.920530000000000181e-01
1.192000000000000000e+04 5.014349999999999641e-01
1.192326171900000008e+04 5.044960000000000555e-01
1.193000000000000000e+04 5.056610000000000271e-01
1.194000000000000000e+04 5.073910000000000364e-01
1.194326757800000087e+04 5.080959999999999921e-01
1.195000000000000000e+04 4.856010000000000049e-01
1.196000000000000000e+04 4.517430000000000057e-01
1.196327343800000017e+04 4.406559999999999921e-01
1.197000000000000000e+04 3.922760000000000136e-01
1.198000000000000000e+04 3.203210000000000224e-01
1.198327929699999913e+04 2.967980000000000063e-01
1.199000000000000000e+04 2.526769999999999849e-01
1.200000000000000000e+04 1.867469999999999963e-01
1.200328418000000056e+04 1.650929999999999898e-01
1.201000000000000000e+04 1.392279999999999907e-01
1.202000000000000000e+04 1.006890000000000007e-01
1.202328906199999983e+04 8.803170000000000439e-02
1.203000000000000000e+04 7.456000000000000127e-02
1.204000000000000000e+04 5.439829999999999666e-02
1.204329492199999913e+04 4.775179999999999703e-02
1.205000000000000000e+04 4.080559999999999743e-02
1.206000000000000000e+04 3.043939999999999840e-02
1.206329980500000056e+04 2.702459999999999932e-02
1.207000000000000000e+04 2.329169999999999852e-02
1.208000000000000000e+04 1.769400000000000139e-02
1.208330566399999952e+04 1.584270000000000123e-02
1.209000000000000000e+04 1.372059999999999946e-02
1.210000000000000000e+04 1.054850000000000058e-02
1.210331054699999913e+04 9.500549999999999967e-03
1.211000000000000000e+04 8.291669999999999249e-03
1.212000000000000000e+04 6.475360000000000317e-03
1.212331738299999961e+04 5.872510000000000056e-03
1.213000000000000000e+04 5.068829999999999864e-03
1.214000000000000000e+04 3.865420000000000054e-03
1.214332226599999922e+04 3.466379999999999809e-03
1.215000000000000000e+04 3.008830000000000098e-03
1.216000000000000000e+04 2.320290000000000026e-03
1.216332812500000000e+04 2.091009999999999917e-03
1.217000000000000000e+04 1.796630000000000015e-03
1.218000000000000000e+04 1.355120000000000022e-03
1.218333300799999961e+04 1.208220000000000084e-03
1.219000000000000000e+04 1.076020000000000015e-03
1.220000000000000000e+04 8.765840000000000220e-04
1.220333789099999922e+04 8.099539999999999908e-04
1.221000000000000000e+04 6.986580000000000047e-04
1.222000000000000000e+04 5.319640000000000046e-04
1.222334375000000000e+04 4.760070000000000251e-04
1.223000000000000000e+04 3.824960000000000187e-04
1.224000000000000000e+04 2.419420000000000088e-04
1.224334863299999961e+04 1.948569999999999946e-04
1.225000000000000000e+04 1.480970000000000019e-04
