# F110W
8.692386719000000085e+03 1.881630000000000076e-04
8.700000000000000000e+03 2.143559999999999921e-04
8.702389648000000307e+03 2.225910000000000106e-04
8.710000000000000000e+03 2.191410000000000081e-04
8.712392578000000867e+03 2.180550000000000121e-04
8.720000000000000000e+03 3.147830000000000116e-04
8.722394530999999915e+03 3.456679999999999844e-04
8.730000000000000000e+03 4.114189999999999991e-04
8.732397461000000476e+03 4.322740000000000154e-04
8.740000000000000000e+03 4.474820000000000230e-04
8.742400390999999217e+03 4.523109999999999999e-04
8.750000000000000000e+03 5.545100000000000289e-04
8.752403319999999439e+03 5.870299999999999954e-04
8.760000000000000000e+03 7.769190000000000471e-04
8.762405273000000307e+03 8.374149999999999910e-04
8.770000000000000000e+03 1.028920000000000008e-03
8.772408203000000867e+03 1.090009999999999981e-03
8.780000000000000000e+03 1.281779999999999942e-03
8.782411132999999609e+03 1.343060000000000087e-03
8.790000000000000000e+03 1.677059999999999966e-03
8.792414061999999831e+03 1.783960000000000016e-03
8.800000000000000000e+03 2.200629999999999861e-03
8.802416015999999217e+03 2.333360000000000035e-03
8.810000000000000000e+03 2.897610000000000116e-03
8.812418944999999439e+03 3.078430000000000055e-03
8.820000000000000000e+03 3.847430000000000207e-03
8.822421875000000000e+03 4.094259999999999740e-03
8.830000000000000000e+03 5.189949999999999598e-03
8.832424805000000561e+03 5.544470000000000127e-03
8.840000000000000000e+03 7.016170000000000392e-03
8.842427734000000783e+03 7.490830000000000405e-03
8.850000000000000000e+03 9.490729999999999306e-03
8.852429688000000169e+03 1.013649999999999968e-02
8.860000000000000000e+03 1.283549999999999969e-02
8.862432617000000391e+03 1.370829999999999965e-02
8.870000000000000000e+03 1.728239999999999985e-02
8.872435546999999133e+03 1.844000000000000153e-02
8.880000000000000000e+03 2.306860000000000160e-02
8.882438476999999693e+03 2.457010000000000097e-02
8.890000000000000000e+03 3.056029999999999858e-02
8.892440430000000561e+03 3.250569999999999848e-02
8.900000000000000000e+03 4.026779999999999943e-02
8.902443359000000783e+03 4.275120000000000309e-02
8.910000000000000000e+03 5.208539999999999698e-02
8.912446288999999524e+03 5.511449999999999683e-02
8.920000000000000000e+03 6.582799999999999763e-02
8.922449219000000085e+03 6.932409999999999961e-02
8.930000000000000000e+03 8.179079999999999684e-02
8.932452148000000307e+03 8.583499999999999464e-02
8.940000000000000000e+03 1.002060000000000034e-01
8.942454101999999693e+03 1.048899999999999971e-01
8.950000000000000000e+03 1.207460000000000061e-01
8.952457030999999915e+03 1.259460000000000024e-01
8.960000000000000000e+03 1.430480000000000085e-01
8.962459961000000476e+03 1.486129999999999951e-01
8.970000000000000000e+03 1.666179999999999883e-01
8.972462890999999217e+03 1.725480000000000069e-01
8.980000000000000000e+03 1.913799999999999946e-01
8.982464844000000085e+03 1.975190000000000001e-01
8.990000000000000000e+03 2.162479999999999958e-01
8.992467773000000307e+03 2.223970000000000113e-01
9.000000000000000000e+03 2.404759999999999953e-01
9.002470703000000867e+03 2.463299999999999934e-01
9.010000000000000000e+03 2.630290000000000128e-01
9.012473632999999609e+03 2.684670000000000112e-01
9.020000000000000000e+03 2.832450000000000245e-01
9.022476561999999831e+03 2.881690000000000085e-01
9.030000000000000000e+03 3.015619999999999967e-01
9.032478515999999217e+03 3.059810000000000030e-01
9.040000000000000000e+03 3.172170000000000267e-01
9.042481444999999439e+03 3.209290000000000198e-01
9.050000000000000000e+03 3.297240000000000171e-01
9.052484375000000000e+03 3.327030000000000265e-01
9.060000000000000000e+03 3.393129999999999757e-01
9.062487305000000561e+03 3.414349999999999885e-01
9.070000000000000000e+03 3.459260000000000113e-01
9.072489257999999609e+03 3.474889999999999923e-01
9.080000000000000000e+03 3.502270000000000105e-01
9.082492188000000169e+03 3.510650000000000159e-01
9.090000000000000000e+03 3.520110000000000183e-01
9.092495117000000391e+03 3.523270000000000013e-01
9.100000000000000000e+03 3.521639999999999771e-01
9.102498046999999133e+03 3.521839999999999971e-01
9.110000000000000000e+03 3.516580000000000261e-01
9.112500000000000000e+03 3.514100000000000001e-01
9.120000000000000000e+03 3.506290000000000240e-01
9.122502930000000561e+03 3.504410000000000025e-01
9.130000000000000000e+03 3.500900000000000123e-01
9.132505859000000783e+03 3.498999999999999888e-01
9.140000000000000000e+03 3.497810000000000086e-01
9.142508788999999524e+03 3.498149999999999871e-01
9.150000000000000000e+03 3.507279999999999842e-01
9.152510742000000391e+03 3.509619999999999962e-01
9.160000000000000000e+03 3.526799999999999935e-01
9.162513671999999133e+03 3.533330000000000082e-01
9.170000000000000000e+03 3.562119999999999731e-01
9.172516601999999693e+03 3.571070000000000078e-01
9.180000000000000000e+03 3.604559999999999986e-01
9.182519530999999915e+03 3.616610000000000102e-01
9.190000000000000000e+03 3.659220000000000250e-01
9.192522461000000476e+03 3.672849999999999726e-01
9.200000000000000000e+03 3.717260000000000009e-01
9.202524413999999524e+03 3.732420000000000182e-01
9.210000000000000000e+03 3.777599999999999847e-01
9.212527344000000085e+03 3.792099999999999915e-01
9.220000000000000000e+03 3.832240000000000091e-01
9.222530273000000307e+03 3.846660000000000079e-01
9.230000000000000000e+03 3.884119999999999795e-01
9.232533203000000867e+03 3.896890000000000076e-01
9.240000000000000000e+03 3.927359999999999740e-01
9.242535155999999915e+03 3.938559999999999839e-01
9.250000000000000000e+03 3.962570000000000259e-01
9.252538086000000476e+03 3.969909999999999828e-01
9.260000000000000000e+03 3.981190000000000007e-01
9.262541015999999217e+03 3.985890000000000266e-01
9.270000000000000000e+03 3.989650000000000141e-01
9.272543944999999439e+03 3.990079999999999738e-01
9.280000000000000000e+03 3.982990000000000141e-01
9.282546875000000000e+03 3.981419999999999959e-01
9.290000000000000000e+03 3.970529999999999893e-01
9.292548828000000867e+03 3.965949999999999753e-01
9.300000000000000000e+03 3.948300000000000143e-01
9.302551757999999609e+03 3.943090000000000206e-01
9.310000000000000000e+03 3.927209999999999868e-01
9.312554688000000169e+03 3.920919999999999961e-01
9.320000000000000000e+03 3.904889999999999750e-01
9.322557617000000391e+03 3.900219999999999798e-01
9.330000000000000000e+03 3.890620000000000189e-01
9.332559569999999439e+03 3.886470000000000202e-01
9.340000000000000000e+03 3.882450000000000068e-01
9.342562500000000000e+03 3.881899999999999795e-01
9.350000000000000000e+03 3.889380000000000059e-01
9.352565430000000561e+03 3.891120000000000134e-01
9.360000000000000000e+03 3.902579999999999938e-01
9.362568359000000783e+03 3.907390000000000030e-01
9.370000000000000000e+03 3.928369999999999918e-01
9.372570311999999831e+03 3.934779999999999944e-01
9.380000000000000000e+03 3.961330000000000129e-01
9.382573242000000391e+03 3.971399999999999930e-01
9.390000000000000000e+03 4.004809999999999759e-01
9.392576171999999133e+03 4.016419999999999990e-01
9.400000000000000000e+03 4.049960000000000226e-01
9.402579101999999693e+03 4.059769999999999768e-01
9.410000000000000000e+03 4.087219999999999742e-01
9.412582030999999915e+03 4.097660000000000191e-01
9.420000000000000000e+03 4.125909999999999855e-01
9.422583984000000783e+03 4.134869999999999934e-01
9.430000000000000000e+03 4.155679999999999930e-01
9.432586913999999524e+03 4.164450000000000096e-01
9.440000000000000000e+03 4.182330000000000214e-01
9.442589844000000085e+03 4.187670000000000003e-01
9.450000000000000000e+03 4.195610000000000173e-01
9.452592773000000307e+03 4.199309999999999987e-01
9.460000000000000000e+03 4.202299999999999924e-01
9.462594726999999693e+03 4.203350000000000142e-01
9.470000000000000000e+03 4.199760000000000160e-01
9.472597655999999915e+03 4.197580000000000200e-01
9.480000000000000000e+03 4.186599999999999766e-01
9.482600586000000476e+03 4.183649999999999869e-01
9.490000000000000000e+03 4.172339999999999938e-01
9.492603515999999217e+03 4.168350000000000111e-01
9.500000000000000000e+03 4.157029999999999892e-01
9.502606444999999439e+03 4.151940000000000075e-01
9.510000000000000000e+03 4.139209999999999834e-01
9.512608398000000307e+03 4.135619999999999852e-01
9.520000000000000000e+03 4.127319999999999878e-01
9.522611328000000867e+03 4.123470000000000191e-01
9.530000000000000000e+03 4.116759999999999864e-01
9.532614257999999609e+03 4.115300000000000069e-01
9.540000000000000000e+03 4.118720000000000159e-01
9.542617188000000169e+03 4.119929999999999981e-01
9.550000000000000000e+03 4.129889999999999950e-01
9.552619140999999217e+03 4.132500000000000062e-01
9.560000000000000000e+03 4.143589999999999773e-01
9.562622069999999439e+03 4.148439999999999905e-01
9.570000000000000000e+03 4.166309999999999736e-01
9.572625000000000000e+03 4.172669999999999990e-01
9.580000000000000000e+03 4.194649999999999768e-01
9.582627930000000561e+03 4.201540000000000274e-01
9.590000000000000000e+03 4.223850000000000104e-01
9.592630859000000783e+03 4.232750000000000123e-01
9.600000000000000000e+03 4.257099999999999773e-01
9.602632811999999831e+03 4.265399999999999747e-01
9.610000000000000000e+03 4.284839999999999760e-01
9.612635742000000391e+03 4.290829999999999922e-01
9.620000000000000000e+03 4.304129999999999900e-01
9.622638671999999133e+03 4.309850000000000070e-01
9.630000000000000000e+03 4.321619999999999906e-01
9.632641601999999693e+03 4.326300000000000145e-01
9.640000000000000000e+03 4.333370000000000277e-01
9.642643555000000561e+03 4.334919999999999884e-01
9.650000000000000000e+03 4.333819999999999895e-01
9.652646484000000783e+03 4.334379999999999900e-01
9.660000000000000000e+03 4.329680000000000195e-01
9.662649413999999524e+03 4.327969999999999873e-01
9.670000000000000000e+03 4.319069999999999854e-01
9.672652344000000085e+03 4.314870000000000094e-01
9.680000000000000000e+03 4.301769999999999761e-01
9.682655273000000307e+03 4.297989999999999866e-01
9.690000000000000000e+03 4.286449999999999982e-01
9.692657226999999693e+03 4.282259999999999955e-01
9.700000000000000000e+03 4.271139999999999937e-01
9.702660155999999915e+03 4.266119999999999912e-01
9.710000000000000000e+03 4.254410000000000136e-01
9.712663086000000476e+03 4.251110000000000166e-01
9.720000000000000000e+03 4.245129999999999737e-01
9.722666015999999217e+03 4.242940000000000045e-01
9.730000000000000000e+03 4.242949999999999777e-01
9.732667969000000085e+03 4.241980000000000195e-01
9.740000000000000000e+03 4.244979999999999865e-01
9.742670898000000307e+03 4.247020000000000239e-01
9.750000000000000000e+03 4.256940000000000168e-01
9.752673828000000867e+03 4.260550000000000170e-01
9.760000000000000000e+03 4.274850000000000039e-01
9.762676757999999609e+03 4.280059999999999976e-01
9.770000000000000000e+03 4.296539999999999804e-01
9.772679688000000169e+03 4.301579999999999848e-01
9.780000000000000000e+03 4.317409999999999859e-01
9.782681640999999217e+03 4.324189999999999978e-01
9.790000000000000000e+03 4.343890000000000251e-01
9.792684569999999439e+03 4.351110000000000255e-01
9.800000000000000000e+03 4.369500000000000051e-01
9.802687500000000000e+03 4.375640000000000085e-01
9.810000000000000000e+03 4.389149999999999996e-01
9.812690430000000561e+03 4.393099999999999783e-01
9.820000000000000000e+03 4.400189999999999935e-01
9.822692382999999609e+03 4.403790000000000204e-01
9.830000000000000000e+03 4.408610000000000029e-01
9.832695311999999831e+03 4.410990000000000189e-01
9.840000000000000000e+03 4.412119999999999931e-01
9.842698242000000391e+03 4.412519999999999776e-01
9.850000000000000000e+03 4.408880000000000021e-01
9.852701171999999133e+03 4.406490000000000129e-01
9.860000000000000000e+03 4.395549999999999735e-01
9.862703125000000000e+03 4.392490000000000006e-01
9.870000000000000000e+03 4.380870000000000042e-01
9.872706055000000561e+03 4.376539999999999875e-01
9.880000000000000000e+03 4.363210000000000144e-01
9.882708984000000783e+03 4.358230000000000159e-01
9.890000000000000000e+03 4.344049999999999856e-01
9.892711913999999524e+03 4.337739999999999929e-01
9.900000000000000000e+03 4.322449999999999903e-01
9.902714844000000085e+03 4.317739999999999911e-01
9.910000000000000000e+03 4.306670000000000220e-01
9.912716796999999133e+03 4.302509999999999946e-01
9.920000000000000000e+03 4.296940000000000204e-01
9.922719726999999693e+03 4.294830000000000036e-01
9.930000000000000000e+03 4.293989999999999752e-01
9.932722655999999915e+03 4.293649999999999967e-01
9.940000000000000000e+03 4.297579999999999734e-01
9.942725586000000476e+03 4.298029999999999906e-01
9.950000000000000000e+03 4.304209999999999980e-01
9.952727538999999524e+03 4.307509999999999950e-01
9.960000000000000000e+03 4.321490000000000054e-01
9.962730469000000085e+03 4.326729999999999743e-01
9.970000000000000000e+03 4.345029999999999726e-01
9.972733398000000307e+03 4.351889999999999925e-01
9.980000000000000000e+03 4.372690000000000188e-01
9.982736328000000867e+03 4.380510000000000237e-01
9.990000000000000000e+03 4.402800000000000047e-01
9.992739257999999609e+03 4.410160000000000191e-01
1.000000000000000000e+04 4.428980000000000139e-01
1.000274121100000048e+04 4.437789999999999790e-01
1.001000000000000000e+04 4.459150000000000058e-01
1.001274414099999922e+04 4.467209999999999792e-01
1.002000000000000000e+04 4.485089999999999910e-01
1.002274706999999944e+04 4.491850000000000009e-01
1.003000000000000000e+04 4.506000000000000005e-01
1.003275000000000000e+04 4.511350000000000082e-01
1.004000000000000000e+04 4.519250000000000211e-01
1.004275195300000087e+04 4.521160000000000179e-01
1.005000000000000000e+04 4.519110000000000071e-01
1.005275488299999961e+04 4.519369999999999776e-01
1.006000000000000000e+04 4.514489999999999892e-01
1.006275781199999983e+04 4.512610000000000232e-01
1.007000000000000000e+04 4.501950000000000118e-01
1.007275976599999922e+04 4.497849999999999904e-01
1.008000000000000000e+04 4.482679999999999998e-01
1.008276269499999944e+04 4.476859999999999729e-01
1.009000000000000000e+04 4.458110000000000128e-01
1.009276562500000000e+04 4.450910000000000144e-01
1.010000000000000000e+04 4.429449999999999776e-01
1.010276855500000056e+04 4.421200000000000130e-01
1.011000000000000000e+04 4.401729999999999809e-01
1.011277148400000078e+04 4.393190000000000150e-01
1.012000000000000000e+04 4.373049999999999993e-01
1.012277441399999952e+04 4.366340000000000221e-01
1.013000000000000000e+04 4.352059999999999818e-01
1.013277734400000008e+04 4.346550000000000136e-01
1.014000000000000000e+04 4.337130000000000152e-01
1.014277929699999913e+04 4.333480000000000110e-01
1.015000000000000000e+04 4.329399999999999915e-01
1.015278222699999969e+04 4.327810000000000268e-01
1.016000000000000000e+04 4.330260000000000220e-01
1.016278515599999992e+04 4.331189999999999762e-01
1.017000000000000000e+04 4.340550000000000241e-01
1.017278808600000048e+04 4.344149999999999956e-01
1.018000000000000000e+04 4.359450000000000269e-01
1.018279003899999952e+04 4.364319999999999866e-01
1.019000000000000000e+04 4.381249999999999867e-01
1.019279296900000008e+04 4.388850000000000251e-01
1.020000000000000000e+04 4.415250000000000008e-01
1.020279589800000031e+04 4.425569999999999782e-01
1.021000000000000000e+04 4.454940000000000011e-01
1.021279785199999969e+04 4.466350000000000042e-01
1.022000000000000000e+04 4.498300000000000076e-01
1.022280078099999992e+04 4.510730000000000017e-01
1.023000000000000000e+04 4.543130000000000224e-01
1.023280371100000048e+04 4.555759999999999810e-01
1.024000000000000000e+04 4.586040000000000116e-01
1.024280664099999922e+04 4.597849999999999993e-01
1.025000000000000000e+04 4.626430000000000264e-01
1.025280859400000008e+04 4.637589999999999768e-01
1.026000000000000000e+04 4.662189999999999945e-01
1.026281152300000031e+04 4.671799999999999842e-01
1.027000000000000000e+04 4.691359999999999975e-01
1.027281543000000056e+04 4.699019999999999864e-01
1.028000000000000000e+04 4.712649999999999895e-01
1.028281738299999961e+04 4.716850000000000209e-01
1.029000000000000000e+04 4.722250000000000059e-01
1.029282031199999983e+04 4.725509999999999988e-01
1.030000000000000000e+04 4.727810000000000068e-01
1.030282324200000039e+04 4.728709999999999858e-01
1.031000000000000000e+04 4.725940000000000141e-01
1.031282617199999913e+04 4.724840000000000151e-01
1.032000000000000000e+04 4.719119999999999981e-01
1.032282812500000000e+04 4.716839999999999922e-01
1.033000000000000000e+04 4.706679999999999753e-01
1.033283105500000056e+04 4.702649999999999886e-01
1.034000000000000000e+04 4.691420000000000035e-01
1.034283398400000078e+04 4.686969999999999748e-01
1.035000000000000000e+04 4.676629999999999954e-01
1.035283593800000017e+04 4.672520000000000007e-01
1.036000000000000000e+04 4.663019999999999943e-01
1.036283886700000039e+04 4.659240000000000048e-01
1.037000000000000000e+04 4.651120000000000254e-01
1.037284179699999913e+04 4.647890000000000077e-01
1.038000000000000000e+04 4.643260000000000165e-01
1.038284375000000000e+04 4.641410000000000258e-01
1.039000000000000000e+04 4.640779999999999905e-01
1.039284668000000056e+04 4.640520000000000200e-01
1.040000000000000000e+04 4.642359999999999820e-01
1.040284960900000078e+04 4.643129999999999757e-01
1.041000000000000000e+04 4.652209999999999956e-01
1.041285253899999952e+04 4.655830000000000246e-01
1.042000000000000000e+04 4.667540000000000022e-01
1.042285546900000008e+04 4.672209999999999974e-01
1.043000000000000000e+04 4.686799999999999855e-01
1.043285839800000031e+04 4.692640000000000144e-01
1.044000000000000000e+04 4.709639999999999938e-01
1.044286132800000087e+04 4.716449999999999809e-01
1.045000000000000000e+04 4.734849999999999892e-01
1.045286328099999992e+04 4.741060000000000274e-01
1.046000000000000000e+04 4.757750000000000035e-01
1.046286621100000048e+04 4.765619999999999856e-01
1.047000000000000000e+04 4.785200000000000009e-01
1.047286914099999922e+04 4.793080000000000118e-01
1.048000000000000000e+04 4.810980000000000256e-01
1.048287206999999944e+04 4.818189999999999973e-01
1.049000000000000000e+04 4.833520000000000039e-01
1.049287402300000031e+04 4.839700000000000113e-01
1.050000000000000000e+04 4.852600000000000247e-01
1.050287695300000087e+04 4.856670000000000154e-01
1.051000000000000000e+04 4.862449999999999828e-01
1.051287988299999961e+04 4.864789999999999948e-01
1.052000000000000000e+04 4.867580000000000240e-01
1.052288183600000048e+04 4.868700000000000250e-01
1.053000000000000000e+04 4.869020000000000015e-01
1.053288476599999922e+04 4.869140000000000135e-01
1.054000000000000000e+04 4.865010000000000168e-01
1.054288769499999944e+04 4.863330000000000153e-01
1.055000000000000000e+04 4.856340000000000101e-01
1.055289062500000000e+04 4.853489999999999749e-01
1.056000000000000000e+04 4.845119999999999982e-01
1.056289257800000087e+04 4.841710000000000180e-01
1.057000000000000000e+04 4.831880000000000064e-01
1.057289648400000078e+04 4.827859999999999929e-01
1.058000000000000000e+04 4.818580000000000085e-01
1.058289941399999952e+04 4.814789999999999903e-01
1.059000000000000000e+04 4.804809999999999914e-01
1.059290136700000039e+04 4.800730000000000275e-01
1.060000000000000000e+04 4.794390000000000041e-01
1.060290429699999913e+04 4.791690000000000116e-01
1.061000000000000000e+04 4.785969999999999946e-01
1.061290722699999969e+04 4.783620000000000094e-01
1.062000000000000000e+04 4.780469999999999997e-01
1.062291015599999992e+04 4.779180000000000095e-01
1.063000000000000000e+04 4.779329999999999967e-01
1.063291210900000078e+04 4.779390000000000027e-01
1.064000000000000000e+04 4.781440000000000135e-01
1.064291503899999952e+04 4.782279999999999864e-01
1.065000000000000000e+04 4.787159999999999749e-01
1.065291796900000008e+04 4.789169999999999816e-01
1.066000000000000000e+04 4.796190000000000175e-01
1.066291992199999913e+04 4.799089999999999745e-01
1.067000000000000000e+04 4.807930000000000259e-01
1.067292285199999969e+04 4.811570000000000014e-01
1.068000000000000000e+04 4.823819999999999775e-01
1.068292578099999992e+04 4.830090000000000217e-01
1.069000000000000000e+04 4.845110000000000250e-01
1.069292871100000048e+04 4.850110000000000254e-01
1.070000000000000000e+04 4.861980000000000190e-01
1.070293066399999952e+04 4.866900000000000115e-01
1.071000000000000000e+04 4.878620000000000179e-01
1.071293359400000008e+04 4.883489999999999776e-01
1.072000000000000000e+04 4.893890000000000184e-01
1.072293652300000031e+04 4.898219999999999796e-01
1.073000000000000000e+04 4.906989999999999963e-01
1.073293945300000087e+04 4.910640000000000005e-01
1.074000000000000000e+04 4.917920000000000069e-01
1.074294238299999961e+04 4.920950000000000046e-01
1.075000000000000000e+04 4.926630000000000176e-01
1.075294531199999983e+04 4.929009999999999780e-01
1.076000000000000000e+04 4.932070000000000065e-01
1.076294824200000039e+04 4.933359999999999967e-01
1.077000000000000000e+04 4.934259999999999757e-01
1.077295019499999944e+04 4.934640000000000137e-01
1.078000000000000000e+04 4.933020000000000183e-01
1.078295312500000000e+04 4.932349999999999790e-01
1.079000000000000000e+04 4.929160000000000208e-01
1.079295605500000056e+04 4.927830000000000266e-01
1.080000000000000000e+04 4.923310000000000186e-01
1.080295800799999961e+04 4.921479999999999744e-01
1.081000000000000000e+04 4.915939999999999754e-01
1.081296093800000017e+04 4.913620000000000210e-01
1.082000000000000000e+04 4.908710000000000018e-01
1.082296386700000039e+04 4.906650000000000178e-01
1.083000000000000000e+04 4.901949999999999918e-01
1.083296679699999913e+04 4.899970000000000159e-01
1.084000000000000000e+04 4.895889999999999964e-01
1.084296875000000000e+04 4.894169999999999909e-01
1.085000000000000000e+04 4.891220000000000012e-01
1.085297168000000056e+04 4.889979999999999882e-01
1.086000000000000000e+04 4.888870000000000160e-01
1.086297460900000078e+04 4.889660000000000117e-01
1.087000000000000000e+04 4.892440000000000122e-01
1.087297656199999983e+04 4.892369999999999775e-01
1.088000000000000000e+04 4.893989999999999729e-01
1.088298046900000008e+04 4.894689999999999874e-01
1.089000000000000000e+04 4.898419999999999996e-01
1.089298339800000031e+04 4.900019999999999931e-01
1.090000000000000000e+04 4.904680000000000151e-01
1.090298632800000087e+04 4.906670000000000198e-01
1.091000000000000000e+04 4.912039999999999740e-01
1.091298828099999992e+04 4.914339999999999820e-01
1.092000000000000000e+04 4.920649999999999746e-01
1.092299121100000048e+04 4.923350000000000226e-01
1.093000000000000000e+04 4.929959999999999898e-01
1.093299414099999922e+04 4.932790000000000230e-01
1.094000000000000000e+04 4.939189999999999969e-01
1.094299609400000008e+04 4.941929999999999934e-01
1.095000000000000000e+04 4.947449999999999903e-01
1.095299902300000031e+04 4.949819999999999776e-01
1.096000000000000000e+04 4.954310000000000103e-01
1.096300195300000087e+04 4.956249999999999822e-01
1.097000000000000000e+04 4.958989999999999787e-01
1.097300488299999961e+04 4.961450000000000027e-01
1.098000000000000000e+04 4.966169999999999751e-01
1.098300683600000048e+04 4.966929999999999956e-01
1.099000000000000000e+04 4.968400000000000039e-01
1.099300976599999922e+04 4.968739999999999823e-01
1.100000000000000000e+04 4.966960000000000264e-01
1.100301269499999944e+04 4.966369999999999951e-01
1.101000000000000000e+04 4.963719999999999799e-01
1.101301464800000031e+04 4.962570000000000037e-01
1.102000000000000000e+04 4.958489999999999842e-01
1.102301757800000087e+04 4.956729999999999747e-01
1.103000000000000000e+04 4.951760000000000050e-01
1.103302148400000078e+04 4.949609999999999843e-01
1.104000000000000000e+04 4.944629999999999859e-01
1.104302441399999952e+04 4.942469999999999919e-01
1.105000000000000000e+04 4.937199999999999922e-01
1.105302636700000039e+04 4.934910000000000130e-01
1.106000000000000000e+04 4.929410000000000180e-01
1.106302929699999913e+04 4.928299999999999903e-01
1.107000000000000000e+04 4.926590000000000136e-01
1.107303222699999969e+04 4.924569999999999781e-01
1.108000000000000000e+04 4.921090000000000186e-01
1.108303418000000056e+04 4.919580000000000064e-01
1.109000000000000000e+04 4.917079999999999784e-01
1.109303710900000078e+04 4.915990000000000082e-01
1.110000000000000000e+04 4.914799999999999724e-01
1.110304003899999952e+04 4.914279999999999760e-01
1.111000000000000000e+04 4.915640000000000009e-01
1.111304199200000039e+04 4.916229999999999767e-01
1.112000000000000000e+04 4.919359999999999844e-01
1.112304492199999913e+04 4.920729999999999826e-01
1.113000000000000000e+04 4.924529999999999741e-01
1.113304785199999969e+04 4.926200000000000023e-01
1.114000000000000000e+04 4.931470000000000020e-01
1.114305078099999992e+04 4.935069999999999735e-01
1.115000000000000000e+04 4.943949999999999734e-01
1.115305273400000078e+04 4.946559999999999846e-01
1.116000000000000000e+04 4.953150000000000053e-01
1.116305566399999952e+04 4.956039999999999890e-01
1.117000000000000000e+04 4.963250000000000162e-01
1.117305859400000008e+04 4.966419999999999724e-01
1.118000000000000000e+04 4.973259999999999903e-01
1.118306054699999913e+04 4.976280000000000148e-01
1.119000000000000000e+04 4.982559999999999767e-01
1.119306445300000087e+04 4.985330000000000039e-01
1.120000000000000000e+04 4.990229999999999944e-01
1.120306738299999961e+04 4.993799999999999906e-01
1.121000000000000000e+04 5.000580000000000025e-01
1.121307031199999983e+04 5.002269999999999772e-01
1.122000000000000000e+04 5.005110000000000392e-01
1.122307226599999922e+04 5.006359999999999699e-01
1.123000000000000000e+04 5.007190000000000252e-01
1.123307519499999944e+04 5.007559999999999789e-01
1.124000000000000000e+04 5.006230000000000402e-01
1.124307812500000000e+04 5.005640000000000089e-01
1.125000000000000000e+04 5.002539999999999765e-01
1.125308007800000087e+04 5.001160000000000050e-01
1.126000000000000000e+04 4.996709999999999763e-01
1.126308300799999961e+04 4.994730000000000003e-01
1.127000000000000000e+04 4.988940000000000041e-01
1.127308593800000017e+04 4.987670000000000159e-01
1.128000000000000000e+04 4.983529999999999904e-01
1.128308886700000039e+04 4.980359999999999787e-01
1.129000000000000000e+04 4.972340000000000093e-01
1.129309081999999944e+04 4.968750000000000111e-01
1.130000000000000000e+04 4.960289999999999977e-01
1.130309375000000000e+04 4.956499999999999795e-01
1.131000000000000000e+04 4.948299999999999921e-01
1.131309668000000056e+04 4.944620000000000126e-01
1.132000000000000000e+04 4.937099999999999822e-01
1.132309863299999961e+04 4.933730000000000060e-01
1.133000000000000000e+04 4.926409999999999956e-01
1.133310156199999983e+04 4.924419999999999908e-01
1.134000000000000000e+04 4.921889999999999876e-01
1.134310546900000008e+04 4.919439999999999924e-01
1.135000000000000000e+04 4.916780000000000039e-01
1.135310839800000031e+04 4.915579999999999949e-01
1.136000000000000000e+04 4.914490000000000247e-01
1.136311035199999969e+04 4.914000000000000035e-01
1.137000000000000000e+04 4.915240000000000165e-01
1.137311328099999992e+04 4.915800000000000169e-01
1.138000000000000000e+04 4.918759999999999799e-01
1.138311621100000048e+04 4.921409999999999951e-01
1.139000000000000000e+04 4.928969999999999740e-01
1.139311816399999952e+04 4.931090000000000195e-01
1.140000000000000000e+04 4.937480000000000202e-01
1.140312109400000008e+04 4.940499999999999892e-01
1.141000000000000000e+04 4.949209999999999998e-01
1.141312402300000031e+04 4.953170000000000073e-01
1.142000000000000000e+04 4.963529999999999887e-01
1.142312695300000087e+04 4.968239999999999879e-01
1.143000000000000000e+04 4.979060000000000152e-01
1.143312890599999992e+04 4.983989999999999809e-01
1.144000000000000000e+04 4.995260000000000256e-01
1.144313183600000048e+04 5.001740000000000075e-01
1.145000000000000000e+04 5.015979999999999883e-01
1.145313476599999922e+04 5.021139999999999493e-01
1.146000000000000000e+04 5.031609999999999694e-01
1.146313671900000008e+04 5.036389999999999478e-01
1.147000000000000000e+04 5.046979999999999800e-01
1.147313964800000031e+04 5.051830000000000487e-01
1.148000000000000000e+04 5.061700000000000088e-01
1.148314257800000087e+04 5.066220000000000168e-01
1.149000000000000000e+04 5.073739999999999917e-01
1.149314648400000078e+04 5.078549999999999454e-01
1.150000000000000000e+04 5.087530000000000108e-01
1.150314843800000017e+04 5.090209999999999457e-01
1.151000000000000000e+04 5.094400000000000039e-01
1.151315136700000039e+04 5.096330000000000027e-01
1.152000000000000000e+04 5.098300000000000054e-01
1.152315429699999913e+04 5.099200000000000399e-01
1.153000000000000000e+04 5.099099999999999744e-01
1.153315625000000000e+04 5.099050000000000527e-01
1.154000000000000000e+04 5.097679999999999989e-01
1.154315918000000056e+04 5.098420000000000174e-01
1.155000000000000000e+04 5.098920000000000119e-01
1.155316210900000078e+04 5.097779999999999534e-01
1.156000000000000000e+04 5.093910000000000382e-01
1.156316503899999952e+04 5.092109999999999692e-01
1.157000000000000000e+04 5.086990000000000123e-01
1.157316699200000039e+04 5.084619999999999695e-01
1.158000000000000000e+04 5.079050000000000509e-01
1.158316992199999913e+04 5.076469999999999594e-01
1.159000000000000000e+04 5.070449999999999680e-01
1.159317285199999969e+04 5.069029999999999925e-01
1.160000000000000000e+04 5.067439999999999722e-01
1.160317480500000056e+04 5.065340000000000398e-01
1.161000000000000000e+04 5.061679999999999513e-01
1.161317773400000078e+04 5.059979999999999478e-01
1.162000000000000000e+04 5.056469999999999576e-01
1.162318066399999952e+04 5.054840000000000444e-01
1.163000000000000000e+04 5.052330000000000432e-01
1.163318359400000008e+04 5.052529999999999522e-01
1.164000000000000000e+04 5.054490000000000371e-01
1.164318554699999913e+04 5.054039999999999644e-01
1.165000000000000000e+04 5.054640000000000244e-01
1.165318945300000087e+04 5.054920000000000524e-01
1.166000000000000000e+04 5.057000000000000384e-01
1.166319238299999961e+04 5.057979999999999698e-01
1.167000000000000000e+04 5.061539999999999928e-01
1.167319433600000048e+04 5.063210000000000210e-01
1.168000000000000000e+04 5.067819999999999547e-01
1.168319726599999922e+04 5.071369999999999489e-01
1.169000000000000000e+04 5.080599999999999561e-01
1.169320019499999944e+04 5.083569999999999478e-01
1.170000000000000000e+04 5.090440000000000520e-01
1.170320312500000000e+04 5.093670000000000142e-01
1.171000000000000000e+04 5.100940000000000474e-01
1.171320507800000087e+04 5.104370000000000296e-01
1.172000000000000000e+04 5.112480000000000357e-01
1.172320800799999961e+04 5.117699999999999472e-01
1.173000000000000000e+04 5.129110000000000058e-01
1.173321093800000017e+04 5.133100000000000440e-01
1.174000000000000000e+04 5.140789999999999527e-01
1.174321289099999922e+04 5.144429999999999836e-01
1.175000000000000000e+04 5.151369999999999560e-01
1.175321581999999944e+04 5.154659999999999798e-01
1.176000000000000000e+04 5.160879999999999912e-01
1.176321875000000000e+04 5.163839999999999542e-01
1.177000000000000000e+04 5.169350000000000334e-01
1.177322168000000056e+04 5.173389999999999933e-01
1.178000000000000000e+04 5.180649999999999977e-01
1.178322363299999961e+04 5.182689999999999797e-01
1.179000000000000000e+04 5.185070000000000512e-01
1.179322656199999983e+04 5.186199999999999699e-01
1.180000000000000000e+04 5.187289999999999957e-01
1.180323046900000008e+04 5.187580000000000524e-01
1.181000000000000000e+04 5.187180000000000124e-01
1.181323242199999913e+04 5.188420000000000254e-01
1.182000000000000000e+04 5.189899999999999514e-01
1.182323535199999969e+04 5.189190000000000191e-01
1.183000000000000000e+04 5.186749999999999972e-01
1.183323828099999992e+04 5.185589999999999922e-01
1.184000000000000000e+04 5.182569999999999677e-01
1.184324121100000048e+04 5.181120000000000170e-01
1.185000000000000000e+04 5.177049999999999708e-01
1.185324316399999952e+04 5.176520000000000010e-01
1.186000000000000000e+04 5.175130000000000008e-01
1.186324609400000008e+04 5.173029999999999573e-01
1.187000000000000000e+04 5.168779999999999486e-01
1.187324902300000031e+04 5.166730000000000489e-01
1.188000000000000000e+04 5.163219999999999477e-01
1.188325097699999969e+04 5.161529999999999729e-01
1.189000000000000000e+04 5.158599999999999852e-01
1.189325390599999992e+04 5.158610000000000140e-01
1.190000000000000000e+04 5.158850000000000380e-01
1.190325683600000048e+04 5.157549999999999635e-01
1.191000000000000000e+04 5.156819999999999737e-01
1.191325976599999922e+04 5.156469999999999665e-01
1.192000000000000000e+04 5.155629999999999935e-01
1.192326171900000008e+04 5.155229999999999535e-01
1.193000000000000000e+04 5.155629999999999935e-01
1.193326464800000031e+04 5.155830000000000135e-01
1.194000000000000000e+04 5.158270000000000355e-01
1.194326757800000087e+04 5.160879999999999912e-01
1.195000000000000000e+04 5.167089999999999739e-01
1.195326953099999992e+04 5.168679999999999941e-01
1.196000000000000000e+04 5.172579999999999956e-01
1.196327343800000017e+04 5.174480000000000190e-01
1.197000000000000000e+04 5.179930000000000367e-01
1.197327636700000039e+04 5.182590000000000252e-01
1.198000000000000000e+04 5.188430000000000542e-01
1.198327929699999913e+04 5.192719999999999558e-01
1.199000000000000000e+04 5.201189999999999980e-01
1.199328125000000000e+04 5.203879999999999617e-01
1.200000000000000000e+04 5.210080000000000267e-01
1.200328418000000056e+04 5.213309999999999889e-01
1.201000000000000000e+04 5.219359999999999555e-01
1.201328710900000078e+04 5.222320000000000295e-01
1.202000000000000000e+04 5.228270000000000417e-01
1.202328906199999983e+04 5.232630000000000337e-01
1.203000000000000000e+04 5.241099999999999648e-01
1.203329199200000039e+04 5.243799999999999573e-01
1.204000000000000000e+04 5.248289999999999900e-01
1.204329492199999913e+04 5.250500000000000167e-01
1.205000000000000000e+04 5.253980000000000317e-01
1.205329785199999969e+04 5.255699999999999816e-01
1.206000000000000000e+04 5.257669999999999844e-01
1.206329980500000056e+04 5.260099999999999776e-01
1.207000000000000000e+04 5.263630000000000253e-01
1.207330273400000078e+04 5.263900000000000245e-01
1.208000000000000000e+04 5.263339999999999685e-01
1.208330566399999952e+04 5.263060000000000516e-01
1.209000000000000000e+04 5.261369999999999658e-01
1.209330859400000008e+04 5.260540000000000216e-01
1.210000000000000000e+04 5.257819999999999716e-01
1.210331054699999913e+04 5.257939999999999836e-01
1.211000000000000000e+04 5.256990000000000274e-01
1.211331445300000087e+04 5.255049999999999999e-01
1.212000000000000000e+04 5.250669999999999504e-01
1.212331738299999961e+04 5.248500000000000387e-01
1.213000000000000000e+04 5.243689999999999740e-01
1.213331933600000048e+04 5.241299999999999848e-01
1.214000000000000000e+04 5.235539999999999639e-01
1.214332226599999922e+04 5.234140000000000459e-01
1.215000000000000000e+04 5.232130000000000392e-01
1.215332519499999944e+04 5.229660000000000419e-01
1.216000000000000000e+04 5.224060000000000370e-01
1.216332812500000000e+04 5.221259999999999790e-01
1.217000000000000000e+04 5.216899999999999871e-01
1.217333007800000087e+04 5.214729999999999643e-01
1.218000000000000000e+04 5.211139999999999661e-01
1.218333300799999961e+04 5.210810000000000164e-01
1.219000000000000000e+04 5.211160000000000236e-01
1.219333593800000017e+04 5.209869999999999779e-01
1.220000000000000000e+04 5.208490000000000064e-01
1.220333789099999922e+04 5.207640000000000047e-01
1.221000000000000000e+04 5.207070000000000309e-01
1.221334081999999944e+04 5.208239999999999537e-01
1.222000000000000000e+04 5.211850000000000094e-01
1.222334375000000000e+04 5.212200000000000166e-01
1.223000000000000000e+04 5.214290000000000314e-01
1.223334668000000056e+04 5.215349999999999708e-01
1.224000000000000000e+04 5.218059999999999921e-01
1.224334863299999961e+04 5.219430000000000458e-01
1.225000000000000000e+04 5.223649999999999682e-01
1.225335156199999983e+04 5.227249999999999952e-01
1.226000000000000000e+04 5.235360000000000014e-01
1.226335546900000008e+04 5.237969999999999571e-01
1.227000000000000000e+04 5.244240000000000013e-01
1.227335742199999913e+04 5.247410000000000130e-01
1.228000000000000000e+04 5.254140000000000477e-01
1.228336035199999969e+04 5.257549999999999724e-01
1.229000000000000000e+04 5.264900000000000135e-01
1.229336328099999992e+04 5.270110000000000072e-01
1.230000000000000000e+04 5.279800000000000049e-01
1.230336621100000048e+04 5.283219999999999583e-01
1.231000000000000000e+04 5.290150000000000130e-01
1.231336816399999952e+04 5.293670000000000320e-01
1.232000000000000000e+04 5.300259999999999971e-01
1.232337109400000008e+04 5.303609999999999713e-01
1.233000000000000000e+04 5.309970000000000523e-01
1.233337402300000031e+04 5.314710000000000267e-01
1.234000000000000000e+04 5.322350000000000136e-01
1.234337597699999969e+04 5.324740000000000029e-01
1.235000000000000000e+04 5.328840000000000243e-01
1.235337890599999992e+04 5.330930000000000391e-01
1.236000000000000000e+04 5.334079999999999933e-01
1.236338183600000048e+04 5.335689999999999600e-01
1.237000000000000000e+04 5.337180000000000257e-01
1.237338476599999922e+04 5.339460000000000317e-01
1.238000000000000000e+04 5.343109999999999804e-01
1.238338671900000008e+04 5.343459999999999877e-01
1.239000000000000000e+04 5.342449999999999699e-01
1.239338964800000031e+04 5.341930000000000289e-01
1.240000000000000000e+04 5.340249999999999719e-01
1.240339257800000087e+04 5.339599999999999902e-01
1.241000000000000000e+04 5.337079999999999602e-01
1.241339453099999992e+04 5.337300000000000377e-01
1.242000000000000000e+04 5.336929999999999730e-01
1.242339843800000017e+04 5.335229999999999695e-01
1.243000000000000000e+04 5.331730000000000080e-01
1.243340136700000039e+04 5.329930000000000501e-01
1.244000000000000000e+04 5.325530000000000541e-01
1.244340429699999913e+04 5.323250000000000481e-01
1.245000000000000000e+04 5.319270000000000387e-01
1.245340625000000000e+04 5.318720000000000114e-01
1.246000000000000000e+04 5.317990000000000217e-01
1.246340918000000056e+04 5.316100000000000270e-01
1.247000000000000000e+04 5.312609999999999832e-01
1.247341210900000078e+04 5.310799999999999965e-01
1.248000000000000000e+04 5.307760000000000256e-01
1.248341406199999983e+04 5.306189999999999518e-01
1.249000000000000000e+04 5.303839999999999666e-01
1.249341699200000039e+04 5.304140000000000521e-01
1.250000000000000000e+04 5.306119999999999726e-01
1.250341992199999913e+04 5.305220000000000491e-01
1.251000000000000000e+04 5.304929999999999923e-01
1.251342285199999969e+04 5.304780000000000051e-01
1.252000000000000000e+04 5.305170000000000163e-01
1.252342480500000056e+04 5.305370000000000363e-01
1.253000000000000000e+04 5.307190000000000518e-01
1.253342773400000078e+04 5.309650000000000203e-01
1.254000000000000000e+04 5.314999999999999725e-01
1.254343066399999952e+04 5.316269999999999607e-01
1.255000000000000000e+04 5.320529999999999982e-01
1.255343261700000039e+04 5.322759999999999714e-01
1.256000000000000000e+04 5.327960000000000473e-01
1.256343554699999913e+04 5.332219999999999738e-01
1.257000000000000000e+04 5.341110000000000024e-01
1.257343945300000087e+04 5.344229999999999814e-01
1.258000000000000000e+04 5.350669999999999593e-01
1.258344238299999961e+04 5.354050000000000198e-01
1.259000000000000000e+04 5.360920000000000130e-01
1.259344433600000048e+04 5.364529999999999577e-01
1.260000000000000000e+04 5.370920000000000138e-01
1.260344726599999922e+04 5.375760000000000538e-01
1.261000000000000000e+04 5.384719999999999507e-01
1.261345019499999944e+04 5.387899999999999912e-01
1.262000000000000000e+04 5.395419999999999661e-01
1.262345214800000031e+04 5.399389999999999468e-01
1.263000000000000000e+04 5.405830000000000357e-01
1.263345507800000087e+04 5.409230000000000427e-01
1.264000000000000000e+04 5.414499999999999869e-01
1.264345800799999961e+04 5.418849999999999500e-01
1.265000000000000000e+04 5.426229999999999665e-01
1.265346093800000017e+04 5.428570000000000340e-01
1.266000000000000000e+04 5.431639999999999802e-01
1.266346289099999922e+04 5.433259999999999756e-01
1.267000000000000000e+04 5.435689999999999689e-01
1.267346581999999944e+04 5.436980000000000146e-01
1.268000000000000000e+04 5.437999999999999501e-01
1.268346875000000000e+04 5.440099999999999936e-01
1.269000000000000000e+04 5.442479999999999540e-01
1.269347070300000087e+04 5.442169999999999508e-01
1.270000000000000000e+04 5.441249999999999698e-01
1.270347363299999961e+04 5.440760000000000041e-01
1.271000000000000000e+04 5.438709999999999933e-01
1.271347656199999983e+04 5.437619999999999676e-01
1.272000000000000000e+04 5.434790000000000454e-01
1.272348046900000008e+04 5.434849999999999959e-01
1.273000000000000000e+04 5.433569999999999789e-01
1.273348242199999913e+04 5.431310000000000304e-01
1.274000000000000000e+04 5.427070000000000505e-01
1.274348535199999969e+04 5.424809999999999910e-01
1.275000000000000000e+04 5.419960000000000333e-01
1.275348828099999992e+04 5.417359999999999953e-01
1.276000000000000000e+04 5.412630000000000496e-01
1.276349023400000078e+04 5.410089999999999621e-01
1.277000000000000000e+04 5.405459999999999710e-01
1.277349316399999952e+04 5.404539999999999900e-01
1.278000000000000000e+04 5.402869999999999617e-01
1.278349609400000008e+04 5.400399999999999645e-01
1.279000000000000000e+04 5.396389999999999798e-01
1.279349902300000031e+04 5.394229999999999858e-01
1.280000000000000000e+04 5.390850000000000364e-01
1.280350097699999969e+04 5.388709999999999889e-01
1.281000000000000000e+04 5.385590000000000099e-01
1.281350390599999992e+04 5.385469999999999979e-01
1.282000000000000000e+04 5.386159999999999837e-01
1.282350683600000048e+04 5.384970000000000034e-01
1.283000000000000000e+04 5.383860000000000312e-01
1.283350878899999952e+04 5.383259999999999712e-01
1.284000000000000000e+04 5.383109999999999840e-01
1.284351171900000008e+04 5.383029999999999760e-01
1.285000000000000000e+04 5.383470000000000200e-01
1.285351464800000031e+04 5.385269999999999779e-01
1.286000000000000000e+04 5.390139999999999931e-01
1.286351757800000087e+04 5.391200000000000436e-01
1.287000000000000000e+04 5.393400000000000416e-01
1.287351953099999992e+04 5.394600000000000506e-01
1.288000000000000000e+04 5.397610000000000463e-01
1.288352343800000017e+04 5.399239999999999595e-01
1.289000000000000000e+04 5.402970000000000272e-01
1.289352636700000039e+04 5.406570000000000542e-01
1.290000000000000000e+04 5.414020000000000499e-01
1.290352831999999944e+04 5.416499999999999648e-01
1.291000000000000000e+04 5.420760000000000023e-01
1.291353125000000000e+04 5.423090000000000410e-01
1.292000000000000000e+04 5.427480000000000082e-01
1.292353418000000056e+04 5.429869999999999974e-01
1.293000000000000000e+04 5.433820000000000316e-01
1.293353710900000078e+04 5.437570000000000459e-01
1.294000000000000000e+04 5.443400000000000460e-01
1.294353906199999983e+04 5.444999999999999840e-01
1.295000000000000000e+04 5.447589999999999932e-01
1.295354199200000039e+04 5.449009999999999687e-01
1.296000000000000000e+04 5.451230000000000242e-01
1.296354492199999913e+04 5.452449999999999797e-01
1.297000000000000000e+04 5.453209999999999447e-01
1.297354785199999969e+04 5.453630000000000422e-01
1.298000000000000000e+04 5.452420000000000044e-01
1.298354980500000056e+04 5.453350000000000142e-01
1.299000000000000000e+04 5.454329999999999457e-01
1.299355273400000078e+04 5.453270000000000062e-01
1.300000000000000000e+04 5.450369999999999937e-01
1.300355566399999952e+04 5.449429999999999552e-01
1.301000000000000000e+04 5.446180000000000465e-01
1.301355761700000039e+04 5.444390000000000063e-01
1.302000000000000000e+04 5.439610000000000278e-01
1.302356054699999913e+04 5.438570000000000348e-01
1.303000000000000000e+04 5.435820000000000096e-01
1.303356445300000087e+04 5.432690000000000019e-01
1.304000000000000000e+04 5.426109999999999545e-01
1.304356738299999961e+04 5.422449999999999770e-01
1.305000000000000000e+04 5.415109999999999646e-01
1.305356933600000048e+04 5.411030000000000006e-01
1.306000000000000000e+04 5.402989999999999737e-01
1.306357226599999922e+04 5.398519999999999985e-01
1.307000000000000000e+04 5.389720000000000066e-01
1.307357519499999944e+04 5.386410000000000364e-01
1.308000000000000000e+04 5.380430000000000490e-01
1.308357714800000031e+04 5.375510000000000010e-01
1.309000000000000000e+04 5.366760000000000419e-01
1.309358007800000087e+04 5.361879999999999979e-01
1.310000000000000000e+04 5.353890000000000038e-01
1.310358300799999961e+04 5.349420000000000286e-01
1.311000000000000000e+04 5.341749999999999554e-01
1.311358593800000017e+04 5.337460000000000537e-01
1.312000000000000000e+04 5.331080000000000263e-01
1.312358789099999922e+04 5.329089999999999661e-01
1.313000000000000000e+04 5.327680000000000193e-01
1.313359081999999944e+04 5.325309999999999766e-01
1.314000000000000000e+04 5.321439999999999504e-01
1.314359375000000000e+04 5.319270000000000387e-01
1.315000000000000000e+04 5.316899999999999959e-01
1.315359570300000087e+04 5.315569999999999462e-01
1.316000000000000000e+04 5.314630000000000187e-01
1.316359863299999961e+04 5.315689999999999582e-01
1.317000000000000000e+04 5.319409999999999972e-01
1.317360156199999983e+04 5.319930000000000492e-01
1.318000000000000000e+04 5.322729999999999961e-01
1.318360546900000008e+04 5.324309999999999876e-01
1.319000000000000000e+04 5.328540000000000498e-01
1.319360742199999913e+04 5.330920000000000103e-01
1.320000000000000000e+04 5.336940000000000017e-01
1.320361035199999969e+04 5.339939999999999687e-01
1.321000000000000000e+04 5.347920000000000451e-01
1.321361328099999992e+04 5.354029999999999623e-01
1.322000000000000000e+04 5.365240000000000009e-01
1.322361523400000078e+04 5.369990000000000041e-01
1.323000000000000000e+04 5.379869999999999930e-01
1.323361816399999952e+04 5.385480000000000267e-01
1.324000000000000000e+04 5.396290000000000253e-01
1.324362109400000008e+04 5.402430000000000287e-01
1.325000000000000000e+04 5.413909999999999556e-01
1.325362402300000031e+04 5.420430000000000526e-01
1.326000000000000000e+04 5.432320000000000482e-01
1.326362597699999969e+04 5.439079999999999471e-01
1.327000000000000000e+04 5.451829999999999732e-01
1.327362890599999992e+04 5.460720000000000018e-01
1.328000000000000000e+04 5.475069999999999659e-01
1.328363183600000048e+04 5.481620000000000381e-01
1.329000000000000000e+04 5.492730000000000112e-01
1.329363378899999952e+04 5.499070000000000347e-01
1.330000000000000000e+04 5.508990000000000276e-01
1.330363671900000008e+04 5.514660000000000117e-01
1.331000000000000000e+04 5.522880000000000011e-01
1.331363964800000031e+04 5.527579999999999716e-01
1.332000000000000000e+04 5.533930000000000238e-01
1.332364257800000087e+04 5.539230000000000542e-01
1.333000000000000000e+04 5.546640000000000459e-01
1.333364453099999992e+04 5.549239999999999728e-01
1.334000000000000000e+04 5.551120000000000498e-01
1.334364843800000017e+04 5.552200000000000468e-01
1.335000000000000000e+04 5.551190000000000291e-01
1.335365136700000039e+04 5.550610000000000266e-01
1.336000000000000000e+04 5.547189999999999621e-01
1.336365331999999944e+04 5.545229999999999881e-01
1.337000000000000000e+04 5.539349999999999552e-01
1.337365625000000000e+04 5.535959999999999770e-01
1.338000000000000000e+04 5.527590000000000003e-01
1.338365918000000056e+04 5.524419999999999886e-01
1.339000000000000000e+04 5.516480000000000272e-01
1.339366210900000078e+04 5.510230000000000405e-01
1.340000000000000000e+04 5.497520000000000184e-01
1.340366406199999983e+04 5.489079999999999515e-01
1.341000000000000000e+04 5.473019999999999552e-01
1.341366699200000039e+04 5.463729999999999976e-01
1.342000000000000000e+04 5.446729999999999627e-01
1.342366992199999913e+04 5.436889999999999779e-01
1.343000000000000000e+04 5.419150000000000356e-01
1.343367187500000000e+04 5.408859999999999779e-01
1.344000000000000000e+04 5.390559999999999796e-01
1.344367480500000056e+04 5.381559999999999677e-01
1.345000000000000000e+04 5.366579999999999684e-01
1.345367773400000078e+04 5.356250000000000178e-01
1.346000000000000000e+04 5.339230000000000365e-01
1.346368066399999952e+04 5.329319999999999613e-01
1.347000000000000000e+04 5.313010000000000232e-01
1.347368261700000039e+04 5.303510000000000169e-01
1.348000000000000000e+04 5.288410000000000055e-01
1.348368554699999913e+04 5.279599999999999849e-01
1.349000000000000000e+04 5.266669999999999963e-01
1.349368945300000087e+04 5.259120000000000461e-01
1.350000000000000000e+04 5.248770000000000380e-01
1.350369238299999961e+04 5.244050000000000100e-01
1.351000000000000000e+04 5.238019999999999898e-01
1.351369433600000048e+04 5.232900000000000329e-01
1.352000000000000000e+04 5.226399999999999935e-01
1.352369726599999922e+04 5.222599999999999465e-01
1.353000000000000000e+04 5.218220000000000081e-01
1.353370019499999944e+04 5.215640000000000276e-01
1.354000000000000000e+04 5.213309999999999889e-01
1.354370214800000031e+04 5.211940000000000461e-01
1.355000000000000000e+04 5.212609999999999744e-01
1.355370507800000087e+04 5.213010000000000144e-01
1.356000000000000000e+04 5.214499999999999691e-01
1.356370800799999961e+04 5.215379999999999461e-01
1.357000000000000000e+04 5.217500000000000471e-01
1.357371093800000017e+04 5.220339999999999980e-01
1.358000000000000000e+04 5.226309999999999567e-01
1.358371289099999922e+04 5.228249999999999842e-01
1.359000000000000000e+04 5.231759999999999744e-01
1.359371581999999944e+04 5.233830000000000426e-01
1.360000000000000000e+04 5.237060000000000048e-01
1.360371875000000000e+04 5.235290000000000221e-01
1.361000000000000000e+04 5.231350000000000167e-01
1.361372070300000087e+04 5.229009999999999492e-01
1.362000000000000000e+04 5.223870000000000458e-01
1.362372363299999961e+04 5.220820000000000460e-01
1.363000000000000000e+04 5.214320000000000066e-01
1.363372656199999983e+04 5.210449999999999804e-01
1.364000000000000000e+04 5.201440000000000508e-01
1.364373046900000008e+04 5.196089999999999876e-01
1.365000000000000000e+04 5.184560000000000279e-01
1.365373242199999913e+04 5.179289999999999727e-01
1.366000000000000000e+04 5.168789999999999774e-01
1.366373535199999969e+04 5.160959999999999992e-01
1.367000000000000000e+04 5.145290000000000141e-01
1.367373828099999992e+04 5.135939999999999950e-01
1.368000000000000000e+04 5.117490000000000094e-01
1.368374023400000078e+04 5.106479999999999908e-01
1.369000000000000000e+04 5.087150000000000283e-01
1.369374316399999952e+04 5.075610000000000399e-01
1.370000000000000000e+04 5.056169999999999831e-01
1.370374609400000008e+04 5.044560000000000155e-01
1.371000000000000000e+04 5.025190000000000490e-01
1.371374902300000031e+04 5.013609999999999456e-01
1.372000000000000000e+04 4.996800000000000130e-01
1.372375097699999969e+04 4.986729999999999774e-01
1.373000000000000000e+04 4.972940000000000138e-01
1.373375390599999992e+04 4.964669999999999916e-01
1.374000000000000000e+04 4.952550000000000008e-01
1.374375683600000048e+04 4.946789999999999798e-01
1.375000000000000000e+04 4.939180000000000237e-01
1.375375878899999952e+04 4.933080000000000243e-01
1.376000000000000000e+04 4.927230000000000221e-01
1.376376171900000008e+04 4.923699999999999743e-01
1.377000000000000000e+04 4.922130000000000116e-01
1.377376464800000031e+04 4.921170000000000266e-01
1.378000000000000000e+04 4.923080000000000234e-01
1.378376757800000087e+04 4.924220000000000264e-01
1.379000000000000000e+04 4.928299999999999903e-01
1.379376953099999992e+04 4.930749999999999855e-01
1.380000000000000000e+04 4.937250000000000250e-01
1.380377343800000017e+04 4.942239999999999966e-01
1.381000000000000000e+04 4.950049999999999728e-01
1.381377636700000039e+04 4.954770000000000008e-01
1.382000000000000000e+04 4.959879999999999844e-01
1.382377831999999944e+04 4.962969999999999882e-01
1.383000000000000000e+04 4.964000000000000079e-01
1.383378125000000000e+04 4.972079999999999833e-01
1.384000000000000000e+04 4.980049999999999755e-01
1.384378418000000056e+04 4.984910000000000174e-01
1.385000000000000000e+04 4.985760000000000192e-01
1.385378710900000078e+04 4.987820000000000031e-01
1.386000000000000000e+04 4.983179999999999832e-01
1.386378906199999983e+04 4.978790000000000160e-01
1.387000000000000000e+04 4.964160000000000239e-01
1.387379199200000039e+04 4.955200000000000160e-01
1.388000000000000000e+04 4.935100000000000042e-01
1.388379492199999913e+04 4.922790000000000221e-01
1.389000000000000000e+04 4.899680000000000146e-01
1.389379785199999969e+04 4.885490000000000110e-01
1.390000000000000000e+04 4.862980000000000080e-01
1.390379980500000056e+04 4.849160000000000137e-01
1.391000000000000000e+04 4.828129999999999922e-01
1.391380273400000078e+04 4.815189999999999748e-01
1.392000000000000000e+04 4.800170000000000270e-01
1.392380566399999952e+04 4.790920000000000178e-01
1.393000000000000000e+04 4.781420000000000115e-01
1.393380761700000039e+04 4.775559999999999805e-01
1.394000000000000000e+04 4.765150000000000219e-01
1.394381054699999913e+04 4.758729999999999905e-01
1.395000000000000000e+04 4.736699999999999799e-01
1.395381445300000087e+04 4.723089999999999788e-01
1.396000000000000000e+04 4.673430000000000084e-01
1.396381738299999961e+04 4.642720000000000180e-01
1.397000000000000000e+04 4.543059999999999876e-01
1.397381933600000048e+04 4.481370000000000076e-01
1.398000000000000000e+04 4.311269999999999825e-01
1.398382226599999922e+04 4.205860000000000154e-01
1.399000000000000000e+04 3.961370000000000169e-01
1.399382519499999944e+04 3.809690000000000021e-01
1.400000000000000000e+04 3.500840000000000063e-01
1.400382714800000031e+04 3.307800000000000185e-01
1.401000000000000000e+04 2.950130000000000252e-01
1.401383007800000087e+04 2.727990000000000137e-01
1.402000000000000000e+04 2.366830000000000045e-01
1.402383300799999961e+04 2.142239999999999978e-01
1.403000000000000000e+04 1.806560000000000110e-01
1.403383593800000017e+04 1.597560000000000091e-01
1.404000000000000000e+04 1.319150000000000045e-01
1.404383789099999922e+04 1.145629999999999982e-01
1.405000000000000000e+04 9.293039999999999634e-02
1.405384081999999944e+04 7.943340000000000123e-02
1.406000000000000000e+04 6.366130000000000400e-02
1.406384375000000000e+04 5.380870000000000097e-02
1.407000000000000000e+04 4.231449999999999795e-02
1.407384570300000087e+04 3.513820000000000138e-02
1.408000000000000000e+04 2.756520000000000151e-02
1.408384863299999961e+04 2.281359999999999985e-02
1.409000000000000000e+04 1.821160000000000140e-02
1.409385156199999983e+04 1.532730000000000030e-02
1.410000000000000000e+04 1.224790000000000080e-02
1.410385546900000008e+04 1.031499999999999952e-02
1.411000000000000000e+04 8.227230000000000307e-03
1.411385742199999913e+04 6.915250000000000390e-03
1.412000000000000000e+04 5.741440000000000432e-03
1.412386035199999969e+04 5.003020000000000383e-03
1.413000000000000000e+04 4.184499999999999852e-03
1.413386328099999992e+04 3.668949999999999816e-03
1.414000000000000000e+04 3.165840000000000060e-03
1.414386523400000078e+04 2.848649999999999880e-03
1.415000000000000000e+04 2.298549999999999899e-03
1.415386816399999952e+04 1.951349999999999916e-03
1.416000000000000000e+04 1.589679999999999999e-03
1.416387109400000008e+04 1.361129999999999892e-03
1.417000000000000000e+04 1.103950000000000027e-03
1.417387402300000031e+04 9.412329999999999785e-04
1.418000000000000000e+04 7.066579999999999823e-04
1.418387597699999969e+04 5.580939999999999729e-04
1.419000000000000000e+04 5.614529999999999521e-04
1.419387890599999992e+04 5.634039999999999881e-04
1.420000000000000000e+04 4.988329999999999587e-04
1.420388183600000048e+04 4.578609999999999993e-04
1.421000000000000000e+04 3.924269999999999885e-04
1.421388378899999952e+04 3.508869999999999763e-04
1.422000000000000000e+04 3.166539999999999806e-04
1.422388671900000008e+04 2.948979999999999809e-04
1.423000000000000000e+04 2.431690000000000023e-04
1.423388964800000031e+04 2.102530000000000078e-04
1.424000000000000000e+04 1.795769999999999918e-04
1.424389257800000087e+04 1.600340000000000063e-04
1.425000000000000000e+04 1.438520000000000044e-04
1.425389453099999992e+04 1.335320000000000083e-04
1.426000000000000000e+04 1.317959999999999965e-04
1.426389843800000017e+04 1.306869999999999907e-04
