# F125W
1.065000000000000000e+04 1.290660000000000006e-04
1.066000000000000000e+04 1.410510000000000019e-04
1.067000000000000000e+04 1.530419999999999892e-04
1.067292285199999969e+04 1.565480000000000062e-04
1.067792382800000087e+04 1.457599999999999868e-04
1.068000000000000000e+04 1.573930000000000023e-04
1.068292578099999992e+04 1.738309999999999964e-04
1.068792675799999961e+04 1.751839999999999951e-04
1.069000000000000000e+04 1.849700000000000129e-04
1.069292871100000048e+04 1.987520000000000107e-04
1.069792968800000017e+04 1.834609999999999973e-04
1.070000000000000000e+04 1.911009999999999987e-04
1.070293066399999952e+04 2.019190000000000026e-04
1.070793261700000039e+04 1.776939999999999965e-04
1.071000000000000000e+04 1.529409999999999982e-04
1.071293359400000008e+04 1.178110000000000008e-04
1.071793456999999944e+04 2.171289999999999874e-04
1.072000000000000000e+04 3.127849999999999945e-04
1.072293652300000031e+04 4.488000000000000127e-04
1.072793847699999969e+04 5.651770000000000405e-04
1.073000000000000000e+04 5.350459999999999591e-04
1.073293945300000087e+04 4.920779999999999599e-04
1.073794140599999992e+04 4.502330000000000242e-04
1.074000000000000000e+04 4.822149999999999766e-04
1.074294238299999961e+04 5.279329999999999613e-04
1.074794335900000078e+04 5.540949999999999999e-04
1.075000000000000000e+04 5.870829999999999625e-04
1.075294531199999983e+04 6.343310000000000224e-04
1.075794628899999952e+04 6.707069999999999872e-04
1.076000000000000000e+04 7.227320000000000185e-04
1.076294824200000039e+04 7.974269999999999666e-04
1.076794921900000008e+04 8.339130000000000370e-04
1.077000000000000000e+04 8.768139999999999571e-04
1.077295019499999944e+04 9.385380000000000458e-04
1.077795214800000031e+04 9.476690000000000504e-04
1.078000000000000000e+04 9.785499999999999060e-04
1.078295312500000000e+04 1.023089999999999937e-03
1.078795410199999969e+04 1.402079999999999993e-03
1.079000000000000000e+04 1.467669999999999912e-03
1.079295605500000056e+04 1.562460000000000107e-03
1.079795703099999992e+04 1.901899999999999988e-03
1.080000000000000000e+04 1.976050000000000029e-03
1.080295800799999961e+04 2.083470000000000027e-03
1.080795996100000048e+04 2.179760000000000204e-03
1.081000000000000000e+04 2.297990000000000189e-03
1.081296093800000017e+04 2.469620000000000062e-03
1.081796191399999952e+04 2.804140000000000105e-03
1.082000000000000000e+04 2.950939999999999987e-03
1.082296386700000039e+04 3.164450000000000075e-03
1.082796484400000008e+04 3.583040000000000010e-03
1.083000000000000000e+04 3.789649999999999876e-03
1.083296679699999913e+04 4.090899999999999745e-03
1.083796777300000031e+04 4.643219999999999986e-03
1.084000000000000000e+04 4.903290000000000252e-03
1.084296875000000000e+04 5.283279999999999574e-03
1.084797070300000087e+04 5.961969999999999596e-03
1.085000000000000000e+04 6.257269999999999673e-03
1.085297168000000056e+04 6.689780000000000205e-03
1.085797265599999992e+04 7.930269999999999680e-03
1.086000000000000000e+04 8.379960000000000533e-03
1.086297460900000078e+04 9.042200000000000237e-03
1.086797558600000048e+04 1.056439999999999983e-02
1.087000000000000000e+04 1.120969999999999953e-02
1.087297656199999983e+04 1.215579999999999959e-02
1.087797851599999922e+04 1.383569999999999939e-02
1.088000000000000000e+04 1.469129999999999915e-02
1.088298046900000008e+04 1.595279999999999962e-02
1.088798144499999944e+04 1.847019999999999912e-02
1.089000000000000000e+04 1.961099999999999996e-02
1.089298339800000031e+04 2.129730000000000165e-02
1.089798437500000000e+04 2.464179999999999843e-02
1.090000000000000000e+04 2.624369999999999828e-02
1.090298632800000087e+04 2.861750000000000058e-02
1.090798730500000056e+04 3.320359999999999978e-02
1.091000000000000000e+04 3.531059999999999754e-02
1.091298828099999992e+04 3.843950000000000145e-02
1.091799023400000078e+04 4.449140000000000039e-02
1.092000000000000000e+04 4.731219999999999870e-02
1.092299121100000048e+04 5.151130000000000292e-02
1.092799218800000017e+04 5.975629999999999831e-02
1.093000000000000000e+04 6.348629999999999551e-02
1.093299414099999922e+04 6.904970000000000552e-02
1.093799511700000039e+04 7.965260000000000395e-02
1.094000000000000000e+04 8.429770000000000318e-02
1.094299609400000008e+04 9.124060000000000503e-02
1.094799804699999913e+04 1.044879999999999975e-01
1.095000000000000000e+04 1.103810000000000069e-01
1.095299902300000031e+04 1.192089999999999955e-01
1.095800000000000000e+04 1.352019999999999889e-01
1.096000000000000000e+04 1.421129999999999893e-01
1.096300195300000087e+04 1.524899999999999867e-01
1.096800293000000056e+04 1.702519999999999867e-01
1.097000000000000000e+04 1.780920000000000003e-01
1.097300488299999961e+04 1.899399999999999977e-01
1.097800585900000078e+04 2.108339999999999936e-01
1.098000000000000000e+04 2.192850000000000077e-01
1.098300683600000048e+04 2.319740000000000135e-01
1.098800878899999952e+04 2.534950000000000259e-01
1.099000000000000000e+04 2.619360000000000022e-01
1.099300976599999922e+04 2.746810000000000085e-01
1.099801074200000039e+04 2.961799999999999988e-01
1.100000000000000000e+04 3.044430000000000192e-01
1.100301269499999944e+04 3.169690000000000007e-01
1.100801367199999913e+04 3.368160000000000043e-01
1.101000000000000000e+04 3.442819999999999769e-01
1.101301464800000031e+04 3.556139999999999857e-01
1.101801660199999969e+04 3.727960000000000163e-01
1.102000000000000000e+04 3.791579999999999950e-01
1.102301757800000087e+04 3.888389999999999902e-01
1.102801855500000056e+04 4.031660000000000244e-01
1.103000000000000000e+04 4.082219999999999738e-01
1.103302148400000078e+04 4.159320000000000239e-01
1.103802246100000048e+04 4.269589999999999774e-01
1.104000000000000000e+04 4.307570000000000010e-01
1.104302441399999952e+04 4.365680000000000116e-01
1.104802539099999922e+04 4.447980000000000267e-01
1.105000000000000000e+04 4.474899999999999989e-01
1.105302636700000039e+04 4.516169999999999907e-01
1.105802831999999944e+04 4.574050000000000060e-01
1.106000000000000000e+04 4.592849999999999988e-01
1.106302929699999913e+04 4.622950000000000115e-01
1.106803027300000031e+04 4.664479999999999738e-01
1.107000000000000000e+04 4.678620000000000001e-01
1.107303222699999969e+04 4.699169999999999736e-01
1.107803320300000087e+04 4.725059999999999816e-01
1.108000000000000000e+04 4.733629999999999782e-01
1.108303418000000056e+04 4.746850000000000236e-01
1.108803613299999961e+04 4.764579999999999926e-01
1.109000000000000000e+04 4.770679999999999921e-01
1.109303710900000078e+04 4.780119999999999925e-01
1.109803808600000048e+04 4.792719999999999758e-01
1.110000000000000000e+04 4.797159999999999758e-01
1.110304003899999952e+04 4.804039999999999977e-01
1.110804101599999922e+04 4.813299999999999801e-01
1.111000000000000000e+04 4.816529999999999978e-01
1.111304199200000039e+04 4.821559999999999735e-01
1.111804394499999944e+04 4.829720000000000124e-01
1.112000000000000000e+04 4.832679999999999754e-01
1.112304492199999913e+04 4.837279999999999913e-01
1.112804687500000000e+04 4.843509999999999760e-01
1.113000000000000000e+04 4.845789999999999820e-01
1.113304785199999969e+04 4.849359999999999782e-01
1.113804882800000087e+04 4.855360000000000231e-01
1.114000000000000000e+04 4.857230000000000159e-01
1.114305078099999992e+04 4.861429999999999918e-01
1.114805175799999961e+04 4.867520000000000180e-01
1.115000000000000000e+04 4.869879999999999765e-01
1.115305273400000078e+04 4.872310000000000252e-01
1.115805468800000017e+04 4.875840000000000174e-01
1.116000000000000000e+04 4.876829999999999776e-01
1.116305566399999952e+04 4.878390000000000226e-01
1.116805664099999922e+04 4.880240000000000133e-01
1.117000000000000000e+04 4.880450000000000066e-01
1.117305859400000008e+04 4.880789999999999851e-01
1.117805956999999944e+04 4.882409999999999806e-01
1.118000000000000000e+04 4.882980000000000098e-01
1.118306054699999913e+04 4.883890000000000176e-01
1.118806347699999969e+04 4.885379999999999723e-01
1.119000000000000000e+04 4.885929999999999995e-01
1.119306445300000087e+04 4.886820000000000053e-01
1.119806640599999992e+04 4.887889999999999735e-01
1.120000000000000000e+04 4.888480000000000047e-01
1.120306738299999961e+04 4.890769999999999840e-01
1.120806835900000078e+04 4.894720000000000182e-01
1.121000000000000000e+04 4.896329999999999849e-01
1.121307031199999983e+04 4.897589999999999999e-01
1.121807128899999952e+04 4.900379999999999736e-01
1.122000000000000000e+04 4.901659999999999906e-01
1.122307226599999922e+04 4.903689999999999993e-01
1.122807421900000008e+04 4.905599999999999961e-01
1.123000000000000000e+04 4.906200000000000006e-01
1.123307519499999944e+04 4.907159999999999855e-01
1.123807617199999913e+04 4.909359999999999835e-01
1.124000000000000000e+04 4.910089999999999733e-01
1.124307812500000000e+04 4.911249999999999782e-01
1.124807910199999969e+04 4.912790000000000212e-01
1.125000000000000000e+04 4.913210000000000077e-01
1.125308007800000087e+04 4.913879999999999915e-01
1.125808203099999992e+04 4.914189999999999947e-01
1.126000000000000000e+04 4.913879999999999915e-01
1.126308300799999961e+04 4.913390000000000257e-01
1.126808496100000048e+04 4.913009999999999877e-01
1.127000000000000000e+04 4.913179999999999770e-01
1.127308593800000017e+04 4.914740000000000220e-01
1.127808691399999952e+04 4.916110000000000202e-01
1.128000000000000000e+04 4.916200000000000014e-01
1.128308886700000039e+04 4.915050000000000252e-01
1.128808984400000008e+04 4.913440000000000030e-01
1.129000000000000000e+04 4.912610000000000032e-01
1.129309081999999944e+04 4.911260000000000070e-01
1.129809277300000031e+04 4.908420000000000005e-01
1.130000000000000000e+04 4.907239999999999935e-01
1.130309375000000000e+04 4.905329999999999968e-01
1.130809472699999969e+04 4.900849999999999929e-01
1.131000000000000000e+04 4.899439999999999906e-01
1.131309668000000056e+04 4.897130000000000094e-01
1.131809765599999992e+04 4.892819999999999947e-01
1.132000000000000000e+04 4.891260000000000052e-01
1.132309863299999961e+04 4.888700000000000268e-01
1.132810058600000048e+04 4.884769999999999945e-01
1.133000000000000000e+04 4.883259999999999823e-01
1.133310156199999983e+04 4.882070000000000021e-01
1.133810351599999922e+04 4.880260000000000153e-01
1.134000000000000000e+04 4.879780000000000229e-01
1.134310546900000008e+04 4.877690000000000081e-01
1.134810644499999944e+04 4.875200000000000089e-01
1.135000000000000000e+04 4.874899999999999789e-01
1.135310839800000031e+04 4.874410000000000132e-01
1.135810937500000000e+04 4.874180000000000179e-01
1.136000000000000000e+04 4.874120000000000119e-01
1.136311035199999969e+04 4.874009999999999732e-01
1.136811230500000056e+04 4.873730000000000007e-01
1.137000000000000000e+04 4.873149999999999982e-01
1.137311328099999992e+04 4.872210000000000152e-01
1.137811425799999961e+04 4.873140000000000249e-01
1.138000000000000000e+04 4.874120000000000119e-01
1.138311621100000048e+04 4.877029999999999976e-01
1.138811718800000017e+04 4.882739999999999858e-01
1.139000000000000000e+04 4.884990000000000165e-01
1.139311816399999952e+04 4.887429999999999830e-01
1.139812011700000039e+04 4.892059999999999742e-01
1.140000000000000000e+04 4.893850000000000144e-01
1.140312109400000008e+04 4.896940000000000182e-01
1.140812304699999913e+04 4.901599999999999846e-01
1.141000000000000000e+04 4.903739999999999766e-01
1.141312402300000031e+04 4.907309999999999728e-01
1.141812500000000000e+04 4.912320000000000020e-01
1.142000000000000000e+04 4.914330000000000087e-01
1.142312695300000087e+04 4.917679999999999829e-01
1.142812793000000056e+04 4.921989999999999976e-01
1.143000000000000000e+04 4.923649999999999971e-01
1.143312890599999992e+04 4.926420000000000243e-01
1.143813085900000078e+04 4.930390000000000050e-01
1.144000000000000000e+04 4.931320000000000148e-01
1.144313183600000048e+04 4.934209999999999985e-01
1.144813281199999983e+04 4.938069999999999959e-01
1.145000000000000000e+04 4.939330000000000109e-01
1.145313476599999922e+04 4.940129999999999799e-01
1.145813574200000039e+04 4.940329999999999999e-01
1.146000000000000000e+04 4.940249999999999919e-01
1.146313671900000008e+04 4.940100000000000047e-01
1.146813867199999913e+04 4.939609999999999834e-01
1.147000000000000000e+04 4.939609999999999834e-01
1.147313964800000031e+04 4.939600000000000102e-01
1.147814160199999969e+04 4.936949999999999950e-01
1.148000000000000000e+04 4.935829999999999940e-01
1.148314257800000087e+04 4.933939999999999992e-01
1.148814355500000056e+04 4.930479999999999863e-01
1.149000000000000000e+04 4.929310000000000080e-01
1.149314648400000078e+04 4.928640000000000243e-01
1.149814746100000048e+04 4.927710000000000146e-01
1.150000000000000000e+04 4.927500000000000213e-01
1.150314843800000017e+04 4.925740000000000118e-01
1.150815039099999922e+04 4.922329999999999761e-01
1.151000000000000000e+04 4.921289999999999831e-01
1.151315136700000039e+04 4.919529999999999736e-01
1.151815234400000008e+04 4.918170000000000042e-01
1.152000000000000000e+04 4.917590000000000017e-01
1.152315429699999913e+04 4.916610000000000147e-01
1.152815527300000031e+04 4.916289999999999827e-01
1.153000000000000000e+04 4.915840000000000209e-01
1.153315625000000000e+04 4.915070000000000272e-01
1.153815820300000087e+04 4.917599999999999749e-01
1.154000000000000000e+04 4.919089999999999852e-01
1.154315918000000056e+04 4.922969999999999846e-01
1.154816113299999961e+04 4.930479999999999863e-01
1.155000000000000000e+04 4.933779999999999832e-01
1.155316210900000078e+04 4.938130000000000019e-01
1.155816308600000048e+04 4.946130000000000249e-01
1.156000000000000000e+04 4.949450000000000238e-01
1.156316503899999952e+04 4.955169999999999852e-01
1.156816601599999922e+04 4.965359999999999774e-01
1.157000000000000000e+04 4.969410000000000216e-01
1.157316699200000039e+04 4.976400000000000268e-01
1.157816894499999944e+04 4.989419999999999966e-01
1.158000000000000000e+04 4.994169999999999998e-01
1.158316992199999913e+04 5.002370000000000427e-01
1.158817089800000031e+04 5.015290000000000026e-01
1.159000000000000000e+04 5.019700000000000273e-01
1.159317285199999969e+04 5.028700000000000392e-01
1.159817382800000087e+04 5.043560000000000265e-01
1.160000000000000000e+04 5.048719999999999875e-01
1.160317480500000056e+04 5.056340000000000279e-01
1.160817675799999961e+04 5.067770000000000330e-01
1.161000000000000000e+04 5.071769999999999889e-01
1.161317773400000078e+04 5.078719999999999901e-01
1.161817968800000017e+04 5.088719999999999910e-01
1.162000000000000000e+04 5.091639999999999500e-01
1.162318066399999952e+04 5.096739999999999604e-01
1.162818164099999922e+04 5.104849999999999666e-01
1.163000000000000000e+04 5.106779999999999653e-01
1.163318359400000008e+04 5.111539999999999973e-01
1.163818456999999944e+04 5.118430000000000479e-01
1.164000000000000000e+04 5.120299999999999851e-01
1.164318554699999913e+04 5.122210000000000374e-01
1.164818847699999969e+04 5.123799999999999466e-01
1.165000000000000000e+04 5.123560000000000336e-01
1.165318945300000087e+04 5.123119999999999896e-01
1.165819043000000056e+04 5.121099999999999541e-01
1.166000000000000000e+04 5.119789999999999619e-01
1.166319238299999961e+04 5.117479999999999807e-01
1.166819335900000078e+04 5.112139999999999462e-01
1.167000000000000000e+04 5.110369999999999635e-01
1.167319433600000048e+04 5.107249999999999845e-01
1.167819628899999952e+04 5.101269999999999971e-01
1.168000000000000000e+04 5.099000000000000199e-01
1.168319726599999922e+04 5.096370000000000067e-01
1.168819921900000008e+04 5.091729999999999867e-01
1.169000000000000000e+04 5.089829999999999632e-01
1.169320019499999944e+04 5.085060000000000136e-01
1.169820117199999913e+04 5.078620000000000356e-01
1.170000000000000000e+04 5.076260000000000217e-01
1.170320312500000000e+04 5.072039999999999882e-01
1.170820410199999969e+04 5.066540000000000488e-01
1.171000000000000000e+04 5.064619999999999678e-01
1.171320507800000087e+04 5.061179999999999568e-01
1.171820703099999992e+04 5.055579999999999519e-01
1.172000000000000000e+04 5.054119999999999724e-01
1.172320800799999961e+04 5.052889999999999882e-01
1.172820898400000078e+04 5.051700000000000079e-01
1.173000000000000000e+04 5.052020000000000399e-01
1.173321093800000017e+04 5.051229999999999887e-01
1.173821191399999952e+04 5.049559999999999604e-01
1.174000000000000000e+04 5.049829999999999597e-01
1.174321289099999922e+04 5.050310000000000077e-01
1.174821484400000008e+04 5.051550000000000207e-01
1.175000000000000000e+04 5.052229999999999777e-01
1.175321581999999944e+04 5.053440000000000154e-01
1.175821777300000031e+04 5.055859999999999799e-01
1.176000000000000000e+04 5.057420000000000249e-01
1.176321875000000000e+04 5.060249999999999471e-01
1.176821972699999969e+04 5.064429999999999765e-01
1.177000000000000000e+04 5.066049999999999720e-01
1.177322168000000056e+04 5.070360000000000422e-01
1.177822265599999992e+04 5.077519999999999811e-01
1.178000000000000000e+04 5.080050000000000399e-01
1.178322363299999961e+04 5.083250000000000268e-01
1.178822558600000048e+04 5.088690000000000158e-01
1.179000000000000000e+04 5.090540000000000065e-01
1.179322656199999983e+04 5.093910000000000382e-01
1.179822753899999952e+04 5.097960000000000269e-01
1.180000000000000000e+04 5.099259999999999904e-01
1.180323046900000008e+04 5.101400000000000379e-01
1.180823144499999944e+04 5.104360000000000008e-01
1.181000000000000000e+04 5.105380000000000473e-01
1.181323242199999913e+04 5.108650000000000135e-01
1.181823437500000000e+04 5.112820000000000142e-01
1.182000000000000000e+04 5.113720000000000487e-01
1.182323535199999969e+04 5.113969999999999905e-01
1.182823730500000056e+04 5.114009999999999945e-01
1.183000000000000000e+04 5.113750000000000240e-01
1.183323828099999992e+04 5.113250000000000295e-01
1.183823925799999961e+04 5.111170000000000435e-01
1.184000000000000000e+04 5.110529999999999795e-01
1.184324121100000048e+04 5.109350000000000280e-01
1.184824218800000017e+04 5.106570000000000276e-01
1.185000000000000000e+04 5.105140000000000233e-01
1.185324316399999952e+04 5.103889999999999816e-01
1.185824511700000039e+04 5.102470000000000061e-01
1.186000000000000000e+04 5.101710000000000411e-01
1.186324609400000008e+04 5.098899999999999544e-01
1.186824706999999944e+04 5.094969999999999777e-01
1.187000000000000000e+04 5.093299999999999494e-01
1.187324902300000031e+04 5.090200000000000280e-01
1.187825000000000000e+04 5.085389999999999633e-01
1.188000000000000000e+04 5.083969999999999878e-01
1.188325097699999969e+04 5.081320000000000281e-01
1.188825293000000056e+04 5.077920000000000211e-01
1.189000000000000000e+04 5.076880000000000281e-01
1.189325390599999992e+04 5.076349999999999474e-01
1.189825585900000078e+04 5.075439999999999952e-01
1.190000000000000000e+04 5.076239999999999641e-01
1.190325683600000048e+04 5.076330000000000009e-01
1.190825781199999983e+04 5.076450000000000129e-01
1.191000000000000000e+04 5.076600000000000001e-01
1.191325976599999922e+04 5.076880000000000281e-01
1.191826074200000039e+04 5.077049999999999619e-01
1.192000000000000000e+04 5.077390000000000514e-01
1.192326171900000008e+04 5.078009999999999469e-01
1.192826367199999913e+04 5.080270000000000064e-01
1.193000000000000000e+04 5.081290000000000529e-01
1.193326464800000031e+04 5.083210000000000228e-01
1.193826562500000000e+04 5.086530000000000218e-01
1.194000000000000000e+04 5.087549999999999573e-01
1.194326757800000087e+04 5.090879999999999850e-01
1.194826855500000056e+04 5.094940000000000024e-01
1.195000000000000000e+04 5.097570000000000157e-01
1.195326953099999992e+04 5.101130000000000386e-01
1.195827246100000048e+04 5.106840000000000268e-01
1.196000000000000000e+04 5.108810000000000295e-01
1.196327343800000017e+04 5.112550000000000150e-01
1.196827539099999922e+04 5.117930000000000534e-01
1.197000000000000000e+04 5.120099999999999651e-01
1.197327636700000039e+04 5.124210000000000154e-01
1.197827734400000008e+04 5.131520000000000525e-01
1.198000000000000000e+04 5.133219999999999450e-01
1.198327929699999913e+04 5.137880000000000225e-01
1.198828027300000031e+04 5.144119999999999804e-01
1.199000000000000000e+04 5.146060000000000079e-01
1.199328125000000000e+04 5.148340000000000138e-01
1.199828320300000087e+04 5.150749999999999496e-01
1.200000000000000000e+04 5.151540000000000008e-01
1.200328418000000056e+04 5.153259999999999508e-01
1.200828515599999992e+04 5.155750000000000055e-01
1.201000000000000000e+04 5.156730000000000480e-01
1.201328710900000078e+04 5.158629999999999605e-01
1.201828808600000048e+04 5.161280000000000312e-01
1.202000000000000000e+04 5.162210000000000409e-01
1.202328906199999983e+04 5.165419999999999456e-01
1.202829101599999922e+04 5.168920000000000181e-01
1.203000000000000000e+04 5.169799999999999951e-01
1.203329199200000039e+04 5.170069999999999943e-01
1.203829394499999944e+04 5.169700000000000406e-01
1.204000000000000000e+04 5.169500000000000206e-01
1.204329492199999913e+04 5.169120000000000381e-01
1.204829589800000031e+04 5.166830000000000034e-01
1.205000000000000000e+04 5.166420000000000456e-01
1.205329785199999969e+04 5.165629999999999944e-01
1.205829882800000087e+04 5.164790000000000214e-01
1.206000000000000000e+04 5.164860000000000007e-01
1.206329980500000056e+04 5.166429999999999634e-01
1.206830175799999961e+04 5.168040000000000411e-01
1.207000000000000000e+04 5.168709999999999694e-01
1.207330273400000078e+04 5.168570000000000109e-01
1.207830371100000048e+04 5.169270000000000254e-01
1.208000000000000000e+04 5.169909999999999783e-01
1.208330566399999952e+04 5.171149999999999913e-01
1.208830664099999922e+04 5.173259999999999525e-01
1.209000000000000000e+04 5.174109999999999543e-01
1.209330859400000008e+04 5.175760000000000360e-01
1.209830956999999944e+04 5.177690000000000348e-01
1.210000000000000000e+04 5.178580000000000405e-01
1.210331054699999913e+04 5.181780000000000275e-01
1.210831347699999969e+04 5.186720000000000219e-01
1.211000000000000000e+04 5.188340000000000174e-01
1.211331445300000087e+04 5.190080000000000249e-01
1.211831543000000056e+04 5.193590000000000151e-01
1.212000000000000000e+04 5.194729999999999626e-01
1.212331738299999961e+04 5.196969999999999645e-01
1.212831835900000078e+04 5.199979999999999603e-01
1.213000000000000000e+04 5.201179999999999692e-01
1.213331933600000048e+04 5.203560000000000407e-01
1.213832128899999952e+04 5.206399999999999917e-01
1.214000000000000000e+04 5.207439999999999847e-01
1.214332226599999922e+04 5.210970000000000324e-01
1.214832324200000039e+04 5.216129999999999933e-01
1.215000000000000000e+04 5.217460000000000431e-01
1.215332519499999944e+04 5.218629999999999658e-01
1.215832617199999913e+04 5.220150000000000068e-01
1.216000000000000000e+04 5.219639999999999835e-01
1.216332812500000000e+04 5.218629999999999658e-01
1.216832910199999969e+04 5.219479999999999675e-01
1.217000000000000000e+04 5.219300000000000050e-01
1.217333007800000087e+04 5.218930000000000513e-01
1.217833203099999992e+04 5.217859999999999721e-01
1.218000000000000000e+04 5.217580000000000551e-01
1.218333300799999961e+04 5.218500000000000361e-01
1.218833398400000078e+04 5.219240000000000546e-01
1.219000000000000000e+04 5.219139999999999890e-01
1.219333593800000017e+04 5.217469999999999608e-01
1.219833691399999952e+04 5.215370000000000283e-01
1.220000000000000000e+04 5.214569999999999483e-01
1.220333789099999922e+04 5.212809999999999944e-01
1.220833984400000008e+04 5.208599999999999897e-01
1.221000000000000000e+04 5.207060000000000022e-01
1.221334081999999944e+04 5.205419999999999492e-01
1.221834179699999913e+04 5.202820000000000222e-01
1.222000000000000000e+04 5.201930000000000165e-01
1.222334375000000000e+04 5.198679999999999968e-01
1.222834472699999969e+04 5.193569999999999576e-01
1.223000000000000000e+04 5.191459999999999964e-01
1.223334668000000056e+04 5.187190000000000412e-01
1.223834765599999992e+04 5.182520000000000460e-01
1.224000000000000000e+04 5.181360000000000410e-01
1.224334863299999961e+04 5.179009999999999447e-01
1.224835058600000048e+04 5.175729999999999498e-01
1.225000000000000000e+04 5.174910000000000343e-01
1.225335156199999983e+04 5.174689999999999568e-01
1.225835253899999952e+04 5.176209999999999978e-01
1.226000000000000000e+04 5.176800000000000290e-01
1.226335546900000008e+04 5.176570000000000338e-01
1.226835644499999944e+04 5.179040000000000310e-01
1.227000000000000000e+04 5.179219999999999935e-01
1.227335742199999913e+04 5.179610000000000047e-01
1.227835937500000000e+04 5.181879999999999820e-01
1.228000000000000000e+04 5.182949999999999502e-01
1.228336035199999969e+04 5.185119999999999729e-01
1.228836132800000087e+04 5.188329999999999886e-01
1.229000000000000000e+04 5.189840000000000009e-01
1.229336328099999992e+04 5.194410000000000416e-01
1.229836425799999961e+04 5.202020000000000532e-01
1.230000000000000000e+04 5.204649999999999554e-01
1.230336621100000048e+04 5.208599999999999897e-01
1.230836718800000017e+04 5.215109999999999468e-01
1.231000000000000000e+04 5.217450000000000143e-01
1.231336816399999952e+04 5.222280000000000255e-01
1.231837011700000039e+04 5.229909999999999837e-01
1.232000000000000000e+04 5.232379999999999809e-01
1.232337109400000008e+04 5.237479999999999913e-01
1.232837206999999944e+04 5.244889999999999830e-01
1.233000000000000000e+04 5.247380000000000377e-01
1.233337402300000031e+04 5.254029999999999534e-01
1.233837500000000000e+04 5.263809999999999878e-01
1.234000000000000000e+04 5.266800000000000370e-01
1.234337597699999969e+04 5.271519999999999539e-01
1.234837793000000056e+04 5.278300000000000214e-01
1.235000000000000000e+04 5.280340000000000034e-01
1.235337890599999992e+04 5.284590000000000121e-01
1.235837988299999961e+04 5.289779999999999482e-01
1.236000000000000000e+04 5.291299999999999892e-01
1.236338183600000048e+04 5.294459999999999722e-01
1.236838281199999983e+04 5.298359999999999737e-01
1.237000000000000000e+04 5.299350000000000449e-01
1.237338476599999922e+04 5.302940000000000431e-01
1.237838574200000039e+04 5.307039999999999536e-01
1.238000000000000000e+04 5.308359999999999745e-01
1.238338671900000008e+04 5.309620000000000450e-01
1.238838867199999913e+04 5.309869999999999868e-01
1.239000000000000000e+04 5.309899999999999620e-01
1.239338964800000031e+04 5.309949999999999948e-01
1.239839062500000000e+04 5.309500000000000330e-01
1.240000000000000000e+04 5.308850000000000513e-01
1.240339257800000087e+04 5.307680000000000176e-01
1.240839355500000056e+04 5.306189999999999518e-01
1.241000000000000000e+04 5.305499999999999661e-01
1.241339453099999992e+04 5.305549999999999988e-01
1.241839746100000048e+04 5.305180000000000451e-01
1.242000000000000000e+04 5.305029999999999468e-01
1.242339843800000017e+04 5.303210000000000424e-01
1.242839941399999952e+04 5.300190000000000179e-01
1.243000000000000000e+04 5.298840000000000217e-01
1.243340136700000039e+04 5.295969999999999844e-01
1.243840234400000008e+04 5.292160000000000197e-01
1.244000000000000000e+04 5.291420000000000012e-01
1.244340429699999913e+04 5.289859999999999562e-01
1.244840527300000031e+04 5.288279999999999648e-01
1.245000000000000000e+04 5.287849999999999495e-01
1.245340625000000000e+04 5.288429999999999520e-01
1.245840820300000087e+04 5.290439999999999587e-01
1.246000000000000000e+04 5.291209999999999525e-01
1.246340918000000056e+04 5.291350000000000220e-01
1.246841015599999992e+04 5.291959999999999997e-01
1.247000000000000000e+04 5.292740000000000222e-01
1.247341210900000078e+04 5.294389999999999930e-01
1.247841308600000048e+04 5.297830000000000039e-01
1.248000000000000000e+04 5.298730000000000384e-01
1.248341406199999983e+04 5.300660000000000371e-01
1.248841601599999922e+04 5.303330000000000544e-01
1.249000000000000000e+04 5.304379999999999651e-01
1.249341699200000039e+04 5.308180000000000121e-01
1.249841796900000008e+04 5.314290000000000402e-01
1.250000000000000000e+04 5.316319999999999935e-01
1.250341992199999913e+04 5.318779999999999619e-01
1.250842089800000031e+04 5.322430000000000216e-01
1.251000000000000000e+04 5.323480000000000434e-01
1.251342285199999969e+04 5.325750000000000206e-01
1.251842382800000087e+04 5.329540000000000388e-01
1.252000000000000000e+04 5.330810000000000271e-01
1.252342480500000056e+04 5.333579999999999988e-01
1.252842675799999961e+04 5.336610000000000520e-01
1.253000000000000000e+04 5.337490000000000290e-01
1.253342773400000078e+04 5.340939999999999577e-01
1.253842871100000048e+04 5.345910000000000384e-01
1.254000000000000000e+04 5.347020000000000106e-01
1.254343066399999952e+04 5.347929999999999628e-01
1.254843164099999922e+04 5.348760000000000181e-01
1.255000000000000000e+04 5.348929999999999518e-01
1.255343261700000039e+04 5.349279999999999591e-01
1.255843456999999944e+04 5.348190000000000444e-01
1.256000000000000000e+04 5.347769999999999468e-01
1.256343554699999913e+04 5.348380000000000356e-01
1.256843652300000031e+04 5.348140000000000116e-01
1.257000000000000000e+04 5.347800000000000331e-01
1.257343945300000087e+04 5.345529999999999449e-01
1.257844043000000056e+04 5.340770000000000239e-01
1.258000000000000000e+04 5.339169999999999749e-01
1.258344238299999961e+04 5.335640000000000382e-01
1.258844335900000078e+04 5.329930000000000501e-01
1.259000000000000000e+04 5.327960000000000473e-01
1.259344433600000048e+04 5.323600000000000554e-01
1.259844628899999952e+04 5.316419999999999479e-01
1.260000000000000000e+04 5.314029999999999587e-01
1.260344726599999922e+04 5.310169999999999613e-01
1.260844824200000039e+04 5.304560000000000386e-01
1.261000000000000000e+04 5.302789999999999448e-01
1.261345019499999944e+04 5.297340000000000382e-01
1.261845117199999913e+04 5.289610000000000145e-01
1.262000000000000000e+04 5.286999999999999478e-01
1.262345214800000031e+04 5.281190000000000051e-01
1.262845410199999969e+04 5.272769999999999957e-01
1.263000000000000000e+04 5.270500000000000185e-01
1.263345507800000087e+04 5.265410000000000368e-01
1.263845703099999992e+04 5.258819999999999606e-01
1.264000000000000000e+04 5.256440000000000001e-01
1.264345800799999961e+04 5.252599999999999492e-01
1.264845898400000078e+04 5.248639999999999972e-01
1.265000000000000000e+04 5.248119999999999452e-01
1.265346093800000017e+04 5.245440000000000103e-01
1.265846191399999952e+04 5.241240000000000343e-01
1.266000000000000000e+04 5.240449999999999831e-01
1.266346289099999922e+04 5.238669999999999716e-01
1.266846484400000008e+04 5.237960000000000393e-01
1.267000000000000000e+04 5.237969999999999571e-01
1.267346581999999944e+04 5.238000000000000433e-01
1.267846679699999913e+04 5.240580000000000238e-01
1.268000000000000000e+04 5.241350000000000176e-01
1.268346875000000000e+04 5.244600000000000373e-01
1.268846972699999969e+04 5.249319999999999542e-01
1.269000000000000000e+04 5.251120000000000232e-01
1.269347070300000087e+04 5.253700000000000037e-01
1.269847265599999992e+04 5.257969999999999589e-01
1.270000000000000000e+04 5.259220000000000006e-01
1.270347363299999961e+04 5.262080000000000091e-01
1.270847558600000048e+04 5.266680000000000250e-01
1.271000000000000000e+04 5.268730000000000357e-01
1.271347656199999983e+04 5.273390000000000022e-01
1.271847753899999952e+04 5.281679999999999708e-01
1.272000000000000000e+04 5.284050000000000136e-01
1.272348046900000008e+04 5.291000000000000147e-01
1.272848144499999944e+04 5.301759999999999806e-01
1.273000000000000000e+04 5.305619999999999781e-01
1.273348242199999913e+04 5.312919999999999865e-01
1.273848437500000000e+04 5.322759999999999714e-01
1.274000000000000000e+04 5.325569999999999471e-01
1.274348535199999969e+04 5.332010000000000360e-01
1.274848632800000087e+04 5.340759999999999952e-01
1.275000000000000000e+04 5.343080000000000052e-01
1.275348828099999992e+04 5.348420000000000396e-01
1.275848925799999961e+04 5.356180000000000385e-01
1.276000000000000000e+04 5.358509999999999662e-01
1.276349023400000078e+04 5.363900000000000334e-01
1.276849218800000017e+04 5.369490000000000096e-01
1.277000000000000000e+04 5.371449999999999836e-01
1.277349316399999952e+04 5.377570000000000405e-01
1.277849511700000039e+04 5.386849999999999694e-01
1.278000000000000000e+04 5.389119999999999466e-01
1.278349609400000008e+04 5.392820000000000391e-01
1.278849706999999944e+04 5.398330000000000073e-01
1.279000000000000000e+04 5.400049999999999573e-01
1.279349902300000031e+04 5.404039999999999955e-01
1.279850000000000000e+04 5.407899999999999929e-01
1.280000000000000000e+04 5.409190000000000387e-01
1.280350097699999969e+04 5.411890000000000311e-01
1.280850293000000056e+04 5.417600000000000193e-01
1.281000000000000000e+04 5.418169999999999931e-01
1.281350390599999992e+04 5.421059999999999768e-01
1.281850488299999961e+04 5.424369999999999470e-01
1.282000000000000000e+04 5.425489999999999480e-01
1.282350683600000048e+04 5.426549999999999985e-01
1.282850781199999983e+04 5.427049999999999930e-01
1.283000000000000000e+04 5.426929999999999810e-01
1.283350878899999952e+04 5.426630000000000065e-01
1.283851074200000039e+04 5.426579999999999737e-01
1.284000000000000000e+04 5.426400000000000112e-01
1.284351171900000008e+04 5.425990000000000535e-01
1.284851367199999913e+04 5.424759999999999582e-01
1.285000000000000000e+04 5.424379999999999757e-01
1.285351464800000031e+04 5.425079999999999902e-01
1.285851562500000000e+04 5.425189999999999735e-01
1.286000000000000000e+04 5.425269999999999815e-01
1.286351757800000087e+04 5.423879999999999812e-01
1.286851855500000056e+04 5.421850000000000280e-01
1.287000000000000000e+04 5.421019999999999728e-01
1.287351953099999992e+04 5.419070000000000276e-01
1.287852246100000048e+04 5.415720000000000534e-01
1.288000000000000000e+04 5.414769999999999861e-01
1.288352343800000017e+04 5.412510000000000376e-01
1.288852441399999952e+04 5.407549999999999857e-01
1.289000000000000000e+04 5.406279999999999974e-01
1.289352636700000039e+04 5.404820000000000180e-01
1.289852734400000008e+04 5.402179999999999760e-01
1.290000000000000000e+04 5.400970000000000493e-01
1.290352831999999944e+04 5.396499999999999631e-01
1.290853027300000031e+04 5.388140000000000152e-01
1.291000000000000000e+04 5.386279999999999957e-01
1.291353125000000000e+04 5.381810000000000205e-01
1.291853320300000087e+04 5.373569999999999736e-01
1.292000000000000000e+04 5.371380000000000043e-01
1.292353418000000056e+04 5.366100000000000314e-01
1.292853515599999992e+04 5.358690000000000397e-01
1.293000000000000000e+04 5.355779999999999985e-01
1.293353710900000078e+04 5.350329999999999808e-01
1.293853808600000048e+04 5.343050000000000299e-01
1.294000000000000000e+04 5.340989999999999904e-01
1.294353906199999983e+04 5.334430000000000005e-01
1.294854101599999922e+04 5.324189999999999756e-01
1.295000000000000000e+04 5.320960000000000134e-01
1.295354199200000039e+04 5.313120000000000065e-01
1.295854296900000008e+04 5.301590000000000469e-01
1.296000000000000000e+04 5.298340000000000272e-01
1.296354492199999913e+04 5.290449999999999875e-01
1.296854589800000031e+04 5.279610000000000136e-01
1.297000000000000000e+04 5.276530000000000387e-01
1.297354785199999969e+04 5.269000000000000350e-01
1.297854882800000087e+04 5.259049999999999558e-01
1.298000000000000000e+04 5.255950000000000344e-01
1.298354980500000056e+04 5.249899999999999567e-01
1.298855175799999961e+04 5.240839999999999943e-01
1.299000000000000000e+04 5.238490000000000091e-01
1.299355273400000078e+04 5.231190000000000007e-01
1.299855371100000048e+04 5.222409999999999553e-01
1.300000000000000000e+04 5.219610000000000083e-01
1.300355566399999952e+04 5.213349999999999929e-01
1.300855664099999922e+04 5.205619999999999692e-01
1.301000000000000000e+04 5.203680000000000527e-01
1.301355761700000039e+04 5.198899999999999633e-01
1.301855956999999944e+04 5.193600000000000438e-01
1.302000000000000000e+04 5.192059999999999453e-01
1.302356054699999913e+04 5.189770000000000216e-01
1.302856152300000031e+04 5.189570000000000016e-01
1.303000000000000000e+04 5.189550000000000551e-01
1.303356445300000087e+04 5.187979999999999814e-01
1.303856543000000056e+04 5.186500000000000554e-01
1.304000000000000000e+04 5.186870000000000092e-01
1.304356738299999961e+04 5.187789999999999901e-01
1.304856835900000078e+04 5.189200000000000479e-01
1.305000000000000000e+04 5.190110000000000001e-01
1.305356933600000048e+04 5.192379999999999773e-01
1.305857128899999952e+04 5.196779999999999733e-01
1.306000000000000000e+04 5.198270000000000390e-01
1.306357226599999922e+04 5.201999999999999957e-01
1.306857324200000039e+04 5.209279999999999466e-01
1.307000000000000000e+04 5.211529999999999774e-01
1.307357519499999944e+04 5.218699999999999450e-01
1.307857617199999913e+04 5.229740000000000499e-01
1.308000000000000000e+04 5.233240000000000114e-01
1.308357714800000031e+04 5.240470000000000406e-01
1.308857910199999969e+04 5.251200000000000312e-01
1.309000000000000000e+04 5.254410000000000469e-01
1.309358007800000087e+04 5.262520000000000531e-01
1.309858105500000056e+04 5.275050000000000017e-01
1.310000000000000000e+04 5.278779999999999584e-01
1.310358300799999961e+04 5.288209999999999855e-01
1.310858398400000078e+04 5.301770000000000094e-01
1.311000000000000000e+04 5.305699999999999861e-01
1.311358593800000017e+04 5.315640000000000365e-01
1.311858691399999952e+04 5.328770000000000451e-01
1.312000000000000000e+04 5.332639999999999603e-01
1.312358789099999922e+04 5.344039999999999901e-01
1.312858984400000008e+04 5.359359999999999680e-01
1.313000000000000000e+04 5.363480000000000469e-01
1.313359081999999944e+04 5.372400000000000508e-01
1.313859179699999913e+04 5.385100000000000442e-01
1.314000000000000000e+04 5.388420000000000432e-01
1.314359375000000000e+04 5.396889999999999743e-01
1.314859472699999969e+04 5.408060000000000089e-01
1.315000000000000000e+04 5.410770000000000302e-01
1.315359570300000087e+04 5.417710000000000026e-01
1.315859765599999992e+04 5.427729999999999499e-01
1.316000000000000000e+04 5.430329999999999879e-01
1.316359863299999961e+04 5.438600000000000101e-01
1.316859960900000078e+04 5.449929999999999497e-01
1.317000000000000000e+04 5.452879999999999949e-01
1.317360156199999983e+04 5.458870000000000111e-01
1.317860253899999952e+04 5.466189999999999660e-01
1.318000000000000000e+04 5.467929999999999735e-01
1.318360546900000008e+04 5.472420000000000062e-01
1.318860644499999944e+04 5.479279999999999706e-01
1.319000000000000000e+04 5.480869999999999909e-01
1.319360742199999913e+04 5.484999999999999876e-01
1.319860937500000000e+04 5.489199999999999635e-01
1.320000000000000000e+04 5.490230000000000388e-01
1.320361035199999969e+04 5.492489999999999872e-01
1.320861132800000087e+04 5.494400000000000395e-01
1.321000000000000000e+04 5.494599999999999485e-01
1.321361328099999992e+04 5.496750000000000247e-01
1.321861425799999961e+04 5.500289999999999901e-01
1.322000000000000000e+04 5.500629999999999686e-01
1.322361523400000078e+04 5.499899999999999789e-01
1.322861718800000017e+04 5.500260000000000149e-01
1.323000000000000000e+04 5.500279999999999614e-01
1.323361816399999952e+04 5.500359999999999694e-01
1.323862011700000039e+04 5.500209999999999821e-01
1.324000000000000000e+04 5.500380000000000269e-01
1.324362109400000008e+04 5.500800000000000134e-01
1.324862206999999944e+04 5.501749999999999696e-01
1.325000000000000000e+04 5.502010000000000511e-01
1.325362402300000031e+04 5.502709999999999546e-01
1.325862500000000000e+04 5.501939999999999609e-01
1.326000000000000000e+04 5.501749999999999696e-01
1.326362597699999969e+04 5.501249999999999751e-01
1.326862793000000056e+04 5.499789999999999957e-01
1.327000000000000000e+04 5.499340000000000339e-01
1.327362890599999992e+04 5.499770000000000492e-01
1.327862988299999961e+04 5.498859999999999859e-01
1.328000000000000000e+04 5.498629999999999907e-01
1.328363183600000048e+04 5.496360000000000134e-01
1.328863281199999983e+04 5.494259999999999700e-01
1.329000000000000000e+04 5.493430000000000257e-01
1.329363378899999952e+04 5.491209999999999702e-01
1.329863574200000039e+04 5.488730000000000553e-01
1.330000000000000000e+04 5.487880000000000535e-01
1.330363671900000008e+04 5.485609999999999653e-01
1.330863867199999913e+04 5.483409999999999673e-01
1.331000000000000000e+04 5.482179999999999831e-01
1.331363964800000031e+04 5.478889999999999594e-01
1.331864062500000000e+04 5.472829999999999639e-01
1.332000000000000000e+04 5.471209999999999685e-01
1.332364257800000087e+04 5.468520000000000048e-01
1.332864355500000056e+04 5.464259999999999673e-01
1.333000000000000000e+04 5.462430000000000341e-01
1.333364453099999992e+04 5.455879999999999619e-01
1.333864746100000048e+04 5.447779999999999845e-01
1.334000000000000000e+04 5.445130000000000248e-01
1.334364843800000017e+04 5.437990000000000324e-01
1.334864941399999952e+04 5.426130000000000120e-01
1.335000000000000000e+04 5.423259999999999748e-01
1.335365136700000039e+04 5.415510000000000046e-01
1.335865234400000008e+04 5.404200000000000115e-01
1.336000000000000000e+04 5.401049999999999462e-01
1.336365331999999944e+04 5.392489999999999783e-01
1.336865527300000031e+04 5.380850000000000355e-01
1.337000000000000000e+04 5.377499999999999503e-01
1.337365625000000000e+04 5.368389999999999551e-01
1.337865820300000087e+04 5.356579999999999675e-01
1.338000000000000000e+04 5.353229999999999933e-01
1.338365918000000056e+04 5.345720000000000471e-01
1.338866015599999992e+04 5.335619999999999807e-01
1.339000000000000000e+04 5.333109999999999795e-01
1.339366210900000078e+04 5.324619999999999909e-01
1.339866308600000048e+04 5.314280000000000115e-01
1.340000000000000000e+04 5.311460000000000070e-01
1.340366406199999983e+04 5.302649999999999864e-01
1.340866601599999922e+04 5.289859999999999562e-01
1.341000000000000000e+04 5.286640000000000228e-01
1.341366699200000039e+04 5.277800000000000269e-01
1.341866796900000008e+04 5.266499999999999515e-01
1.342000000000000000e+04 5.263630000000000253e-01
1.342366992199999913e+04 5.255739999999999856e-01
1.342867089800000031e+04 5.244779999999999998e-01
1.343000000000000000e+04 5.242360000000000353e-01
1.343367187500000000e+04 5.235680000000000334e-01
1.343867382800000087e+04 5.228369999999999962e-01
1.344000000000000000e+04 5.227180000000000160e-01
1.344367480500000056e+04 5.225450000000000372e-01
1.344867675799999961e+04 5.223649999999999682e-01
1.345000000000000000e+04 5.223280000000000145e-01
1.345367773400000078e+04 5.220650000000000013e-01
1.345867871100000048e+04 5.217079999999999496e-01
1.346000000000000000e+04 5.216049999999999853e-01
1.346368066399999952e+04 5.213170000000000304e-01
1.346868164099999922e+04 5.212639999999999496e-01
1.347000000000000000e+04 5.213060000000000471e-01
1.347368261700000039e+04 5.214210000000000234e-01
1.347868456999999944e+04 5.217859999999999721e-01
1.348000000000000000e+04 5.218300000000000161e-01
1.348368554699999913e+04 5.219519999999999715e-01
1.348868652300000031e+04 5.221329999999999583e-01
1.349000000000000000e+04 5.222170000000000423e-01
1.349368945300000087e+04 5.224539999999999740e-01
1.349869043000000056e+04 5.230259999999999909e-01
1.350000000000000000e+04 5.231810000000000072e-01
1.350369238299999961e+04 5.237490000000000201e-01
1.350869335900000078e+04 5.244739999999999958e-01
1.351000000000000000e+04 5.247140000000000137e-01
1.351369433600000048e+04 5.252310000000000034e-01
1.351869628899999952e+04 5.258720000000000061e-01
1.352000000000000000e+04 5.260089999999999488e-01
1.352369726599999922e+04 5.263999999999999790e-01
1.352869824200000039e+04 5.270299999999999985e-01
1.353000000000000000e+04 5.272339999999999804e-01
1.353370019499999944e+04 5.278150000000000341e-01
1.353870117199999913e+04 5.287929999999999575e-01
1.354000000000000000e+04 5.289599999999999858e-01
1.354370214800000031e+04 5.294379999999999642e-01
1.354870410199999969e+04 5.298739999999999561e-01
1.355000000000000000e+04 5.300920000000000076e-01
1.355370507800000087e+04 5.307169999999999943e-01
1.355870605500000056e+04 5.314159999999999995e-01
1.356000000000000000e+04 5.316410000000000302e-01
1.356370800799999961e+04 5.322850000000000081e-01
1.356870898400000078e+04 5.327880000000000393e-01
1.357000000000000000e+04 5.329399999999999693e-01
1.357371093800000017e+04 5.335389999999999855e-01
1.357871191399999952e+04 5.344379999999999686e-01
1.358000000000000000e+04 5.346090000000000009e-01
1.358371289099999922e+04 5.349399999999999711e-01
1.358871484400000008e+04 5.356189999999999563e-01
1.359000000000000000e+04 5.357690000000000508e-01
1.359371581999999944e+04 5.362029999999999852e-01
1.359871679699999913e+04 5.366269999999999651e-01
1.360000000000000000e+04 5.367950000000000221e-01
1.360371875000000000e+04 5.369070000000000231e-01
1.360871972699999969e+04 5.369909999999999961e-01
1.361000000000000000e+04 5.369680000000000009e-01
1.361372070300000087e+04 5.369009999999999616e-01
1.361872265599999992e+04 5.366870000000000251e-01
1.362000000000000000e+04 5.366680000000000339e-01
1.362372363299999961e+04 5.366119999999999779e-01
1.362872460900000078e+04 5.365950000000000442e-01
1.363000000000000000e+04 5.365779999999999994e-01
1.363372656199999983e+04 5.365290000000000337e-01
1.363872753899999952e+04 5.365029999999999522e-01
1.364000000000000000e+04 5.364790000000000392e-01
1.364373046900000008e+04 5.364109999999999712e-01
1.364873144499999944e+04 5.361590000000000522e-01
1.365000000000000000e+04 5.361359999999999459e-01
1.365373242199999913e+04 5.362320000000000420e-01
1.365873437500000000e+04 5.362489999999999757e-01
1.366000000000000000e+04 5.362959999999999949e-01
1.366373535199999969e+04 5.362689999999999957e-01
1.366873632800000087e+04 5.360139999999999905e-01
1.367000000000000000e+04 5.359549999999999592e-01
1.367373828099999992e+04 5.357819999999999805e-01
1.367873925799999961e+04 5.354160000000000030e-01
1.368000000000000000e+04 5.353229999999999933e-01
1.368374023400000078e+04 5.350449999999999928e-01
1.368874218800000017e+04 5.348159999999999581e-01
1.369000000000000000e+04 5.347450000000000259e-01
1.369374316399999952e+04 5.345339999999999536e-01
1.369874511700000039e+04 5.341339999999999977e-01
1.370000000000000000e+04 5.340129999999999599e-01
1.370374609400000008e+04 5.336520000000000152e-01
1.370874706999999944e+04 5.330470000000000486e-01
1.371000000000000000e+04 5.329019999999999868e-01
1.371374902300000031e+04 5.324670000000000236e-01
1.371875000000000000e+04 5.319970000000000532e-01
1.372000000000000000e+04 5.318880000000000274e-01
1.372375097699999969e+04 5.315619999999999790e-01
1.372875293000000056e+04 5.309639999999999915e-01
1.373000000000000000e+04 5.308030000000000248e-01
1.373375390599999992e+04 5.303189999999999849e-01
1.373875488299999961e+04 5.296189999999999509e-01
1.374000000000000000e+04 5.294269999999999810e-01
1.374375683600000048e+04 5.290129999999999555e-01
1.374875781199999983e+04 5.283489999999999576e-01
1.375000000000000000e+04 5.281740000000000324e-01
1.375375878899999952e+04 5.274820000000000064e-01
1.375876074200000039e+04 5.264569999999999528e-01
1.376000000000000000e+04 5.262000000000000011e-01
1.376376171900000008e+04 5.254199999999999982e-01
1.376876367199999913e+04 5.246060000000000167e-01
1.377000000000000000e+04 5.242700000000000138e-01
1.377376464800000031e+04 5.232470000000000176e-01
1.377876562500000000e+04 5.221860000000000390e-01
1.378000000000000000e+04 5.218439999999999745e-01
1.378376757800000087e+04 5.208019999999999872e-01
1.378876855500000056e+04 5.194630000000000081e-01
1.379000000000000000e+04 5.190919999999999979e-01
1.379376953099999992e+04 5.179599999999999760e-01
1.379877246100000048e+04 5.162060000000000537e-01
1.380000000000000000e+04 5.157450000000000090e-01
1.380377343800000017e+04 5.144429999999999836e-01
1.380877441399999952e+04 5.124659999999999771e-01
1.381000000000000000e+04 5.119949999999999779e-01
1.381377636700000039e+04 5.105439999999999978e-01
1.381877734400000008e+04 5.084250000000000158e-01
1.382000000000000000e+04 5.079090000000000549e-01
1.382377831999999944e+04 5.063149999999999595e-01
1.382878027300000031e+04 5.041630000000000278e-01
1.383000000000000000e+04 5.036490000000000133e-01
1.383378125000000000e+04 5.028139999999999832e-01
1.383878320300000087e+04 5.017070000000000141e-01
1.384000000000000000e+04 5.014279999999999848e-01
1.384378418000000056e+04 5.005570000000000297e-01
1.384878515599999992e+04 4.993150000000000088e-01
1.385000000000000000e+04 4.990660000000000096e-01
1.385378710900000078e+04 4.984450000000000269e-01
1.385878808600000048e+04 4.979250000000000065e-01
1.386000000000000000e+04 4.978659999999999752e-01
1.386378906199999983e+04 4.975260000000000238e-01
1.386879101599999922e+04 4.974089999999999900e-01
1.387000000000000000e+04 4.974160000000000248e-01
1.387379199200000039e+04 4.974350000000000160e-01
1.387879296900000008e+04 4.975299999999999723e-01
1.388000000000000000e+04 4.977260000000000018e-01
1.388379492199999913e+04 4.983400000000000052e-01
1.388879589800000031e+04 4.994120000000000226e-01
1.389000000000000000e+04 4.997570000000000068e-01
1.389379785199999969e+04 5.008479999999999599e-01
1.389879882800000087e+04 5.026819999999999622e-01
1.390000000000000000e+04 5.031449999999999534e-01
1.390379980500000056e+04 5.046119999999999495e-01
1.390880175799999961e+04 5.066110000000000335e-01
1.391000000000000000e+04 5.070170000000000510e-01
1.391380273400000078e+04 5.083069999999999533e-01
1.391880371100000048e+04 5.097080000000000499e-01
1.392000000000000000e+04 5.098409999999999886e-01
1.392380566399999952e+04 5.102659999999999973e-01
1.392880664099999922e+04 5.096209999999999907e-01
1.393000000000000000e+04 5.090719999999999690e-01
1.393380761700000039e+04 5.073180000000000467e-01
1.393880956999999944e+04 5.028669999999999529e-01
1.394000000000000000e+04 5.013269999999999671e-01
1.394381054699999913e+04 4.963929999999999731e-01
1.394881152300000031e+04 4.875800000000000134e-01
1.395000000000000000e+04 4.849849999999999994e-01
1.395381445300000087e+04 4.766480000000000161e-01
1.395881543000000056e+04 4.628280000000000172e-01
1.396000000000000000e+04 4.589610000000000078e-01
1.396381738299999961e+04 4.464870000000000227e-01
1.396881835900000078e+04 4.276309999999999834e-01
1.397000000000000000e+04 4.225470000000000059e-01
1.397381933600000048e+04 4.061009999999999898e-01
1.397882128899999952e+04 3.832050000000000178e-01
1.398000000000000000e+04 3.768719999999999848e-01
1.398382226599999922e+04 3.563160000000000216e-01
1.398882324200000039e+04 3.286640000000000117e-01
1.399000000000000000e+04 3.219520000000000159e-01
1.399382519499999944e+04 3.001139999999999919e-01
1.399882617199999913e+04 2.722689999999999833e-01
1.400000000000000000e+04 2.659889999999999755e-01
1.400382714800000031e+04 2.454020000000000090e-01
1.400882910199999969e+04 2.180489999999999928e-01
1.401000000000000000e+04 2.119729999999999948e-01
1.401383007800000087e+04 1.920880000000000087e-01
1.401883105500000056e+04 1.671680000000000110e-01
1.402000000000000000e+04 1.617989999999999984e-01
1.402383300799999961e+04 1.441860000000000086e-01
1.402883398400000078e+04 1.241290000000000032e-01
1.403000000000000000e+04 1.199540000000000051e-01
1.403383593800000017e+04 1.062130000000000019e-01
1.403883691399999952e+04 9.118070000000000341e-02
1.404000000000000000e+04 8.819649999999999712e-02
1.404383789099999922e+04 7.834449999999999747e-02
1.404883984400000008e+04 6.757929999999999493e-02
1.405000000000000000e+04 6.540020000000000555e-02
1.405384081999999944e+04 5.818269999999999692e-02
1.405884179699999913e+04 5.011419999999999764e-02
1.406000000000000000e+04 4.849049999999999888e-02
1.406384375000000000e+04 4.309960000000000180e-02
1.406884472699999969e+04 3.688450000000000062e-02
1.407000000000000000e+04 3.566230000000000094e-02
1.407384570300000087e+04 3.160160000000000052e-02
1.407884765599999992e+04 2.695310000000000067e-02
1.408000000000000000e+04 2.606239999999999946e-02
1.408384863299999961e+04 2.307769999999999960e-02
1.408885058600000048e+04 2.019759999999999958e-02
1.409000000000000000e+04 1.953579999999999900e-02
1.409385156199999983e+04 1.731730000000000075e-02
1.409885253899999952e+04 1.514339999999999957e-02
1.410000000000000000e+04 1.471809999999999959e-02
1.410385546900000008e+04 1.328840000000000056e-02
1.410885644499999944e+04 1.186979999999999980e-02
1.411000000000000000e+04 1.148889999999999981e-02
1.411385742199999913e+04 1.020320000000000081e-02
1.411885937500000000e+04 9.015169999999999434e-03
1.412000000000000000e+04 8.783739999999999951e-03
1.412386035199999969e+04 8.000129999999999394e-03
1.412886132800000087e+04 7.081099999999999894e-03
1.413000000000000000e+04 6.897340000000000068e-03
1.413386328099999992e+04 6.273570000000000015e-03
1.413886425799999961e+04 5.550460000000000116e-03
1.414000000000000000e+04 5.404420000000000057e-03
1.414386523400000078e+04 4.907159999999999821e-03
1.414886718800000017e+04 4.251170000000000296e-03
1.415000000000000000e+04 4.163840000000000249e-03
1.415386816399999952e+04 3.865490000000000072e-03
1.415887011700000039e+04 3.598070000000000088e-03
1.416000000000000000e+04 3.547450000000000169e-03
1.416387109400000008e+04 3.373919999999999871e-03
1.416887206999999944e+04 2.876909999999999884e-03
1.417000000000000000e+04 2.796530000000000196e-03
1.417387402300000031e+04 2.520290000000000117e-03
1.417887500000000000e+04 2.263439999999999810e-03
1.418000000000000000e+04 2.212019999999999872e-03
1.418387597699999969e+04 2.034779999999999922e-03
1.418887793000000056e+04 1.828500000000000047e-03
1.419000000000000000e+04 1.787809999999999920e-03
1.419387890599999992e+04 1.646550000000000097e-03
1.419887988299999961e+04 1.475610000000000029e-03
1.420000000000000000e+04 1.432810000000000073e-03
1.420388183600000048e+04 1.284460000000000072e-03
1.420888281199999983e+04 1.044210000000000060e-03
1.421000000000000000e+04 1.000730000000000022e-03
1.421388378899999952e+04 8.495570000000000248e-04
1.421888574200000039e+04 9.929599999999999798e-04
1.422000000000000000e+04 9.875389999999999516e-04
1.422388671900000008e+04 9.686290000000000395e-04
1.422888867199999913e+04 9.628279999999999911e-04
1.423000000000000000e+04 9.541680000000000300e-04
1.423388964800000031e+04 9.238560000000000261e-04
1.423889062500000000e+04 6.643740000000000192e-04
1.424000000000000000e+04 6.475190000000000459e-04
1.424389257800000087e+04 5.883750000000000308e-04
1.424889355500000056e+04 5.457399999999999621e-04
1.425000000000000000e+04 5.336419999999999705e-04
1.425389453099999992e+04 4.910589999999999617e-04
1.425889746100000048e+04 4.420550000000000087e-04
1.426000000000000000e+04 4.340759999999999823e-04
1.426389843800000017e+04 4.058630000000000137e-04
1.426889941399999952e+04 3.767520000000000005e-04
1.427000000000000000e+04 3.694160000000000152e-04
1.427390136700000039e+04 3.434089999999999777e-04
1.428000000000000000e+04 3.312219999999999943e-04
1.429000000000000000e+04 3.112359999999999996e-04
1.430000000000000000e+04 2.912470000000000120e-04
1.431000000000000000e+04 2.712549999999999770e-04
1.432000000000000000e+04 2.512600000000000033e-04
1.433000000000000000e+04 2.312629999999999981e-04
1.434000000000000000e+04 2.112629999999999998e-04
1.435000000000000000e+04 1.912589999999999928e-04
1.436000000000000000e+04 1.712530000000000085e-04
1.437000000000000000e+04 1.512440000000000041e-04
1.438000000000000000e+04 1.312329999999999953e-04
1.438393066399999952e+04 1.233659999999999976e-04
1.439000000000000000e+04 1.128079999999999946e-04
