# F1280W
1.109200000000000000e+05 1.000000000000000048e-04
1.109800000000000000e+05 1.000000000000000048e-04
1.110400000000000000e+05 1.000000000000000048e-04
1.110900000000000000e+05 2.000000000000000096e-04
1.111500000000000000e+05 2.000000000000000096e-04
1.112100000000000000e+05 2.999999999999999737e-04
1.112700000000000000e+05 2.999999999999999737e-04
1.113300000000000000e+05 4.000000000000000192e-04
1.113800000000000000e+05 5.000000000000000104e-04
1.114400000000000000e+05 5.000000000000000104e-04
1.115000000000000000e+05 5.999999999999999474e-04
1.115600000000000000e+05 6.999999999999999929e-04
1.116200000000000000e+05 8.000000000000000383e-04
1.116700000000000000e+05 1.000000000000000021e-03
1.117300000000000000e+05 1.100000000000000066e-03
1.117900000000000000e+05 1.199999999999999895e-03
1.118500000000000000e+05 1.399999999999999986e-03
1.119100000000000000e+05 1.500000000000000031e-03
1.119600000000000000e+05 1.699999999999999905e-03
1.120200000000000000e+05 1.899999999999999996e-03
1.120800000000000000e+05 2.099999999999999870e-03
1.121400000000000000e+05 2.200000000000000133e-03
1.122000000000000000e+05 2.399999999999999790e-03
1.122500000000000000e+05 2.599999999999999881e-03
1.123100000000000000e+05 2.799999999999999972e-03
1.123700000000000000e+05 3.000000000000000062e-03
1.124300000000000000e+05 3.200000000000000153e-03
1.124900000000000000e+05 3.399999999999999811e-03
1.125400000000000000e+05 3.599999999999999901e-03
1.126000000000000000e+05 3.799999999999999992e-03
1.126600000000000000e+05 4.000000000000000083e-03
1.127200000000000000e+05 4.199999999999999740e-03
1.127800000000000000e+05 4.400000000000000265e-03
1.128300000000000000e+05 4.499999999999999660e-03
1.128900000000000000e+05 4.700000000000000185e-03
1.129500000000000000e+05 4.899999999999999842e-03
1.130100000000000000e+05 5.100000000000000366e-03
1.130700000000000000e+05 5.300000000000000024e-03
1.131200000000000000e+05 5.599999999999999943e-03
1.131800000000000000e+05 5.799999999999999600e-03
1.132400000000000000e+05 6.000000000000000125e-03
1.133000000000000000e+05 6.199999999999999782e-03
1.133600000000000000e+05 6.499999999999999702e-03
1.134100000000000000e+05 6.700000000000000226e-03
1.134700000000000000e+05 7.000000000000000146e-03
1.135300000000000000e+05 7.300000000000000065e-03
1.135900000000000000e+05 7.700000000000000247e-03
1.136500000000000000e+05 8.099999999999999561e-03
1.137000000000000000e+05 8.500000000000000611e-03
1.137600000000000000e+05 8.899999999999999925e-03
1.138200000000000000e+05 9.400000000000000369e-03
1.138800000000000000e+05 1.000000000000000021e-02
1.139400000000000000e+05 1.060000000000000005e-02
1.139900000000000000e+05 1.119999999999999989e-02
1.140500000000000000e+05 1.190000000000000085e-02
1.141100000000000000e+05 1.269999999999999948e-02
1.141700000000000000e+05 1.349999999999999985e-02
1.142300000000000000e+05 1.439999999999999961e-02
1.142800000000000000e+05 1.549999999999999989e-02
1.143400000000000000e+05 1.660000000000000017e-02
1.144000000000000000e+05 1.770000000000000046e-02
1.144600000000000000e+05 1.940000000000000058e-02
1.145200000000000000e+05 2.110000000000000070e-02
1.145700000000000000e+05 2.280000000000000082e-02
1.146300000000000000e+05 2.489999999999999852e-02
1.146900000000000000e+05 2.740000000000000074e-02
1.147500000000000000e+05 2.980000000000000010e-02
1.148100000000000000e+05 3.239999999999999825e-02
1.148600000000000000e+05 3.579999999999999849e-02
1.149200000000000000e+05 3.930000000000000160e-02
1.149800000000000000e+05 4.270000000000000184e-02
1.150400000000000000e+05 4.700000000000000011e-02
1.151000000000000000e+05 5.179999999999999882e-02
1.151500000000000000e+05 5.659999999999999754e-02
1.152100000000000000e+05 6.189999999999999669e-02
1.152700000000000000e+05 6.940000000000000335e-02
1.153300000000000000e+05 7.679999999999999327e-02
1.153900000000000000e+05 8.429999999999999993e-02
1.154400000000000000e+05 9.339999999999999691e-02
1.155000000000000000e+05 1.029999999999999943e-01
1.155600000000000000e+05 1.126000000000000056e-01
1.156200000000000000e+05 1.228000000000000064e-01
1.156800000000000000e+05 1.343999999999999917e-01
1.157300000000000000e+05 1.459999999999999909e-01
1.157900000000000000e+05 1.575999999999999901e-01
1.158500000000000000e+05 1.706999999999999906e-01
1.159100000000000000e+05 1.841000000000000136e-01
1.159700000000000000e+05 1.975000000000000089e-01
1.160200000000000000e+05 2.107999999999999874e-01
1.160800000000000000e+05 2.240999999999999936e-01
1.161400000000000000e+05 2.373999999999999999e-01
1.162000000000000000e+05 2.506999999999999784e-01
1.162600000000000000e+05 2.620000000000000107e-01
1.163100000000000000e+05 2.732999999999999874e-01
1.163700000000000000e+05 2.846000000000000196e-01
1.164300000000000000e+05 2.944999999999999840e-01
1.164900000000000000e+05 3.033000000000000140e-01
1.165500000000000000e+05 3.119999999999999996e-01
1.166000000000000000e+05 3.205000000000000071e-01
1.166600000000000000e+05 3.256999999999999895e-01
1.167200000000000000e+05 3.307999999999999829e-01
1.167800000000000000e+05 3.360000000000000209e-01
1.168400000000000000e+05 3.392000000000000015e-01
1.168900000000000000e+05 3.411000000000000143e-01
1.169500000000000000e+05 3.430000000000000271e-01
1.170100000000000000e+05 3.447999999999999954e-01
1.170700000000000000e+05 3.454999999999999738e-01
1.171300000000000000e+05 3.462999999999999967e-01
1.171800000000000000e+05 3.471000000000000196e-01
1.172400000000000000e+05 3.472999999999999976e-01
1.173000000000000000e+05 3.472999999999999976e-01
1.173600000000000000e+05 3.472999999999999976e-01
1.174200000000000000e+05 3.472000000000000086e-01
1.174700000000000000e+05 3.469999999999999751e-01
1.175300000000000000e+05 3.467999999999999972e-01
1.175900000000000000e+05 3.464999999999999747e-01
1.176500000000000000e+05 3.463999999999999857e-01
1.177100000000000000e+05 3.462999999999999967e-01
1.177600000000000000e+05 3.462000000000000077e-01
1.178200000000000000e+05 3.461000000000000187e-01
1.178800000000000000e+05 3.459999999999999742e-01
1.179400000000000000e+05 3.459999999999999742e-01
1.180000000000000000e+05 3.458999999999999853e-01
1.180500000000000000e+05 3.459999999999999742e-01
1.181100000000000000e+05 3.459999999999999742e-01
1.181700000000000000e+05 3.461000000000000187e-01
1.182300000000000000e+05 3.461000000000000187e-01
1.182900000000000000e+05 3.462000000000000077e-01
1.183400000000000000e+05 3.462999999999999967e-01
1.184000000000000000e+05 3.463999999999999857e-01
1.184600000000000000e+05 3.463999999999999857e-01
1.185200000000000000e+05 3.464999999999999747e-01
1.185800000000000000e+05 3.466000000000000192e-01
1.186300000000000000e+05 3.467000000000000082e-01
1.186900000000000000e+05 3.467999999999999972e-01
1.187500000000000000e+05 3.468999999999999861e-01
1.188100000000000000e+05 3.469999999999999751e-01
1.188700000000000000e+05 3.472000000000000086e-01
1.189200000000000000e+05 3.472999999999999976e-01
1.189800000000000000e+05 3.473999999999999866e-01
1.190400000000000000e+05 3.474999999999999756e-01
1.191000000000000000e+05 3.476000000000000201e-01
1.191600000000000000e+05 3.477999999999999980e-01
1.192100000000000000e+05 3.478999999999999870e-01
1.192700000000000000e+05 3.479999999999999760e-01
1.193300000000000000e+05 3.481000000000000205e-01
1.193900000000000000e+05 3.482000000000000095e-01
1.194500000000000000e+05 3.482999999999999985e-01
1.195000000000000000e+05 3.484999999999999765e-01
1.195600000000000000e+05 3.486000000000000210e-01
1.196200000000000000e+05 3.487000000000000099e-01
1.196800000000000000e+05 3.487999999999999989e-01
1.197400000000000000e+05 3.489999999999999769e-01
1.197900000000000000e+05 3.491000000000000214e-01
1.198500000000000000e+05 3.492000000000000104e-01
1.199100000000000000e+05 3.493999999999999884e-01
1.199700000000000000e+05 3.496000000000000218e-01
1.200300000000000000e+05 3.497000000000000108e-01
1.200800000000000000e+05 3.497000000000000108e-01
1.201400000000000000e+05 3.497999999999999998e-01
1.202000000000000000e+05 3.498999999999999888e-01
1.202600000000000000e+05 3.498999999999999888e-01
1.203200000000000000e+05 3.499999999999999778e-01
1.203700000000000000e+05 3.499999999999999778e-01
1.204300000000000000e+05 3.501000000000000223e-01
1.204900000000000000e+05 3.502000000000000113e-01
1.205500000000000000e+05 3.502000000000000113e-01
1.206100000000000000e+05 3.503000000000000003e-01
1.206600000000000000e+05 3.503000000000000003e-01
1.207200000000000000e+05 3.503000000000000003e-01
1.207800000000000000e+05 3.503999999999999893e-01
1.208400000000000000e+05 3.503999999999999893e-01
1.209000000000000000e+05 3.503000000000000003e-01
1.209500000000000000e+05 3.503000000000000003e-01
1.210100000000000000e+05 3.503000000000000003e-01
1.210700000000000000e+05 3.502000000000000113e-01
1.211300000000000000e+05 3.502000000000000113e-01
1.211900000000000000e+05 3.501000000000000223e-01
1.212400000000000000e+05 3.499999999999999778e-01
1.213000000000000000e+05 3.498999999999999888e-01
1.213600000000000000e+05 3.497999999999999998e-01
1.214200000000000000e+05 3.497000000000000108e-01
1.214800000000000000e+05 3.494999999999999774e-01
1.215300000000000000e+05 3.492999999999999994e-01
1.215900000000000000e+05 3.491000000000000214e-01
1.216500000000000000e+05 3.488999999999999879e-01
1.217100000000000000e+05 3.487000000000000099e-01
1.217700000000000000e+05 3.484999999999999765e-01
1.218200000000000000e+05 3.482999999999999985e-01
1.218800000000000000e+05 3.479999999999999760e-01
1.219400000000000000e+05 3.477999999999999980e-01
1.220000000000000000e+05 3.474999999999999756e-01
1.220600000000000000e+05 3.472999999999999976e-01
1.221100000000000000e+05 3.469999999999999751e-01
1.221700000000000000e+05 3.467000000000000082e-01
1.222300000000000000e+05 3.463999999999999857e-01
1.222900000000000000e+05 3.461000000000000187e-01
1.223500000000000000e+05 3.457999999999999963e-01
1.224000000000000000e+05 3.454999999999999738e-01
1.224600000000000000e+05 3.452000000000000068e-01
1.225200000000000000e+05 3.448999999999999844e-01
1.225800000000000000e+05 3.444999999999999729e-01
1.226400000000000000e+05 3.442000000000000060e-01
1.226900000000000000e+05 3.438999999999999835e-01
1.227500000000000000e+05 3.436000000000000165e-01
1.228100000000000000e+05 3.432000000000000051e-01
1.228700000000000000e+05 3.428999999999999826e-01
1.229300000000000000e+05 3.426000000000000156e-01
1.229800000000000000e+05 3.422999999999999932e-01
1.230400000000000000e+05 3.420000000000000262e-01
1.231000000000000000e+05 3.417999999999999927e-01
1.231600000000000000e+05 3.415000000000000258e-01
1.232200000000000000e+05 3.412000000000000033e-01
1.232700000000000000e+05 3.410000000000000253e-01
1.233300000000000000e+05 3.407000000000000028e-01
1.233900000000000000e+05 3.403999999999999804e-01
1.234500000000000000e+05 3.402000000000000024e-01
1.235100000000000000e+05 3.401000000000000134e-01
1.235600000000000000e+05 3.398999999999999799e-01
1.236200000000000000e+05 3.397000000000000020e-01
1.236800000000000000e+05 3.395000000000000240e-01
1.237400000000000000e+05 3.393999999999999795e-01
1.238000000000000000e+05 3.392000000000000015e-01
1.238500000000000000e+05 3.392000000000000015e-01
1.239100000000000000e+05 3.392000000000000015e-01
1.239700000000000000e+05 3.391000000000000125e-01
1.240300000000000000e+05 3.392000000000000015e-01
1.240900000000000000e+05 3.392000000000000015e-01
1.241400000000000000e+05 3.392999999999999905e-01
1.242000000000000000e+05 3.393999999999999795e-01
1.242600000000000000e+05 3.395000000000000240e-01
1.243200000000000000e+05 3.396000000000000130e-01
1.243800000000000000e+05 3.397000000000000020e-01
1.244300000000000000e+05 3.398999999999999799e-01
1.244900000000000000e+05 3.401000000000000134e-01
1.245500000000000000e+05 3.403999999999999804e-01
1.246100000000000000e+05 3.406000000000000139e-01
1.246700000000000000e+05 3.407999999999999918e-01
1.247200000000000000e+05 3.411000000000000143e-01
1.247800000000000000e+05 3.412999999999999923e-01
1.248400000000000000e+05 3.416000000000000147e-01
1.249000000000000000e+05 3.418999999999999817e-01
1.249600000000000000e+05 3.422000000000000042e-01
1.250100000000000000e+05 3.425000000000000266e-01
1.250700000000000000e+05 3.427999999999999936e-01
1.251300000000000000e+05 3.432000000000000051e-01
1.251900000000000000e+05 3.436000000000000165e-01
1.252500000000000000e+05 3.439999999999999725e-01
1.253000000000000000e+05 3.442999999999999949e-01
1.253600000000000000e+05 3.447000000000000064e-01
1.254200000000000000e+05 3.449999999999999734e-01
1.254800000000000000e+05 3.453999999999999848e-01
1.255400000000000000e+05 3.457000000000000073e-01
1.255900000000000000e+05 3.461000000000000187e-01
1.256500000000000000e+05 3.462999999999999967e-01
1.257100000000000000e+05 3.466000000000000192e-01
1.257700000000000000e+05 3.467999999999999972e-01
1.258300000000000000e+05 3.471000000000000196e-01
1.258800000000000000e+05 3.472999999999999976e-01
1.259400000000000000e+05 3.474999999999999756e-01
1.260000000000000000e+05 3.477000000000000091e-01
1.260600000000000000e+05 3.478999999999999870e-01
1.261200000000000000e+05 3.479999999999999760e-01
1.261700000000000000e+05 3.482000000000000095e-01
1.262300000000000000e+05 3.482999999999999985e-01
1.262900000000000000e+05 3.482999999999999985e-01
1.263500000000000000e+05 3.483999999999999875e-01
1.264100000000000000e+05 3.483999999999999875e-01
1.264600000000000000e+05 3.484999999999999765e-01
1.265200000000000000e+05 3.484999999999999765e-01
1.265800000000000000e+05 3.484999999999999765e-01
1.266400000000000000e+05 3.483999999999999875e-01
1.267000000000000000e+05 3.483999999999999875e-01
1.267500000000000000e+05 3.482999999999999985e-01
1.268100000000000000e+05 3.482000000000000095e-01
1.268700000000000000e+05 3.481000000000000205e-01
1.269300000000000000e+05 3.479999999999999760e-01
1.269900000000000000e+05 3.478999999999999870e-01
1.270400000000000000e+05 3.477999999999999980e-01
1.271000000000000000e+05 3.477000000000000091e-01
1.271600000000000000e+05 3.476000000000000201e-01
1.272200000000000000e+05 3.473999999999999866e-01
1.272800000000000000e+05 3.472000000000000086e-01
1.273300000000000000e+05 3.469999999999999751e-01
1.273900000000000000e+05 3.467999999999999972e-01
1.274500000000000000e+05 3.466000000000000192e-01
1.275100000000000000e+05 3.463999999999999857e-01
1.275700000000000000e+05 3.462000000000000077e-01
1.276200000000000000e+05 3.459999999999999742e-01
1.276800000000000000e+05 3.457999999999999963e-01
1.277400000000000000e+05 3.456000000000000183e-01
1.278000000000000000e+05 3.453999999999999848e-01
1.278600000000000000e+05 3.452999999999999958e-01
1.279100000000000000e+05 3.451000000000000179e-01
1.279700000000000000e+05 3.448999999999999844e-01
1.280300000000000000e+05 3.447999999999999954e-01
1.280900000000000000e+05 3.447000000000000064e-01
1.281500000000000000e+05 3.444999999999999729e-01
1.282000000000000000e+05 3.443999999999999839e-01
1.282600000000000000e+05 3.443999999999999839e-01
1.283200000000000000e+05 3.442999999999999949e-01
1.283800000000000000e+05 3.442999999999999949e-01
1.284400000000000000e+05 3.442999999999999949e-01
1.284900000000000000e+05 3.442999999999999949e-01
1.285500000000000000e+05 3.443999999999999839e-01
1.286100000000000000e+05 3.443999999999999839e-01
1.286700000000000000e+05 3.444999999999999729e-01
1.287300000000000000e+05 3.444999999999999729e-01
1.287800000000000000e+05 3.446000000000000174e-01
1.288400000000000000e+05 3.447000000000000064e-01
1.289000000000000000e+05 3.447999999999999954e-01
1.289600000000000000e+05 3.449999999999999734e-01
1.290200000000000000e+05 3.451000000000000179e-01
1.290700000000000000e+05 3.452000000000000068e-01
1.291300000000000000e+05 3.453999999999999848e-01
1.291900000000000000e+05 3.454999999999999738e-01
1.292500000000000000e+05 3.457000000000000073e-01
1.293100000000000000e+05 3.458999999999999853e-01
1.293600000000000000e+05 3.461000000000000187e-01
1.294200000000000000e+05 3.462999999999999967e-01
1.294800000000000000e+05 3.464999999999999747e-01
1.295400000000000000e+05 3.467999999999999972e-01
1.296000000000000000e+05 3.469999999999999751e-01
1.296500000000000000e+05 3.472000000000000086e-01
1.297100000000000000e+05 3.474999999999999756e-01
1.297700000000000000e+05 3.477000000000000091e-01
1.298300000000000000e+05 3.478999999999999870e-01
1.298900000000000000e+05 3.482000000000000095e-01
1.299400000000000000e+05 3.483999999999999875e-01
1.300000000000000000e+05 3.486000000000000210e-01
1.300600000000000000e+05 3.486000000000000210e-01
1.301200000000000000e+05 3.484999999999999765e-01
1.301800000000000000e+05 3.484999999999999765e-01
1.302300000000000000e+05 3.483999999999999875e-01
1.302900000000000000e+05 3.482000000000000095e-01
1.303500000000000000e+05 3.481000000000000205e-01
1.304100000000000000e+05 3.478999999999999870e-01
1.304700000000000000e+05 3.477000000000000091e-01
1.305200000000000000e+05 3.474999999999999756e-01
1.305800000000000000e+05 3.472999999999999976e-01
1.306400000000000000e+05 3.469999999999999751e-01
1.307000000000000000e+05 3.467000000000000082e-01
1.307600000000000000e+05 3.463999999999999857e-01
1.308100000000000000e+05 3.461000000000000187e-01
1.308700000000000000e+05 3.457000000000000073e-01
1.309300000000000000e+05 3.452999999999999958e-01
1.309900000000000000e+05 3.449999999999999734e-01
1.310500000000000000e+05 3.446000000000000174e-01
1.311000000000000000e+05 3.442000000000000060e-01
1.311600000000000000e+05 3.437999999999999945e-01
1.312200000000000000e+05 3.433999999999999830e-01
1.312800000000000000e+05 3.430000000000000271e-01
1.313400000000000000e+05 3.426000000000000156e-01
1.313900000000000000e+05 3.422000000000000042e-01
1.314500000000000000e+05 3.417999999999999927e-01
1.315100000000000000e+05 3.413999999999999813e-01
1.315700000000000000e+05 3.408999999999999808e-01
1.316300000000000000e+05 3.405000000000000249e-01
1.316800000000000000e+05 3.401000000000000134e-01
1.317400000000000000e+05 3.397000000000000020e-01
1.318000000000000000e+05 3.392999999999999905e-01
1.318600000000000000e+05 3.388999999999999790e-01
1.319200000000000000e+05 3.385000000000000231e-01
1.319700000000000000e+05 3.381000000000000116e-01
1.320300000000000000e+05 3.377999999999999892e-01
1.320900000000000000e+05 3.373999999999999777e-01
1.321500000000000000e+05 3.371000000000000107e-01
1.322100000000000000e+05 3.366999999999999993e-01
1.322600000000000000e+05 3.363999999999999768e-01
1.323200000000000000e+05 3.361000000000000099e-01
1.323800000000000000e+05 3.357999999999999874e-01
1.324400000000000000e+05 3.355000000000000204e-01
1.325000000000000000e+05 3.351999999999999980e-01
1.325500000000000000e+05 3.348999999999999755e-01
1.326100000000000000e+05 3.346999999999999975e-01
1.326700000000000000e+05 3.343999999999999750e-01
1.327300000000000000e+05 3.341999999999999971e-01
1.327900000000000000e+05 3.338999999999999746e-01
1.328400000000000000e+05 3.336999999999999966e-01
1.329000000000000000e+05 3.333999999999999742e-01
1.329600000000000000e+05 3.331999999999999962e-01
1.330200000000000000e+05 3.330000000000000182e-01
1.330800000000000000e+05 3.327999999999999847e-01
1.331300000000000000e+05 3.326000000000000068e-01
1.331900000000000000e+05 3.325000000000000178e-01
1.332500000000000000e+05 3.322999999999999843e-01
1.333100000000000000e+05 3.321000000000000063e-01
1.333700000000000000e+05 3.320000000000000173e-01
1.334200000000000000e+05 3.317999999999999838e-01
1.334800000000000000e+05 3.316999999999999948e-01
1.335400000000000000e+05 3.316000000000000059e-01
1.336000000000000000e+05 3.313999999999999724e-01
1.336600000000000000e+05 3.312999999999999834e-01
1.337100000000000000e+05 3.311000000000000054e-01
1.337700000000000000e+05 3.310000000000000164e-01
1.338300000000000000e+05 3.307999999999999829e-01
1.338900000000000000e+05 3.306999999999999940e-01
1.339500000000000000e+05 3.306000000000000050e-01
1.340000000000000000e+05 3.304000000000000270e-01
1.340600000000000000e+05 3.301999999999999935e-01
1.341200000000000000e+05 3.300000000000000155e-01
1.341800000000000000e+05 3.297999999999999821e-01
1.342400000000000000e+05 3.296000000000000041e-01
1.342900000000000000e+05 3.294000000000000261e-01
1.343500000000000000e+05 3.291999999999999926e-01
1.344100000000000000e+05 3.289000000000000257e-01
1.344700000000000000e+05 3.286000000000000032e-01
1.345300000000000000e+05 3.284000000000000252e-01
1.345800000000000000e+05 3.281000000000000028e-01
1.346400000000000000e+05 3.277999999999999803e-01
1.347000000000000000e+05 3.274000000000000243e-01
1.347600000000000000e+05 3.271000000000000019e-01
1.348200000000000000e+05 3.267999999999999794e-01
1.348700000000000000e+05 3.264000000000000234e-01
1.349300000000000000e+05 3.260000000000000120e-01
1.349900000000000000e+05 3.256999999999999895e-01
1.350500000000000000e+05 3.256000000000000005e-01
1.351100000000000000e+05 3.256999999999999895e-01
1.351600000000000000e+05 3.257999999999999785e-01
1.352200000000000000e+05 3.257999999999999785e-01
1.352800000000000000e+05 3.257999999999999785e-01
1.353400000000000000e+05 3.259000000000000230e-01
1.354000000000000000e+05 3.259000000000000230e-01
1.354500000000000000e+05 3.259000000000000230e-01
1.355100000000000000e+05 3.259000000000000230e-01
1.355700000000000000e+05 3.259000000000000230e-01
1.356300000000000000e+05 3.260000000000000120e-01
1.356900000000000000e+05 3.260000000000000120e-01
1.357400000000000000e+05 3.260000000000000120e-01
1.358000000000000000e+05 3.260000000000000120e-01
1.358600000000000000e+05 3.260000000000000120e-01
1.359200000000000000e+05 3.261000000000000010e-01
1.359800000000000000e+05 3.261000000000000010e-01
1.360300000000000000e+05 3.261000000000000010e-01
1.360900000000000000e+05 3.261999999999999900e-01
1.361500000000000000e+05 3.261999999999999900e-01
1.362100000000000000e+05 3.262999999999999790e-01
1.362700000000000000e+05 3.264000000000000234e-01
1.363200000000000000e+05 3.265000000000000124e-01
1.363800000000000000e+05 3.266000000000000014e-01
1.364400000000000000e+05 3.267999999999999794e-01
1.365000000000000000e+05 3.269000000000000239e-01
1.365600000000000000e+05 3.270000000000000129e-01
1.366100000000000000e+05 3.271000000000000019e-01
1.366700000000000000e+05 3.272999999999999798e-01
1.367300000000000000e+05 3.275000000000000133e-01
1.367900000000000000e+05 3.276999999999999913e-01
1.368500000000000000e+05 3.279000000000000248e-01
1.369000000000000000e+05 3.281000000000000028e-01
1.369600000000000000e+05 3.282999999999999807e-01
1.370200000000000000e+05 3.285000000000000142e-01
1.370800000000000000e+05 3.286999999999999922e-01
1.371400000000000000e+05 3.290000000000000147e-01
1.371900000000000000e+05 3.291999999999999926e-01
1.372500000000000000e+05 3.294000000000000261e-01
1.373100000000000000e+05 3.296999999999999931e-01
1.373700000000000000e+05 3.299000000000000266e-01
1.374300000000000000e+05 3.301000000000000045e-01
1.374800000000000000e+05 3.302999999999999825e-01
1.375400000000000000e+05 3.305000000000000160e-01
1.376000000000000000e+05 3.306000000000000050e-01
1.376600000000000000e+05 3.306999999999999940e-01
1.377200000000000000e+05 3.307999999999999829e-01
1.377700000000000000e+05 3.309000000000000274e-01
1.378300000000000000e+05 3.309000000000000274e-01
1.378900000000000000e+05 3.307999999999999829e-01
1.379500000000000000e+05 3.306999999999999940e-01
1.380100000000000000e+05 3.306000000000000050e-01
1.380600000000000000e+05 3.302999999999999825e-01
1.381200000000000000e+05 3.299000000000000266e-01
1.381800000000000000e+05 3.296000000000000041e-01
1.382400000000000000e+05 3.290000000000000147e-01
1.383000000000000000e+05 3.282999999999999807e-01
1.383500000000000000e+05 3.276000000000000023e-01
1.384100000000000000e+05 3.267999999999999794e-01
1.384700000000000000e+05 3.257999999999999785e-01
1.385300000000000000e+05 3.247999999999999776e-01
1.385900000000000000e+05 3.237999999999999767e-01
1.386400000000000000e+05 3.225000000000000089e-01
1.387000000000000000e+05 3.210999999999999965e-01
1.387600000000000000e+05 3.197999999999999732e-01
1.388200000000000000e+05 3.183000000000000274e-01
1.388800000000000000e+05 3.169000000000000150e-01
1.389300000000000000e+05 3.154000000000000137e-01
1.389900000000000000e+05 3.139000000000000123e-01
1.390500000000000000e+05 3.123000000000000220e-01
1.391100000000000000e+05 3.106999999999999762e-01
1.391700000000000000e+05 3.090999999999999859e-01
1.392200000000000000e+05 3.075999999999999845e-01
1.392800000000000000e+05 3.064000000000000057e-01
1.393400000000000000e+05 3.050999999999999823e-01
1.394000000000000000e+05 3.039000000000000035e-01
1.394600000000000000e+05 3.028000000000000136e-01
1.395100000000000000e+05 3.018000000000000127e-01
1.395700000000000000e+05 3.007000000000000228e-01
1.396300000000000000e+05 2.999999999999999889e-01
1.396900000000000000e+05 2.995999999999999774e-01
1.397500000000000000e+05 2.990999999999999770e-01
1.398000000000000000e+05 2.987000000000000210e-01
1.398600000000000000e+05 2.985999999999999766e-01
1.399200000000000000e+05 2.984999999999999876e-01
1.399800000000000000e+05 2.983999999999999986e-01
1.400400000000000000e+05 2.978999999999999981e-01
1.400900000000000000e+05 2.970999999999999752e-01
1.401500000000000000e+05 2.963999999999999968e-01
1.402100000000000000e+05 2.955999999999999739e-01
1.402700000000000000e+05 2.944999999999999840e-01
1.403300000000000000e+05 2.934999999999999831e-01
1.403800000000000000e+05 2.924999999999999822e-01
1.404400000000000000e+05 2.886000000000000232e-01
1.405000000000000000e+05 2.836000000000000187e-01
1.405600000000000000e+05 2.786000000000000143e-01
1.406200000000000000e+05 2.732999999999999874e-01
1.406700000000000000e+05 2.670000000000000151e-01
1.407300000000000000e+05 2.606999999999999873e-01
1.407900000000000000e+05 2.543000000000000260e-01
1.408500000000000000e+05 2.446000000000000119e-01
1.409100000000000000e+05 2.341000000000000025e-01
1.409600000000000000e+05 2.235999999999999932e-01
1.410200000000000000e+05 2.126000000000000112e-01
1.410800000000000000e+05 2.008999999999999952e-01
1.411400000000000000e+05 1.890999999999999903e-01
1.412000000000000000e+05 1.773000000000000131e-01
1.412500000000000000e+05 1.658999999999999919e-01
1.413100000000000000e+05 1.544999999999999984e-01
1.413700000000000000e+05 1.431000000000000050e-01
1.414300000000000000e+05 1.317000000000000115e-01
1.414900000000000000e+05 1.203999999999999931e-01
1.415400000000000000e+05 1.089999999999999997e-01
1.416000000000000000e+05 9.769999999999999518e-02
1.416600000000000000e+05 8.980000000000000482e-02
1.417200000000000000e+05 8.179999999999999771e-02
1.417800000000000000e+05 7.389999999999999347e-02
1.418300000000000000e+05 6.650000000000000355e-02
1.418900000000000000e+05 5.940000000000000141e-02
1.419500000000000000e+05 5.240000000000000213e-02
1.420100000000000000e+05 4.569999999999999757e-02
1.420700000000000000e+05 4.159999999999999809e-02
1.421200000000000000e+05 3.740000000000000269e-02
1.421800000000000000e+05 3.330000000000000321e-02
1.422400000000000000e+05 2.970000000000000070e-02
1.423000000000000000e+05 2.639999999999999986e-02
1.423600000000000000e+05 2.309999999999999901e-02
1.424100000000000000e+05 2.009999999999999981e-02
1.424700000000000000e+05 1.820000000000000090e-02
1.425300000000000000e+05 1.640000000000000138e-02
1.425900000000000000e+05 1.450000000000000074e-02
1.426500000000000000e+05 1.299999999999999940e-02
1.427000000000000000e+05 1.159999999999999920e-02
1.427600000000000000e+05 1.020000000000000073e-02
1.428200000000000000e+05 9.100000000000000450e-03
1.428800000000000000e+05 8.200000000000000691e-03
1.429400000000000000e+05 7.400000000000000328e-03
1.429900000000000000e+05 6.599999999999999964e-03
1.430500000000000000e+05 6.000000000000000125e-03
1.431100000000000000e+05 5.499999999999999681e-03
1.431700000000000000e+05 4.899999999999999842e-03
1.432300000000000000e+05 4.400000000000000265e-03
1.432800000000000000e+05 4.000000000000000083e-03
1.433400000000000000e+05 3.700000000000000164e-03
1.434000000000000000e+05 3.299999999999999982e-03
1.434600000000000000e+05 3.099999999999999891e-03
1.435200000000000000e+05 2.799999999999999972e-03
1.435700000000000000e+05 2.599999999999999881e-03
1.436300000000000000e+05 2.399999999999999790e-03
1.436900000000000000e+05 2.200000000000000133e-03
1.437500000000000000e+05 2.000000000000000042e-03
1.438100000000000000e+05 1.799999999999999951e-03
1.438600000000000000e+05 1.699999999999999905e-03
1.439200000000000000e+05 1.600000000000000077e-03
1.439800000000000000e+05 1.500000000000000031e-03
1.440400000000000000e+05 1.399999999999999986e-03
1.441000000000000000e+05 1.299999999999999940e-03
1.441500000000000000e+05 1.199999999999999895e-03
1.442100000000000000e+05 1.100000000000000066e-03
1.442700000000000000e+05 1.000000000000000021e-03
1.443300000000000000e+05 1.000000000000000021e-03
1.443900000000000000e+05 8.999999999999999754e-04
1.444400000000000000e+05 8.000000000000000383e-04
1.445000000000000000e+05 8.000000000000000383e-04
1.445600000000000000e+05 6.999999999999999929e-04
1.446200000000000000e+05 6.999999999999999929e-04
1.446800000000000000e+05 5.999999999999999474e-04
1.447300000000000000e+05 5.999999999999999474e-04
1.447900000000000000e+05 5.999999999999999474e-04
1.448500000000000000e+05 5.000000000000000104e-04
1.449100000000000000e+05 5.000000000000000104e-04
1.449700000000000000e+05 4.000000000000000192e-04
1.450200000000000000e+05 4.000000000000000192e-04
1.450800000000000000e+05 4.000000000000000192e-04
1.451400000000000000e+05 4.000000000000000192e-04
1.452000000000000000e+05 2.999999999999999737e-04
1.452600000000000000e+05 2.999999999999999737e-04
1.453100000000000000e+05 2.999999999999999737e-04
1.453700000000000000e+05 2.999999999999999737e-04
1.454300000000000000e+05 2.000000000000000096e-04
1.454900000000000000e+05 2.000000000000000096e-04
1.455500000000000000e+05 2.000000000000000096e-04
1.456000000000000000e+05 2.000000000000000096e-04
1.456600000000000000e+05 2.000000000000000096e-04
1.457200000000000000e+05 2.000000000000000096e-04
1.457800000000000000e+05 1.000000000000000048e-04
1.458400000000000000e+05 1.000000000000000048e-04
1.458900000000000000e+05 1.000000000000000048e-04
1.459500000000000000e+05 1.000000000000000048e-04
1.460100000000000000e+05 1.000000000000000048e-04
1.460700000000000000e+05 1.000000000000000048e-04
1.461300000000000000e+05 1.000000000000000048e-04
