# F128N
1.218000000000000000e+04 1.881460000000000109e-04
1.219000000000000000e+04 2.397300000000000104e-04
1.220000000000000000e+04 2.911960000000000221e-04
1.220333789099999922e+04 3.083750000000000011e-04
1.221000000000000000e+04 3.038699999999999756e-04
1.222000000000000000e+04 2.973550000000000151e-04
1.223000000000000000e+04 2.905800000000000266e-04
1.224000000000000000e+04 2.838009999999999752e-04
1.225000000000000000e+04 2.770189999999999849e-04
1.226000000000000000e+04 2.704590000000000206e-04
1.227000000000000000e+04 2.636620000000000109e-04
1.228000000000000000e+04 2.568620000000000083e-04
1.229000000000000000e+04 2.500569999999999811e-04
1.230000000000000000e+04 2.434530000000000016e-04
1.231000000000000000e+04 2.366349999999999866e-04
1.232000000000000000e+04 2.298120000000000013e-04
1.233000000000000000e+04 2.229859999999999958e-04
1.234000000000000000e+04 2.163370000000000126e-04
1.235000000000000000e+04 2.094970000000000035e-04
1.235337890599999992e+04 2.071850000000000026e-04
1.236000000000000000e+04 2.003659999999999990e-04
1.237000000000000000e+04 1.900639999999999882e-04
1.238000000000000000e+04 1.799059999999999950e-04
1.239000000000000000e+04 1.695819999999999901e-04
1.240000000000000000e+04 1.592529999999999879e-04
1.241000000000000000e+04 1.489349999999999962e-04
1.242000000000000000e+04 1.387249999999999974e-04
1.243000000000000000e+04 1.283810000000000029e-04
1.244000000000000000e+04 1.180290000000000045e-04
1.245000000000000000e+04 1.076679999999999998e-04
1.245340625000000000e+04 1.041669999999999939e-04
1.246000000000000000e+04 1.317280000000000100e-04
1.247000000000000000e+04 1.734680000000000000e-04
1.248000000000000000e+04 2.152429999999999990e-04
1.249000000000000000e+04 2.570520000000000183e-04
1.250000000000000000e+04 2.991460000000000256e-04
1.250341992199999913e+04 3.134519999999999798e-04
1.251000000000000000e+04 2.997440000000000087e-04
1.252000000000000000e+04 2.789059999999999890e-04
1.253000000000000000e+04 2.580589999999999902e-04
1.254000000000000000e+04 2.374029999999999901e-04
1.255000000000000000e+04 2.165240000000000025e-04
1.255343261700000039e+04 2.093549999999999903e-04
1.256000000000000000e+04 2.231310000000000021e-04
1.257000000000000000e+04 2.443170000000000259e-04
1.258000000000000000e+04 2.653250000000000118e-04
1.259000000000000000e+04 2.863410000000000152e-04
1.260000000000000000e+04 3.073649999999999820e-04
1.260344726599999922e+04 3.147000000000000058e-04
1.261000000000000000e+04 2.942719999999999906e-04
1.262000000000000000e+04 2.628279999999999983e-04
1.263000000000000000e+04 2.313759999999999884e-04
1.264000000000000000e+04 1.999140000000000107e-04
1.265000000000000000e+04 1.685830000000000087e-04
1.265346093800000017e+04 1.576799999999999946e-04
1.266000000000000000e+04 2.075260000000000050e-04
1.267000000000000000e+04 2.837730000000000222e-04
1.268000000000000000e+04 3.600410000000000177e-04
1.269000000000000000e+04 4.366950000000000194e-04
1.270000000000000000e+04 5.130710000000000348e-04
1.270147363299999961e+04 5.243269999999999962e-04
1.270347363299999961e+04 4.211490000000000025e-04
1.270547460900000078e+04 4.717319999999999890e-04
1.270747460900000078e+04 6.800929999999999953e-04
1.270947558600000048e+04 5.201729999999999679e-04
1.271000000000000000e+04 5.610090000000000085e-04
1.271147558600000048e+04 6.759169999999999458e-04
1.271347656199999983e+04 8.845650000000000257e-04
1.271547656199999983e+04 1.198599999999999969e-03
1.271747753899999952e+04 1.196519999999999962e-03
1.271947851599999922e+04 1.299830000000000083e-03
1.272000000000000000e+04 1.409059999999999957e-03
1.272147851599999922e+04 1.718960000000000063e-03
1.272348046900000008e+04 2.349669999999999884e-03
1.272548046900000008e+04 3.032819999999999874e-03
1.272748144499999944e+04 3.716750000000000002e-03
1.272948144499999944e+04 4.980540000000000314e-03
1.273000000000000000e+04 5.417619999999999728e-03
1.273148242199999913e+04 6.666520000000000432e-03
1.273348242199999913e+04 9.087609999999999438e-03
1.273548339800000031e+04 1.246350000000000062e-02
1.273748339800000031e+04 1.699470000000000147e-02
1.273948437500000000e+04 2.321420000000000081e-02
1.274000000000000000e+04 2.538879999999999956e-02
1.274148437500000000e+04 3.164940000000000114e-02
1.274348535199999969e+04 4.356659999999999699e-02
1.274548632800000087e+04 6.008449999999999902e-02
1.274748632800000087e+04 8.044900000000000662e-02
1.274948730500000056e+04 1.071980000000000016e-01
1.275000000000000000e+04 1.150159999999999932e-01
1.275148730500000056e+04 1.376940000000000108e-01
1.275348828099999992e+04 1.741010000000000058e-01
1.275548828099999992e+04 2.134649999999999881e-01
1.275748925799999961e+04 2.556800000000000184e-01
1.275948925799999961e+04 2.973689999999999944e-01
1.276000000000000000e+04 3.076610000000000178e-01
1.276149023400000078e+04 3.376899999999999902e-01
1.276349023400000078e+04 3.719970000000000221e-01
1.276549121100000048e+04 4.027700000000000169e-01
1.276749218800000017e+04 4.276360000000000161e-01
1.276949218800000017e+04 4.481760000000000188e-01
1.277000000000000000e+04 4.521029999999999771e-01
1.277149316399999952e+04 4.637080000000000091e-01
1.277349316399999952e+04 4.751480000000000148e-01
1.277549414099999922e+04 4.824209999999999887e-01
1.277749414099999922e+04 4.876369999999999871e-01
1.277949511700000039e+04 4.910599999999999965e-01
1.278000000000000000e+04 4.916170000000000262e-01
1.278149511700000039e+04 4.932070000000000065e-01
1.278349609400000008e+04 4.948589999999999933e-01
1.278549609400000008e+04 4.959819999999999784e-01
1.278749706999999944e+04 4.967889999999999806e-01
1.278949804699999913e+04 4.968560000000000199e-01
1.279000000000000000e+04 4.967799999999999994e-01
1.279149804699999913e+04 4.965530000000000221e-01
1.279349902300000031e+04 4.960390000000000077e-01
1.279549902300000031e+04 4.948370000000000268e-01
1.279750000000000000e+04 4.937420000000000142e-01
1.279950000000000000e+04 4.922239999999999949e-01
1.280000000000000000e+04 4.918710000000000027e-01
1.280150097699999969e+04 4.907989999999999853e-01
1.280350097699999969e+04 4.891059999999999852e-01
1.280550195300000087e+04 4.876240000000000019e-01
1.280750195300000087e+04 4.866179999999999950e-01
1.280950293000000056e+04 4.855590000000000184e-01
1.281000000000000000e+04 4.853620000000000156e-01
1.281150390599999992e+04 4.848250000000000060e-01
1.281350390599999992e+04 4.838459999999999983e-01
1.281550488299999961e+04 4.834490000000000176e-01
1.281750488299999961e+04 4.828390000000000182e-01
1.281950585900000078e+04 4.822299999999999920e-01
1.282000000000000000e+04 4.820789999999999798e-01
1.282150585900000078e+04 4.815599999999999881e-01
1.282350683600000048e+04 4.809760000000000146e-01
1.282550683600000048e+04 4.807089999999999974e-01
1.282750781199999983e+04 4.800730000000000275e-01
1.282950781199999983e+04 4.794889999999999985e-01
1.283000000000000000e+04 4.793580000000000063e-01
1.283150878899999952e+04 4.789579999999999949e-01
1.283350878899999952e+04 4.784800000000000164e-01
1.283550976599999922e+04 4.780010000000000092e-01
1.283751074200000039e+04 4.773649999999999838e-01
1.283951074200000039e+04 4.764109999999999734e-01
1.284000000000000000e+04 4.762549999999999839e-01
1.284151171900000008e+04 4.757739999999999747e-01
1.284351171900000008e+04 4.752959999999999963e-01
1.284551269499999944e+04 4.748180000000000178e-01
1.284751269499999944e+04 4.742870000000000141e-01
1.284951367199999913e+04 4.738089999999999802e-01
1.285000000000000000e+04 4.735509999999999997e-01
1.285151367199999913e+04 4.728080000000000060e-01
1.285351464800000031e+04 4.724090000000000233e-01
1.285551464800000031e+04 4.720090000000000119e-01
1.285751562500000000e+04 4.718200000000000172e-01
1.285951660199999969e+04 4.715790000000000259e-01
1.286000000000000000e+04 4.714949999999999974e-01
1.286151660199999969e+04 4.711719999999999797e-01
1.286351757800000087e+04 4.703760000000000163e-01
1.286551757800000087e+04 4.698979999999999824e-01
1.286751855500000056e+04 4.692080000000000140e-01
1.286951855500000056e+04 4.687819999999999765e-01
1.287000000000000000e+04 4.687180000000000235e-01
1.287151953099999992e+04 4.685150000000000148e-01
1.287351953099999992e+04 4.678780000000000161e-01
1.287552148400000078e+04 4.669760000000000022e-01
1.287752148400000078e+04 4.663919999999999733e-01
1.287952246100000048e+04 4.661250000000000115e-01
1.288000000000000000e+04 4.660489999999999911e-01
1.288152343800000017e+04 4.658050000000000246e-01
1.288352343800000017e+04 4.660150000000000126e-01
1.288552441399999952e+04 4.663300000000000223e-01
1.288752441399999952e+04 4.668570000000000220e-01
1.288952539099999922e+04 4.677009999999999779e-01
1.289000000000000000e+04 4.680019999999999736e-01
1.289152539099999922e+04 4.690280000000000005e-01
1.289352636700000039e+04 4.703209999999999891e-01
1.289552636700000039e+04 4.708740000000000148e-01
1.289752734400000008e+04 4.701020000000000199e-01
1.289952734400000008e+04 4.675300000000000011e-01
1.290000000000000000e+04 4.663100000000000023e-01
1.290152831999999944e+04 4.623039999999999927e-01
1.290352831999999944e+04 4.520279999999999854e-01
1.290552929699999913e+04 4.374629999999999908e-01
1.290753027300000031e+04 4.151670000000000083e-01
1.290953027300000031e+04 3.889529999999999932e-01
1.291000000000000000e+04 3.809089999999999976e-01
1.291153125000000000e+04 3.546889999999999765e-01
1.291353125000000000e+04 3.187840000000000118e-01
1.291553222699999969e+04 2.780079999999999774e-01
1.291753222699999969e+04 2.380800000000000138e-01
1.291953320300000087e+04 1.975159999999999971e-01
1.292000000000000000e+04 1.892969999999999930e-01
1.292153320300000087e+04 1.623020000000000018e-01
1.292353418000000056e+04 1.286760000000000126e-01
1.292553418000000056e+04 1.012460000000000027e-01
1.292753515599999992e+04 7.746939999999999382e-02
1.292953613299999961e+04 5.909459999999999713e-02
1.293000000000000000e+04 5.552929999999999672e-02
1.293153613299999961e+04 4.372800000000000298e-02
1.293353710900000078e+04 3.293499999999999900e-02
1.293553710900000078e+04 2.452249999999999916e-02
1.293753808600000048e+04 1.859219999999999970e-02
1.293953808600000048e+04 1.387880000000000016e-02
1.294000000000000000e+04 1.309639999999999936e-02
1.294153906199999983e+04 1.048759999999999970e-02
1.294353906199999983e+04 8.102820000000000161e-03
1.294554003899999952e+04 6.412280000000000237e-03
1.294754003899999952e+04 4.979289999999999931e-03
1.294954101599999922e+04 3.866940000000000134e-03
1.295000000000000000e+04 3.696870000000000104e-03
1.295154199200000039e+04 3.125540000000000002e-03
1.295354199200000039e+04 2.489610000000000174e-03
1.295554296900000008e+04 1.966030000000000121e-03
1.295754296900000008e+04 1.548969999999999991e-03
1.295954394499999944e+04 1.237370000000000006e-03
1.296000000000000000e+04 1.202570000000000028e-03
1.296154394499999944e+04 1.084749999999999994e-03
1.296354492199999913e+04 9.851160000000000732e-04
1.296554492199999913e+04 9.384779999999999685e-04
1.296754589800000031e+04 8.388500000000000340e-04
1.296954589800000031e+04 4.745339999999999801e-04
1.297000000000000000e+04 5.240190000000000256e-04
1.297154687500000000e+04 6.925879999999999493e-04
1.297354785199999969e+04 8.049240000000000474e-04
1.297554785199999969e+04 5.993189999999999585e-04
1.297754882800000087e+04 3.939799999999999921e-04
1.297954882800000087e+04 5.062099999999999933e-04
1.298000000000000000e+04 4.598879999999999852e-04
1.298154980500000056e+04 3.008059999999999792e-04
1.298354980500000056e+04 3.071619999999999841e-04
1.298555078099999992e+04 5.254669999999999480e-04
1.298755078099999992e+04 3.199860000000000226e-04
1.298955175799999961e+04 3.264009999999999806e-04
1.299000000000000000e+04 3.634719999999999921e-04
1.299155175799999961e+04 4.917650000000000189e-04
1.300000000000000000e+04 4.440189999999999784e-04
1.300355566399999952e+04 4.239760000000000078e-04
1.301000000000000000e+04 3.830850000000000227e-04
1.302000000000000000e+04 3.195990000000000007e-04
1.303000000000000000e+04 2.562849999999999764e-04
1.304000000000000000e+04 1.926669999999999902e-04
1.305000000000000000e+04 1.290080000000000090e-04
1.305356933600000048e+04 1.062759999999999969e-04
1.306000000000000000e+04 1.131299999999999960e-04
1.307000000000000000e+04 1.237939999999999874e-04
1.308000000000000000e+04 1.345770000000000093e-04
1.309000000000000000e+04 1.452629999999999948e-04
1.310000000000000000e+04 1.559560000000000091e-04
1.311000000000000000e+04 1.666559999999999982e-04
1.312000000000000000e+04 1.773629999999999890e-04
1.313000000000000000e+04 1.882309999999999940e-04
1.314000000000000000e+04 1.989600000000000060e-04
1.315000000000000000e+04 2.096959999999999926e-04
1.316000000000000000e+04 2.204390000000000082e-04
1.317000000000000000e+04 2.313790000000000085e-04
1.318000000000000000e+04 2.421439999999999910e-04
1.319000000000000000e+04 2.529149999999999866e-04
1.320000000000000000e+04 2.636940000000000269e-04
1.320361035199999969e+04 2.675670000000000218e-04
1.321000000000000000e+04 2.573300000000000045e-04
1.322000000000000000e+04 2.415050000000000128e-04
1.323000000000000000e+04 2.254640000000000084e-04
1.324000000000000000e+04 2.094200000000000109e-04
1.325000000000000000e+04 1.933729999999999932e-04
1.326000000000000000e+04 1.773219999999999939e-04
1.327000000000000000e+04 1.612670000000000130e-04
1.328000000000000000e+04 1.453290000000000040e-04
1.329000000000000000e+04 1.292549999999999949e-04
1.330000000000000000e+04 1.131770000000000042e-04
1.330363671900000008e+04 1.073290000000000019e-04
1.331000000000000000e+04 1.107490000000000064e-04
1.332000000000000000e+04 1.161240000000000015e-04
1.333000000000000000e+04 1.216000000000000013e-04
1.334000000000000000e+04 1.269820000000000117e-04
1.335000000000000000e+04 1.323650000000000109e-04
1.336000000000000000e+04 1.377489999999999986e-04
1.337000000000000000e+04 1.431340000000000021e-04
1.338000000000000000e+04 1.485210000000000100e-04
1.339000000000000000e+04 1.540350000000000118e-04
1.340000000000000000e+04 1.594280000000000057e-04
1.340366406199999983e+04 1.613720000000000128e-04
1.341000000000000000e+04 1.613259999999999933e-04
1.342000000000000000e+04 1.612539999999999980e-04
1.343000000000000000e+04 1.611809999999999870e-04
1.344000000000000000e+04 1.611080000000000032e-04
1.345000000000000000e+04 1.611679999999999992e-04
1.346000000000000000e+04 1.610960000000000040e-04
1.347000000000000000e+04 1.610229999999999930e-04
1.348000000000000000e+04 1.609500000000000091e-04
1.349000000000000000e+04 1.608779999999999867e-04
1.350000000000000000e+04 1.608050000000000028e-04
1.351000000000000000e+04 1.608430000000000048e-04
1.352000000000000000e+04 1.607500000000000042e-04
1.353000000000000000e+04 1.606559999999999878e-04
1.354000000000000000e+04 1.605619999999999986e-04
1.355000000000000000e+04 1.604680000000000093e-04
1.356000000000000000e+04 1.603750000000000087e-04
1.357000000000000000e+04 1.602809999999999923e-04
1.358000000000000000e+04 1.603189999999999943e-04
1.359000000000000000e+04 1.602250000000000050e-04
1.360000000000000000e+04 1.601320000000000044e-04
1.361000000000000000e+04 1.597360000000000034e-04
1.362000000000000000e+04 1.593409999999999911e-04
1.363000000000000000e+04 1.589460000000000059e-04
1.364000000000000000e+04 1.585520000000000093e-04
1.365000000000000000e+04 1.581580000000000128e-04
1.365373242199999913e+04 1.580599999999999876e-04
1.366000000000000000e+04 1.447089999999999997e-04
1.367000000000000000e+04 1.233630000000000046e-04
1.368000000000000000e+04 1.021209999999999935e-04
