# F139M
1.319000000000000000e+04 1.353509999999999989e-04
1.320000000000000000e+04 1.574360000000000017e-04
1.320361035199999969e+04 1.654000000000000088e-04
1.321000000000000000e+04 1.724669999999999871e-04
1.322000000000000000e+04 1.836809999999999918e-04
1.323000000000000000e+04 1.947549999999999878e-04
1.324000000000000000e+04 2.058309999999999881e-04
1.325000000000000000e+04 2.169100000000000086e-04
1.325362402300000031e+04 2.209249999999999897e-04
1.326000000000000000e+04 2.350099999999999878e-04
1.327000000000000000e+04 2.571040000000000239e-04
1.327362890599999992e+04 2.652020000000000267e-04
1.328000000000000000e+04 2.794499999999999892e-04
1.328363183600000048e+04 2.874929999999999933e-04
1.329000000000000000e+04 3.015639999999999879e-04
1.329363378899999952e+04 3.095940000000000042e-04
1.330000000000000000e+04 4.644180000000000248e-04
1.330363671900000008e+04 5.528710000000000265e-04
1.331000000000000000e+04 5.388310000000000322e-04
1.331363964800000031e+04 5.308000000000000001e-04
1.332000000000000000e+04 5.518040000000000314e-04
1.332364257800000087e+04 5.640040000000000027e-04
1.333000000000000000e+04 6.910619999999999914e-04
1.333364453099999992e+04 7.637399999999999484e-04
1.334000000000000000e+04 8.904670000000000380e-04
1.334364843800000017e+04 9.632240000000000463e-04
1.335000000000000000e+04 1.089909999999999924e-03
1.335365136700000039e+04 1.162749999999999938e-03
1.336000000000000000e+04 1.464889999999999942e-03
1.336365331999999944e+04 1.638769999999999897e-03
1.337000000000000000e+04 2.081819999999999851e-03
1.337365625000000000e+04 2.337080000000000060e-03
1.338000000000000000e+04 2.814810000000000055e-03
1.338365918000000056e+04 3.091330000000000206e-03
1.339000000000000000e+04 3.781539999999999901e-03
1.339366210900000078e+04 4.179269999999999687e-03
1.340000000000000000e+04 5.112750000000000107e-03
1.340366406199999983e+04 5.651340000000000356e-03
1.341000000000000000e+04 6.907039999999999708e-03
1.341366699200000039e+04 7.633469999999999839e-03
1.342000000000000000e+04 9.589230000000000670e-03
1.342366992199999913e+04 1.072210000000000003e-02
1.343000000000000000e+04 1.337310000000000061e-02
1.343367187500000000e+04 1.491020000000000019e-02
1.344000000000000000e+04 1.895900000000000016e-02
1.344367480500000056e+04 2.131560000000000052e-02
1.345000000000000000e+04 2.733489999999999878e-02
1.345367773400000078e+04 3.082680000000000142e-02
1.346000000000000000e+04 3.925920000000000104e-02
1.346368066399999952e+04 4.416609999999999980e-02
1.347000000000000000e+04 5.751839999999999731e-02
1.347368261700000039e+04 6.529609999999999581e-02
1.348000000000000000e+04 8.431909999999999406e-02
1.348368554699999913e+04 9.541230000000000544e-02
1.349000000000000000e+04 1.213540000000000035e-01
1.349368945300000087e+04 1.365039999999999865e-01
1.350000000000000000e+04 1.716149999999999898e-01
1.350369238299999961e+04 1.921980000000000077e-01
1.351000000000000000e+04 2.351830000000000032e-01
1.351369433600000048e+04 2.602860000000000174e-01
1.352000000000000000e+04 3.059609999999999830e-01
1.352369726599999922e+04 3.327269999999999950e-01
1.353000000000000000e+04 3.738739999999999841e-01
1.353370019499999944e+04 3.980179999999999829e-01
1.354000000000000000e+04 4.294040000000000079e-01
1.354370214800000031e+04 4.478389999999999871e-01
1.355000000000000000e+04 4.709459999999999757e-01
1.355370507800000087e+04 4.845329999999999915e-01
1.356000000000000000e+04 4.961539999999999839e-01
1.356370800799999961e+04 5.029959999999999987e-01
1.357000000000000000e+04 5.090189999999999992e-01
1.357371093800000017e+04 5.127249999999999863e-01
1.358000000000000000e+04 5.143990000000000506e-01
1.358371289099999922e+04 5.152309999999999945e-01
1.359000000000000000e+04 5.157389999999999475e-01
1.359371581999999944e+04 5.160379999999999967e-01
1.360000000000000000e+04 5.152649999999999730e-01
1.360371875000000000e+04 5.144469999999999876e-01
1.361000000000000000e+04 5.129970000000000363e-01
1.361372070300000087e+04 5.121390000000000109e-01
1.362000000000000000e+04 5.127570000000000183e-01
1.362372363299999961e+04 5.131219999999999670e-01
1.363000000000000000e+04 5.128080000000000416e-01
1.363372656199999983e+04 5.126209999999999933e-01
1.364000000000000000e+04 5.118270000000000319e-01
1.364373046900000008e+04 5.113550000000000040e-01
1.365000000000000000e+04 5.119939999999999491e-01
1.365373242199999913e+04 5.125290000000000123e-01
1.366000000000000000e+04 5.129829999999999668e-01
1.366373535199999969e+04 5.130949999999999678e-01
1.367000000000000000e+04 5.118570000000000064e-01
1.367373828099999992e+04 5.111200000000000188e-01
1.368000000000000000e+04 5.114750000000000130e-01
1.368374023400000078e+04 5.116849999999999454e-01
1.369000000000000000e+04 5.112600000000000477e-01
1.369374316399999952e+04 5.110050000000000425e-01
1.370000000000000000e+04 5.100740000000000274e-01
1.370374609400000008e+04 5.095180000000000264e-01
1.371000000000000000e+04 5.083210000000000228e-01
1.371374902300000031e+04 5.076040000000000552e-01
1.372000000000000000e+04 5.073469999999999924e-01
1.372375097699999969e+04 5.071909999999999474e-01
1.373000000000000000e+04 5.060320000000000373e-01
1.373375390599999992e+04 5.053370000000000362e-01
1.374000000000000000e+04 5.047120000000000495e-01
1.374375683600000048e+04 5.044920000000000515e-01
1.375000000000000000e+04 5.036939999999999751e-01
1.375375878899999952e+04 5.030590000000000339e-01
1.376000000000000000e+04 5.020719999999999628e-01
1.376376171900000008e+04 5.014779999999999793e-01
1.377000000000000000e+04 5.001970000000000027e-01
1.377376464800000031e+04 4.994250000000000078e-01
1.378000000000000000e+04 4.991990000000000038e-01
1.378376757800000087e+04 4.990620000000000056e-01
1.379000000000000000e+04 4.981789999999999830e-01
1.379376953099999992e+04 4.976459999999999773e-01
1.380000000000000000e+04 4.972539999999999738e-01
1.380377343800000017e+04 4.971260000000000123e-01
1.381000000000000000e+04 4.959680000000000200e-01
1.381377636700000039e+04 4.952659999999999840e-01
1.382000000000000000e+04 4.950220000000000176e-01
1.382377831999999944e+04 4.948739999999999806e-01
1.383000000000000000e+04 4.945640000000000036e-01
1.383378125000000000e+04 4.951189999999999758e-01
1.384000000000000000e+04 4.958359999999999990e-01
1.384378418000000056e+04 4.962730000000000197e-01
1.385000000000000000e+04 4.977070000000000105e-01
1.385378710900000078e+04 4.987360000000000126e-01
1.386000000000000000e+04 5.000700000000000145e-01
1.386378906199999983e+04 5.007289999999999797e-01
1.387000000000000000e+04 5.008299999999999974e-01
1.387379199200000039e+04 5.008920000000000039e-01
1.388000000000000000e+04 5.023330000000000295e-01
1.388379492199999913e+04 5.032149999999999679e-01
1.389000000000000000e+04 5.050850000000000062e-01
1.389379785199999969e+04 5.062320000000000153e-01
1.390000000000000000e+04 5.076140000000000096e-01
1.390379980500000056e+04 5.084629999999999983e-01
1.391000000000000000e+04 5.084680000000000311e-01
1.391380273400000078e+04 5.084699999999999775e-01
1.392000000000000000e+04 5.097239999999999549e-01
1.392380566399999952e+04 5.104950000000000321e-01
1.393000000000000000e+04 5.125760000000000316e-01
1.393380761700000039e+04 5.138570000000000082e-01
1.394000000000000000e+04 5.141930000000000112e-01
1.394381054699999913e+04 5.143999999999999684e-01
1.395000000000000000e+04 5.150989999999999736e-01
1.395381445300000087e+04 5.155300000000000438e-01
1.396000000000000000e+04 5.172560000000000491e-01
1.396381738299999961e+04 5.183229999999999782e-01
1.397000000000000000e+04 5.192229999999999901e-01
1.397381933600000048e+04 5.197800000000000198e-01
1.398000000000000000e+04 5.215790000000000148e-01
1.398382226599999922e+04 5.226939999999999920e-01
1.399000000000000000e+04 5.227330000000000032e-01
1.399382519499999944e+04 5.227570000000000272e-01
1.400000000000000000e+04 5.228949999999999987e-01
1.400382714800000031e+04 5.227840000000000265e-01
1.401000000000000000e+04 5.231390000000000207e-01
1.401383007800000087e+04 5.233590000000000186e-01
1.402000000000000000e+04 5.243139999999999468e-01
1.402383300799999961e+04 5.249070000000000125e-01
1.403000000000000000e+04 5.256629999999999914e-01
1.403383593800000017e+04 5.261329999999999618e-01
1.404000000000000000e+04 5.264550000000000063e-01
1.404383789099999922e+04 5.266560000000000130e-01
1.405000000000000000e+04 5.278800000000000159e-01
1.405384081999999944e+04 5.286440000000000028e-01
1.406000000000000000e+04 5.292679999999999607e-01
1.406384375000000000e+04 5.296570000000000444e-01
1.407000000000000000e+04 5.305159999999999876e-01
1.407384570300000087e+04 5.312189999999999968e-01
1.408000000000000000e+04 5.312069999999999848e-01
1.408384863299999961e+04 5.310319999999999485e-01
1.409000000000000000e+04 5.292769999999999975e-01
1.409385156199999983e+04 5.281759999999999788e-01
1.410000000000000000e+04 5.254780000000000006e-01
1.410385546900000008e+04 5.237849999999999451e-01
1.411000000000000000e+04 5.154109999999999525e-01
1.411385742199999913e+04 5.101480000000000459e-01
1.412000000000000000e+04 4.962869999999999782e-01
1.412386035199999969e+04 4.875680000000000014e-01
1.413000000000000000e+04 4.657229999999999981e-01
1.413386328099999992e+04 4.519639999999999769e-01
1.414000000000000000e+04 4.198649999999999882e-01
1.414386523400000078e+04 3.996270000000000100e-01
1.415000000000000000e+04 3.653239999999999821e-01
1.415386816399999952e+04 3.436739999999999795e-01
1.416000000000000000e+04 3.063250000000000139e-01
1.416387109400000008e+04 2.827230000000000021e-01
1.417000000000000000e+04 2.462270000000000014e-01
1.417387402300000031e+04 2.231360000000000010e-01
1.418000000000000000e+04 1.909279999999999866e-01
1.418387597699999969e+04 1.705289999999999861e-01
1.419000000000000000e+04 1.423500000000000043e-01
1.419387890599999992e+04 1.244439999999999991e-01
1.420000000000000000e+04 1.051470000000000043e-01
1.420388183600000048e+04 9.290460000000000385e-02
1.421000000000000000e+04 7.791739999999999777e-02
1.421388378899999952e+04 6.840300000000000546e-02
1.422000000000000000e+04 5.734319999999999695e-02
1.422388671900000008e+04 5.031449999999999811e-02
1.423000000000000000e+04 4.197170000000000067e-02
1.423388964800000031e+04 3.666309999999999708e-02
1.424000000000000000e+04 3.071219999999999853e-02
1.424389257800000087e+04 2.692090000000000108e-02
1.425000000000000000e+04 2.268699999999999883e-02
1.425389453099999992e+04 1.998689999999999842e-02
1.426000000000000000e+04 1.695829999999999907e-02
1.426389843800000017e+04 1.502430000000000085e-02
1.427000000000000000e+04 1.283369999999999997e-02
1.427390136700000039e+04 1.143300000000000045e-02
1.428000000000000000e+04 9.713430000000000328e-03
1.428390429699999913e+04 8.612520000000000245e-03
1.429000000000000000e+04 7.430749999999999855e-03
1.429390625000000000e+04 6.673390000000000398e-03
1.430000000000000000e+04 5.728959999999999955e-03
1.430390918000000056e+04 5.123059999999999593e-03
1.431000000000000000e+04 4.412179999999999921e-03
1.431391210900000078e+04 3.955550000000000385e-03
1.432000000000000000e+04 3.479680000000000186e-03
1.432391406199999983e+04 3.173710000000000159e-03
1.433000000000000000e+04 2.731499999999999987e-03
1.433391699200000039e+04 2.446869999999999861e-03
1.434000000000000000e+04 2.004479999999999890e-03
1.434391992199999913e+04 1.719379999999999954e-03
1.435000000000000000e+04 1.645739999999999920e-03
1.435392285199999969e+04 1.598220000000000023e-03
1.436000000000000000e+04 1.363800000000000082e-03
1.436392480500000056e+04 1.212390000000000039e-03
1.437000000000000000e+04 1.145469999999999995e-03
1.437392773400000078e+04 1.102200000000000011e-03
1.438000000000000000e+04 9.683590000000000166e-04
1.438393066399999952e+04 8.817140000000000220e-04
1.439000000000000000e+04 7.144410000000000127e-04
1.439393261700000039e+04 6.058539999999999629e-04
1.440000000000000000e+04 6.059130000000000245e-04
1.440393554699999913e+04 6.061009999999999488e-04
1.441000000000000000e+04 4.723579999999999793e-04
1.441393945300000087e+04 3.854889999999999814e-04
1.442000000000000000e+04 3.854619999999999900e-04
1.442394238299999961e+04 3.854430000000000161e-04
1.443000000000000000e+04 2.520399999999999789e-04
1.443394433600000048e+04 1.651860000000000004e-04
1.444000000000000000e+04 1.985169999999999968e-04
1.444394726599999922e+04 2.202399999999999920e-04
1.445000000000000000e+04 2.202240000000000111e-04
1.445395019499999944e+04 2.202139999999999892e-04
1.446000000000000000e+04 2.268589999999999908e-04
1.446395214800000031e+04 2.311989999999999933e-04
1.447000000000000000e+04 2.711279999999999832e-04
1.447395507800000087e+04 2.972370000000000003e-04
1.448000000000000000e+04 2.595219999999999862e-04
1.449000000000000000e+04 1.971429999999999927e-04
1.450000000000000000e+04 1.347780000000000028e-04
1.450396289099999922e+04 1.100529999999999982e-04
1.451000000000000000e+04 1.166490000000000007e-04
1.452000000000000000e+04 1.276700000000000024e-04
1.453000000000000000e+04 1.387000000000000103e-04
1.454000000000000000e+04 1.497369999999999929e-04
1.455000000000000000e+04 1.607810000000000044e-04
1.455397656199999983e+04 1.651749999999999898e-04
1.456000000000000000e+04 1.585780000000000121e-04
1.457000000000000000e+04 1.476190000000000108e-04
1.458000000000000000e+04 1.365410000000000061e-04
1.459000000000000000e+04 1.255759999999999917e-04
1.460000000000000000e+04 1.146030000000000003e-04
