# F1500W
1.278000000000000000e+05 1.000000000000000048e-04
1.278600000000000000e+05 1.000000000000000048e-04
1.279100000000000000e+05 1.000000000000000048e-04
1.279700000000000000e+05 1.000000000000000048e-04
1.280300000000000000e+05 2.000000000000000096e-04
1.280900000000000000e+05 2.000000000000000096e-04
1.281500000000000000e+05 2.000000000000000096e-04
1.282000000000000000e+05 2.000000000000000096e-04
1.282600000000000000e+05 2.000000000000000096e-04
1.283200000000000000e+05 2.000000000000000096e-04
1.283800000000000000e+05 2.999999999999999737e-04
1.284400000000000000e+05 2.999999999999999737e-04
1.284900000000000000e+05 2.999999999999999737e-04
1.285500000000000000e+05 2.999999999999999737e-04
1.286100000000000000e+05 2.999999999999999737e-04
1.286700000000000000e+05 2.999999999999999737e-04
1.287300000000000000e+05 2.999999999999999737e-04
1.287800000000000000e+05 4.000000000000000192e-04
1.288400000000000000e+05 4.000000000000000192e-04
1.289000000000000000e+05 4.000000000000000192e-04
1.289600000000000000e+05 4.000000000000000192e-04
1.290200000000000000e+05 5.000000000000000104e-04
1.290700000000000000e+05 5.000000000000000104e-04
1.291300000000000000e+05 5.000000000000000104e-04
1.291900000000000000e+05 5.999999999999999474e-04
1.292500000000000000e+05 5.999999999999999474e-04
1.293100000000000000e+05 6.999999999999999929e-04
1.293600000000000000e+05 6.999999999999999929e-04
1.294200000000000000e+05 6.999999999999999929e-04
1.294800000000000000e+05 8.000000000000000383e-04
1.295400000000000000e+05 8.000000000000000383e-04
1.296000000000000000e+05 8.999999999999999754e-04
1.296500000000000000e+05 8.999999999999999754e-04
1.297100000000000000e+05 1.000000000000000021e-03
1.297700000000000000e+05 1.000000000000000021e-03
1.298300000000000000e+05 1.100000000000000066e-03
1.298900000000000000e+05 1.100000000000000066e-03
1.299400000000000000e+05 1.199999999999999895e-03
1.300000000000000000e+05 1.199999999999999895e-03
1.300600000000000000e+05 1.299999999999999940e-03
1.301200000000000000e+05 1.399999999999999986e-03
1.301800000000000000e+05 1.500000000000000031e-03
1.302300000000000000e+05 1.500000000000000031e-03
1.302900000000000000e+05 1.600000000000000077e-03
1.303500000000000000e+05 1.699999999999999905e-03
1.304100000000000000e+05 1.799999999999999951e-03
1.304700000000000000e+05 1.899999999999999996e-03
1.305200000000000000e+05 2.000000000000000042e-03
1.305800000000000000e+05 2.099999999999999870e-03
1.306400000000000000e+05 2.299999999999999961e-03
1.307000000000000000e+05 2.399999999999999790e-03
1.307600000000000000e+05 2.500000000000000052e-03
1.308100000000000000e+05 2.599999999999999881e-03
1.308700000000000000e+05 2.799999999999999972e-03
1.309300000000000000e+05 2.899999999999999800e-03
1.309900000000000000e+05 3.099999999999999891e-03
1.310500000000000000e+05 3.200000000000000153e-03
1.311000000000000000e+05 3.399999999999999811e-03
1.311600000000000000e+05 3.599999999999999901e-03
1.312200000000000000e+05 3.799999999999999992e-03
1.312800000000000000e+05 4.000000000000000083e-03
1.313400000000000000e+05 4.199999999999999740e-03
1.313900000000000000e+05 4.400000000000000265e-03
1.314500000000000000e+05 4.700000000000000185e-03
1.315100000000000000e+05 5.000000000000000104e-03
1.315700000000000000e+05 5.300000000000000024e-03
1.316300000000000000e+05 5.599999999999999943e-03
1.316800000000000000e+05 5.899999999999999863e-03
1.317400000000000000e+05 6.199999999999999782e-03
1.318000000000000000e+05 6.599999999999999964e-03
1.318600000000000000e+05 7.000000000000000146e-03
1.319200000000000000e+05 7.400000000000000328e-03
1.319700000000000000e+05 7.799999999999999642e-03
1.320300000000000000e+05 8.300000000000000086e-03
1.320900000000000000e+05 8.800000000000000530e-03
1.321500000000000000e+05 9.299999999999999239e-03
1.322100000000000000e+05 9.900000000000000813e-03
1.322600000000000000e+05 1.050000000000000065e-02
1.323200000000000000e+05 1.119999999999999989e-02
1.323800000000000000e+05 1.179999999999999973e-02
1.324400000000000000e+05 1.260000000000000009e-02
1.325000000000000000e+05 1.340000000000000045e-02
1.325500000000000000e+05 1.420000000000000082e-02
1.326100000000000000e+05 1.510000000000000057e-02
1.326700000000000000e+05 1.619999999999999912e-02
1.327300000000000000e+05 1.720000000000000001e-02
1.327900000000000000e+05 1.830000000000000029e-02
1.328400000000000000e+05 1.949999999999999997e-02
1.329000000000000000e+05 2.079999999999999905e-02
1.329600000000000000e+05 2.210000000000000159e-02
1.330200000000000000e+05 2.350000000000000006e-02
1.330800000000000000e+05 2.510000000000000078e-02
1.331300000000000000e+05 2.680000000000000090e-02
1.331900000000000000e+05 2.840000000000000163e-02
1.332500000000000000e+05 3.030000000000000054e-02
1.333100000000000000e+05 3.230000000000000232e-02
1.333700000000000000e+05 3.429999999999999716e-02
1.334200000000000000e+05 3.649999999999999772e-02
1.334800000000000000e+05 3.899999999999999994e-02
1.335400000000000000e+05 4.139999999999999930e-02
1.336000000000000000e+05 4.390000000000000152e-02
1.336600000000000000e+05 4.680000000000000132e-02
1.337100000000000000e+05 4.979999999999999705e-02
1.337700000000000000e+05 5.279999999999999971e-02
1.338300000000000000e+05 5.609999999999999709e-02
1.338900000000000000e+05 5.960000000000000020e-02
1.339500000000000000e+05 6.320000000000000617e-02
1.340000000000000000e+05 6.679999999999999827e-02
1.340600000000000000e+05 7.099999999999999367e-02
1.341200000000000000e+05 7.520000000000000295e-02
1.341800000000000000e+05 7.939999999999999836e-02
1.342400000000000000e+05 8.390000000000000235e-02
1.342900000000000000e+05 8.880000000000000393e-02
1.343500000000000000e+05 9.360000000000000264e-02
1.344100000000000000e+05 9.850000000000000422e-02
1.344700000000000000e+05 1.039000000000000062e-01
1.345300000000000000e+05 1.092000000000000054e-01
1.345800000000000000e+05 1.145999999999999935e-01
1.346400000000000000e+05 1.203000000000000042e-01
1.347000000000000000e+05 1.260999999999999899e-01
1.347600000000000000e+05 1.318999999999999895e-01
1.348200000000000000e+05 1.376999999999999891e-01
1.348700000000000000e+05 1.438000000000000111e-01
1.349300000000000000e+05 1.497999999999999887e-01
1.349900000000000000e+05 1.559000000000000108e-01
1.350500000000000000e+05 1.620999999999999941e-01
1.351100000000000000e+05 1.683999999999999941e-01
1.351600000000000000e+05 1.748000000000000109e-01
1.352200000000000000e+05 1.809999999999999942e-01
1.352800000000000000e+05 1.872000000000000053e-01
1.353400000000000000e+05 1.933999999999999886e-01
1.354000000000000000e+05 1.995999999999999996e-01
1.354500000000000000e+05 2.053999999999999992e-01
1.355100000000000000e+05 2.111000000000000099e-01
1.355700000000000000e+05 2.169000000000000095e-01
1.356300000000000000e+05 2.223999999999999866e-01
1.356900000000000000e+05 2.275999999999999968e-01
1.357400000000000000e+05 2.328999999999999959e-01
1.358000000000000000e+05 2.381000000000000061e-01
1.358600000000000000e+05 2.426000000000000101e-01
1.359200000000000000e+05 2.470999999999999863e-01
1.359800000000000000e+05 2.515999999999999903e-01
1.360300000000000000e+05 2.556999999999999829e-01
1.360900000000000000e+05 2.595000000000000084e-01
1.361500000000000000e+05 2.632999999999999785e-01
1.362100000000000000e+05 2.671000000000000041e-01
1.362700000000000000e+05 2.701000000000000068e-01
1.363200000000000000e+05 2.731999999999999984e-01
1.363800000000000000e+05 2.763999999999999790e-01
1.364400000000000000e+05 2.790000000000000258e-01
1.365000000000000000e+05 2.814999999999999725e-01
1.365600000000000000e+05 2.838999999999999857e-01
1.366100000000000000e+05 2.862999999999999989e-01
1.366700000000000000e+05 2.882000000000000117e-01
1.367300000000000000e+05 2.901000000000000245e-01
1.367900000000000000e+05 2.919999999999999818e-01
1.368500000000000000e+05 2.936000000000000276e-01
1.369000000000000000e+05 2.950999999999999734e-01
1.369600000000000000e+05 2.965999999999999748e-01
1.370200000000000000e+05 2.978999999999999981e-01
1.370800000000000000e+05 2.989999999999999880e-01
1.371400000000000000e+05 3.000999999999999779e-01
1.371900000000000000e+05 3.013000000000000123e-01
1.372500000000000000e+05 3.020999999999999797e-01
1.373100000000000000e+05 3.029999999999999916e-01
1.373700000000000000e+05 3.038000000000000145e-01
1.374300000000000000e+05 3.045999999999999819e-01
1.374800000000000000e+05 3.053000000000000158e-01
1.375400000000000000e+05 3.059000000000000052e-01
1.376000000000000000e+05 3.065999999999999837e-01
1.376600000000000000e+05 3.070999999999999841e-01
1.377200000000000000e+05 3.075999999999999845e-01
1.377700000000000000e+05 3.081999999999999740e-01
1.378300000000000000e+05 3.086999999999999744e-01
1.378900000000000000e+05 3.090999999999999859e-01
1.379500000000000000e+05 3.094999999999999973e-01
1.380100000000000000e+05 3.099999999999999978e-01
1.380600000000000000e+05 3.104000000000000092e-01
1.381200000000000000e+05 3.108000000000000207e-01
1.381800000000000000e+05 3.110999999999999877e-01
1.382400000000000000e+05 3.114999999999999991e-01
1.383000000000000000e+05 3.118000000000000216e-01
1.383500000000000000e+05 3.121999999999999775e-01
1.384100000000000000e+05 3.125000000000000000e-01
1.384700000000000000e+05 3.128000000000000225e-01
1.385300000000000000e+05 3.130999999999999894e-01
1.385900000000000000e+05 3.134000000000000119e-01
1.386400000000000000e+05 3.136999999999999789e-01
1.387000000000000000e+05 3.139000000000000123e-01
1.387600000000000000e+05 3.141999999999999793e-01
1.388200000000000000e+05 3.145000000000000018e-01
1.388800000000000000e+05 3.148000000000000242e-01
1.389300000000000000e+05 3.150999999999999912e-01
1.389900000000000000e+05 3.154000000000000137e-01
1.390500000000000000e+05 3.158000000000000251e-01
1.391100000000000000e+05 3.160999999999999921e-01
1.391700000000000000e+05 3.164000000000000146e-01
1.392200000000000000e+05 3.168000000000000260e-01
1.392800000000000000e+05 3.171999999999999820e-01
1.393400000000000000e+05 3.175000000000000044e-01
1.394000000000000000e+05 3.179000000000000159e-01
1.394600000000000000e+05 3.183000000000000274e-01
1.395100000000000000e+05 3.186999999999999833e-01
1.395700000000000000e+05 3.190000000000000058e-01
1.396300000000000000e+05 3.194000000000000172e-01
1.396900000000000000e+05 3.197999999999999732e-01
1.397500000000000000e+05 3.201999999999999846e-01
1.398000000000000000e+05 3.205000000000000071e-01
1.398600000000000000e+05 3.209000000000000186e-01
1.399200000000000000e+05 3.212999999999999745e-01
1.399800000000000000e+05 3.215999999999999970e-01
1.400400000000000000e+05 3.220999999999999974e-01
1.400900000000000000e+05 3.225999999999999979e-01
1.401500000000000000e+05 3.230999999999999983e-01
1.402100000000000000e+05 3.235999999999999988e-01
1.402700000000000000e+05 3.240999999999999992e-01
1.403300000000000000e+05 3.245999999999999996e-01
1.403800000000000000e+05 3.251000000000000001e-01
1.404400000000000000e+05 3.256000000000000005e-01
1.405000000000000000e+05 3.261000000000000010e-01
1.405600000000000000e+05 3.266999999999999904e-01
1.406200000000000000e+05 3.271999999999999909e-01
1.406700000000000000e+05 3.276999999999999913e-01
1.407300000000000000e+05 3.281999999999999917e-01
1.407900000000000000e+05 3.287999999999999812e-01
1.408500000000000000e+05 3.292999999999999816e-01
1.409100000000000000e+05 3.297999999999999821e-01
1.409600000000000000e+05 3.302999999999999825e-01
1.410200000000000000e+05 3.307999999999999829e-01
1.410800000000000000e+05 3.312999999999999834e-01
1.411400000000000000e+05 3.318999999999999728e-01
1.412000000000000000e+05 3.323999999999999733e-01
1.412500000000000000e+05 3.328999999999999737e-01
1.413100000000000000e+05 3.333999999999999742e-01
1.413700000000000000e+05 3.338999999999999746e-01
1.414300000000000000e+05 3.343999999999999750e-01
1.414900000000000000e+05 3.348999999999999755e-01
1.415400000000000000e+05 3.353999999999999759e-01
1.416000000000000000e+05 3.358999999999999764e-01
1.416600000000000000e+05 3.363999999999999768e-01
1.417200000000000000e+05 3.368999999999999773e-01
1.417800000000000000e+05 3.375000000000000222e-01
1.418300000000000000e+05 3.380000000000000226e-01
1.418900000000000000e+05 3.386000000000000121e-01
1.419500000000000000e+05 3.392000000000000015e-01
1.420100000000000000e+05 3.397000000000000020e-01
1.420700000000000000e+05 3.402999999999999914e-01
1.421200000000000000e+05 3.408999999999999808e-01
1.421800000000000000e+05 3.415000000000000258e-01
1.422400000000000000e+05 3.421000000000000152e-01
1.423000000000000000e+05 3.427000000000000046e-01
1.423600000000000000e+05 3.432999999999999940e-01
1.424100000000000000e+05 3.437999999999999945e-01
1.424700000000000000e+05 3.442999999999999949e-01
1.425300000000000000e+05 3.447999999999999954e-01
1.425900000000000000e+05 3.453999999999999848e-01
1.426500000000000000e+05 3.457999999999999963e-01
1.427000000000000000e+05 3.462000000000000077e-01
1.427600000000000000e+05 3.466000000000000192e-01
1.428200000000000000e+05 3.468999999999999861e-01
1.428800000000000000e+05 3.472000000000000086e-01
1.429400000000000000e+05 3.474999999999999756e-01
1.429900000000000000e+05 3.477000000000000091e-01
1.430500000000000000e+05 3.478999999999999870e-01
1.431100000000000000e+05 3.481000000000000205e-01
1.431700000000000000e+05 3.482000000000000095e-01
1.432300000000000000e+05 3.483999999999999875e-01
1.432800000000000000e+05 3.484999999999999765e-01
1.433400000000000000e+05 3.486000000000000210e-01
1.434000000000000000e+05 3.487000000000000099e-01
1.434600000000000000e+05 3.487999999999999989e-01
1.435200000000000000e+05 3.489999999999999769e-01
1.435700000000000000e+05 3.491000000000000214e-01
1.436300000000000000e+05 3.492999999999999994e-01
1.436900000000000000e+05 3.494999999999999774e-01
1.437500000000000000e+05 3.497999999999999998e-01
1.438100000000000000e+05 3.499999999999999778e-01
1.438600000000000000e+05 3.503000000000000003e-01
1.439200000000000000e+05 3.507000000000000117e-01
1.439800000000000000e+05 3.509999999999999787e-01
1.440400000000000000e+05 3.513999999999999901e-01
1.441000000000000000e+05 3.517000000000000126e-01
1.441500000000000000e+05 3.521000000000000241e-01
1.442100000000000000e+05 3.524999999999999800e-01
1.442700000000000000e+05 3.528000000000000025e-01
1.443300000000000000e+05 3.532000000000000139e-01
1.443900000000000000e+05 3.534999999999999809e-01
1.444400000000000000e+05 3.538000000000000034e-01
1.445000000000000000e+05 3.541000000000000258e-01
1.445600000000000000e+05 3.543999999999999928e-01
1.446200000000000000e+05 3.546000000000000263e-01
1.446800000000000000e+05 3.548000000000000043e-01
1.447300000000000000e+05 3.549999999999999822e-01
1.447900000000000000e+05 3.552000000000000157e-01
1.448500000000000000e+05 3.553000000000000047e-01
1.449100000000000000e+05 3.554999999999999827e-01
1.449700000000000000e+05 3.557000000000000162e-01
1.450200000000000000e+05 3.558000000000000052e-01
1.450800000000000000e+05 3.557000000000000162e-01
1.451400000000000000e+05 3.557000000000000162e-01
1.452000000000000000e+05 3.556000000000000272e-01
1.452600000000000000e+05 3.557000000000000162e-01
1.453100000000000000e+05 3.558999999999999941e-01
1.453700000000000000e+05 3.559999999999999831e-01
1.454300000000000000e+05 3.562000000000000166e-01
1.454900000000000000e+05 3.564999999999999836e-01
1.455500000000000000e+05 3.568000000000000060e-01
1.456000000000000000e+05 3.572000000000000175e-01
1.456600000000000000e+05 3.575999999999999734e-01
1.457200000000000000e+05 3.579999999999999849e-01
1.457800000000000000e+05 3.583999999999999964e-01
1.458400000000000000e+05 3.588999999999999968e-01
1.458900000000000000e+05 3.593000000000000083e-01
1.459500000000000000e+05 3.598000000000000087e-01
1.460100000000000000e+05 3.602000000000000202e-01
1.460700000000000000e+05 3.605999999999999761e-01
1.461300000000000000e+05 3.609999999999999876e-01
1.461800000000000000e+05 3.613000000000000100e-01
1.462400000000000000e+05 3.617000000000000215e-01
1.463000000000000000e+05 3.619999999999999885e-01
1.463600000000000000e+05 3.623000000000000109e-01
1.464200000000000000e+05 3.624999999999999889e-01
1.464700000000000000e+05 3.628000000000000114e-01
1.465300000000000000e+05 3.629999999999999893e-01
1.465900000000000000e+05 3.632000000000000228e-01
1.466500000000000000e+05 3.634000000000000008e-01
1.467100000000000000e+05 3.635999999999999788e-01
1.467600000000000000e+05 3.638000000000000123e-01
1.468200000000000000e+05 3.639999999999999902e-01
1.468800000000000000e+05 3.642000000000000237e-01
1.469400000000000000e+05 3.644000000000000017e-01
1.470000000000000000e+05 3.645999999999999797e-01
1.470500000000000000e+05 3.648000000000000131e-01
1.471100000000000000e+05 3.649000000000000021e-01
1.471700000000000000e+05 3.650999999999999801e-01
1.472300000000000000e+05 3.653000000000000136e-01
1.472900000000000000e+05 3.654999999999999916e-01
1.473400000000000000e+05 3.657000000000000250e-01
1.474000000000000000e+05 3.659000000000000030e-01
1.474600000000000000e+05 3.659999999999999920e-01
1.475200000000000000e+05 3.662000000000000255e-01
1.475800000000000000e+05 3.664000000000000035e-01
1.476300000000000000e+05 3.665999999999999814e-01
1.476900000000000000e+05 3.668000000000000149e-01
1.477500000000000000e+05 3.669999999999999929e-01
1.478100000000000000e+05 3.672000000000000264e-01
1.478700000000000000e+05 3.674000000000000044e-01
1.479200000000000000e+05 3.675999999999999823e-01
1.479800000000000000e+05 3.678000000000000158e-01
1.480400000000000000e+05 3.679999999999999938e-01
1.481000000000000000e+05 3.682000000000000273e-01
1.481600000000000000e+05 3.684000000000000052e-01
1.482100000000000000e+05 3.685999999999999832e-01
1.482700000000000000e+05 3.688000000000000167e-01
1.483300000000000000e+05 3.689000000000000057e-01
1.483900000000000000e+05 3.690999999999999837e-01
1.484500000000000000e+05 3.691999999999999726e-01
1.485000000000000000e+05 3.694000000000000061e-01
1.485600000000000000e+05 3.694999999999999951e-01
1.486200000000000000e+05 3.695999999999999841e-01
1.486800000000000000e+05 3.695999999999999841e-01
1.487400000000000000e+05 3.696999999999999731e-01
1.487900000000000000e+05 3.696999999999999731e-01
1.488500000000000000e+05 3.696999999999999731e-01
1.489100000000000000e+05 3.695999999999999841e-01
1.489700000000000000e+05 3.695999999999999841e-01
1.490300000000000000e+05 3.694999999999999951e-01
1.490800000000000000e+05 3.693000000000000171e-01
1.491400000000000000e+05 3.690999999999999837e-01
1.492000000000000000e+05 3.689999999999999947e-01
1.492600000000000000e+05 3.688000000000000167e-01
1.493200000000000000e+05 3.685999999999999832e-01
1.493700000000000000e+05 3.684000000000000052e-01
1.494300000000000000e+05 3.682000000000000273e-01
1.494900000000000000e+05 3.680999999999999828e-01
1.495500000000000000e+05 3.679999999999999938e-01
1.496100000000000000e+05 3.679000000000000048e-01
1.496600000000000000e+05 3.679999999999999938e-01
1.497200000000000000e+05 3.679999999999999938e-01
1.497800000000000000e+05 3.680999999999999828e-01
1.498400000000000000e+05 3.682000000000000273e-01
1.499000000000000000e+05 3.683000000000000163e-01
1.499500000000000000e+05 3.684999999999999942e-01
1.500100000000000000e+05 3.685999999999999832e-01
1.500700000000000000e+05 3.685999999999999832e-01
1.501300000000000000e+05 3.687000000000000277e-01
1.501900000000000000e+05 3.687000000000000277e-01
1.502400000000000000e+05 3.687000000000000277e-01
1.503000000000000000e+05 3.685999999999999832e-01
1.503600000000000000e+05 3.685999999999999832e-01
1.504200000000000000e+05 3.684999999999999942e-01
1.504800000000000000e+05 3.683000000000000163e-01
1.505300000000000000e+05 3.680999999999999828e-01
1.505900000000000000e+05 3.679999999999999938e-01
1.506500000000000000e+05 3.677000000000000268e-01
1.507100000000000000e+05 3.674000000000000044e-01
1.507700000000000000e+05 3.672000000000000264e-01
1.508200000000000000e+05 3.669000000000000039e-01
1.508800000000000000e+05 3.664999999999999925e-01
1.509400000000000000e+05 3.662000000000000255e-01
1.510000000000000000e+05 3.658000000000000140e-01
1.510600000000000000e+05 3.654000000000000026e-01
1.511100000000000000e+05 3.649999999999999911e-01
1.511700000000000000e+05 3.645999999999999797e-01
1.512300000000000000e+05 3.642000000000000237e-01
1.512900000000000000e+05 3.638000000000000123e-01
1.513500000000000000e+05 3.634000000000000008e-01
1.514000000000000000e+05 3.629000000000000004e-01
1.514600000000000000e+05 3.624999999999999889e-01
1.515200000000000000e+05 3.619999999999999885e-01
1.515800000000000000e+05 3.614999999999999880e-01
1.516400000000000000e+05 3.610999999999999766e-01
1.516900000000000000e+05 3.604999999999999871e-01
1.517500000000000000e+05 3.599999999999999867e-01
1.518100000000000000e+05 3.594999999999999862e-01
1.518700000000000000e+05 3.589999999999999858e-01
1.519300000000000000e+05 3.584999999999999853e-01
1.519800000000000000e+05 3.578999999999999959e-01
1.520400000000000000e+05 3.573000000000000065e-01
1.521000000000000000e+05 3.568000000000000060e-01
1.521600000000000000e+05 3.562000000000000166e-01
1.522200000000000000e+05 3.556000000000000272e-01
1.522700000000000000e+05 3.549999999999999822e-01
1.523300000000000000e+05 3.543000000000000038e-01
1.523900000000000000e+05 3.537000000000000144e-01
1.524500000000000000e+05 3.529999999999999805e-01
1.525100000000000000e+05 3.523000000000000020e-01
1.525600000000000000e+05 3.517000000000000126e-01
1.526200000000000000e+05 3.509999999999999787e-01
1.526800000000000000e+05 3.503000000000000003e-01
1.527400000000000000e+05 3.496000000000000218e-01
1.528000000000000000e+05 3.488999999999999879e-01
1.528500000000000000e+05 3.482000000000000095e-01
1.529100000000000000e+05 3.473999999999999866e-01
1.529700000000000000e+05 3.467000000000000082e-01
1.530300000000000000e+05 3.459999999999999742e-01
1.530900000000000000e+05 3.453999999999999848e-01
1.531400000000000000e+05 3.447000000000000064e-01
1.532000000000000000e+05 3.439999999999999725e-01
1.532600000000000000e+05 3.433999999999999830e-01
1.533200000000000000e+05 3.427000000000000046e-01
1.533800000000000000e+05 3.421000000000000152e-01
1.534300000000000000e+05 3.415000000000000258e-01
1.534900000000000000e+05 3.410000000000000253e-01
1.535500000000000000e+05 3.403999999999999804e-01
1.536100000000000000e+05 3.398999999999999799e-01
1.536700000000000000e+05 3.393999999999999795e-01
1.537200000000000000e+05 3.388999999999999790e-01
1.537800000000000000e+05 3.385000000000000231e-01
1.538400000000000000e+05 3.381000000000000116e-01
1.539000000000000000e+05 3.377000000000000002e-01
1.539600000000000000e+05 3.372999999999999887e-01
1.540100000000000000e+05 3.370000000000000218e-01
1.540700000000000000e+05 3.366999999999999993e-01
1.541300000000000000e+05 3.363999999999999768e-01
1.541900000000000000e+05 3.361000000000000099e-01
1.542500000000000000e+05 3.358999999999999764e-01
1.543000000000000000e+05 3.356999999999999984e-01
1.543600000000000000e+05 3.353999999999999759e-01
1.544200000000000000e+05 3.351999999999999980e-01
1.544800000000000000e+05 3.351000000000000090e-01
1.545400000000000000e+05 3.348999999999999755e-01
1.545900000000000000e+05 3.346999999999999975e-01
1.546500000000000000e+05 3.346000000000000085e-01
1.547100000000000000e+05 3.345000000000000195e-01
1.547700000000000000e+05 3.342999999999999861e-01
1.548300000000000000e+05 3.341999999999999971e-01
1.548800000000000000e+05 3.341000000000000081e-01
1.549400000000000000e+05 3.340000000000000191e-01
1.550000000000000000e+05 3.338999999999999746e-01
1.550600000000000000e+05 3.336999999999999966e-01
1.551200000000000000e+05 3.335000000000000187e-01
1.551700000000000000e+05 3.333999999999999742e-01
1.552300000000000000e+05 3.331999999999999962e-01
1.552900000000000000e+05 3.330000000000000182e-01
1.553500000000000000e+05 3.327999999999999847e-01
1.554100000000000000e+05 3.326999999999999957e-01
1.554600000000000000e+05 3.325000000000000178e-01
1.555200000000000000e+05 3.322999999999999843e-01
1.555800000000000000e+05 3.321000000000000063e-01
1.556400000000000000e+05 3.318999999999999728e-01
1.557000000000000000e+05 3.316000000000000059e-01
1.557500000000000000e+05 3.313999999999999724e-01
1.558100000000000000e+05 3.311999999999999944e-01
1.558700000000000000e+05 3.309000000000000274e-01
1.559300000000000000e+05 3.306999999999999940e-01
1.559900000000000000e+05 3.304000000000000270e-01
1.560400000000000000e+05 3.301999999999999935e-01
1.561000000000000000e+05 3.299000000000000266e-01
1.561600000000000000e+05 3.296000000000000041e-01
1.562200000000000000e+05 3.294000000000000261e-01
1.562800000000000000e+05 3.291000000000000036e-01
1.563300000000000000e+05 3.287999999999999812e-01
1.563900000000000000e+05 3.286000000000000032e-01
1.564500000000000000e+05 3.282999999999999807e-01
1.565100000000000000e+05 3.280000000000000138e-01
1.565700000000000000e+05 3.277999999999999803e-01
1.566200000000000000e+05 3.275000000000000133e-01
1.566800000000000000e+05 3.272999999999999798e-01
1.567400000000000000e+05 3.270000000000000129e-01
1.568000000000000000e+05 3.267999999999999794e-01
1.568600000000000000e+05 3.266000000000000014e-01
1.569100000000000000e+05 3.264000000000000234e-01
1.569700000000000000e+05 3.261999999999999900e-01
1.570300000000000000e+05 3.260000000000000120e-01
1.570900000000000000e+05 3.257999999999999785e-01
1.571500000000000000e+05 3.256999999999999895e-01
1.572000000000000000e+05 3.255000000000000115e-01
1.572600000000000000e+05 3.254000000000000226e-01
1.573200000000000000e+05 3.252999999999999781e-01
1.573800000000000000e+05 3.251999999999999891e-01
1.574400000000000000e+05 3.251000000000000001e-01
1.574900000000000000e+05 3.251000000000000001e-01
1.575500000000000000e+05 3.251000000000000001e-01
1.576100000000000000e+05 3.251000000000000001e-01
1.576700000000000000e+05 3.251999999999999891e-01
1.577300000000000000e+05 3.252999999999999781e-01
1.577800000000000000e+05 3.252999999999999781e-01
1.578400000000000000e+05 3.255000000000000115e-01
1.579000000000000000e+05 3.256999999999999895e-01
1.579600000000000000e+05 3.259000000000000230e-01
1.580200000000000000e+05 3.261000000000000010e-01
1.580700000000000000e+05 3.262999999999999790e-01
1.581300000000000000e+05 3.266000000000000014e-01
1.581900000000000000e+05 3.269000000000000239e-01
1.582500000000000000e+05 3.271999999999999909e-01
1.583100000000000000e+05 3.275000000000000133e-01
1.583600000000000000e+05 3.279000000000000248e-01
1.584200000000000000e+05 3.281999999999999917e-01
1.584800000000000000e+05 3.286000000000000032e-01
1.585400000000000000e+05 3.290000000000000147e-01
1.586000000000000000e+05 3.292999999999999816e-01
1.586500000000000000e+05 3.296999999999999931e-01
1.587100000000000000e+05 3.301000000000000045e-01
1.587700000000000000e+05 3.304000000000000270e-01
1.588300000000000000e+05 3.307999999999999829e-01
1.588900000000000000e+05 3.311000000000000054e-01
1.589400000000000000e+05 3.315000000000000169e-01
1.590000000000000000e+05 3.317999999999999838e-01
1.590600000000000000e+05 3.321000000000000063e-01
1.591200000000000000e+05 3.323999999999999733e-01
1.591800000000000000e+05 3.326999999999999957e-01
1.592300000000000000e+05 3.330000000000000182e-01
1.592900000000000000e+05 3.331999999999999962e-01
1.593500000000000000e+05 3.335000000000000187e-01
1.594100000000000000e+05 3.336999999999999966e-01
1.594700000000000000e+05 3.338999999999999746e-01
1.595200000000000000e+05 3.341000000000000081e-01
1.595800000000000000e+05 3.342999999999999861e-01
1.596400000000000000e+05 3.345000000000000195e-01
1.597000000000000000e+05 3.346999999999999975e-01
1.597600000000000000e+05 3.347999999999999865e-01
1.598100000000000000e+05 3.350000000000000200e-01
1.598700000000000000e+05 3.351999999999999980e-01
1.599300000000000000e+05 3.352999999999999869e-01
1.599900000000000000e+05 3.355000000000000204e-01
1.600500000000000000e+05 3.356999999999999984e-01
1.601000000000000000e+05 3.361000000000000099e-01
1.601600000000000000e+05 3.363999999999999768e-01
1.602200000000000000e+05 3.366999999999999993e-01
1.602800000000000000e+05 3.370000000000000218e-01
1.603400000000000000e+05 3.372999999999999887e-01
1.603900000000000000e+05 3.376000000000000112e-01
1.604500000000000000e+05 3.377999999999999892e-01
1.605100000000000000e+05 3.381000000000000116e-01
1.605700000000000000e+05 3.382999999999999896e-01
1.606300000000000000e+05 3.385000000000000231e-01
1.606800000000000000e+05 3.386000000000000121e-01
1.607400000000000000e+05 3.387999999999999901e-01
1.608000000000000000e+05 3.388999999999999790e-01
1.608600000000000000e+05 3.390000000000000235e-01
1.609200000000000000e+05 3.391000000000000125e-01
1.609700000000000000e+05 3.391000000000000125e-01
1.610300000000000000e+05 3.392000000000000015e-01
1.610900000000000000e+05 3.392000000000000015e-01
1.611500000000000000e+05 3.392000000000000015e-01
1.612100000000000000e+05 3.392000000000000015e-01
1.612600000000000000e+05 3.391000000000000125e-01
1.613200000000000000e+05 3.391000000000000125e-01
1.613800000000000000e+05 3.390000000000000235e-01
1.614400000000000000e+05 3.388999999999999790e-01
1.615000000000000000e+05 3.387999999999999901e-01
1.615500000000000000e+05 3.387000000000000011e-01
1.616100000000000000e+05 3.386000000000000121e-01
1.616700000000000000e+05 3.383999999999999786e-01
1.617300000000000000e+05 3.382999999999999896e-01
1.617900000000000000e+05 3.382000000000000006e-01
1.618400000000000000e+05 3.380000000000000226e-01
1.619000000000000000e+05 3.378999999999999782e-01
1.619600000000000000e+05 3.377000000000000002e-01
1.620200000000000000e+05 3.376000000000000112e-01
1.620800000000000000e+05 3.373999999999999777e-01
1.621300000000000000e+05 3.372999999999999887e-01
1.621900000000000000e+05 3.371999999999999997e-01
1.622500000000000000e+05 3.371000000000000107e-01
1.623100000000000000e+05 3.370000000000000218e-01
1.623700000000000000e+05 3.370000000000000218e-01
1.624200000000000000e+05 3.368999999999999773e-01
1.624800000000000000e+05 3.368999999999999773e-01
1.625400000000000000e+05 3.368999999999999773e-01
1.626000000000000000e+05 3.368999999999999773e-01
1.626600000000000000e+05 3.368999999999999773e-01
1.627100000000000000e+05 3.368999999999999773e-01
1.627700000000000000e+05 3.370000000000000218e-01
1.628300000000000000e+05 3.370000000000000218e-01
1.628900000000000000e+05 3.371000000000000107e-01
1.629500000000000000e+05 3.371999999999999997e-01
1.630000000000000000e+05 3.372999999999999887e-01
1.630600000000000000e+05 3.372999999999999887e-01
1.631200000000000000e+05 3.373999999999999777e-01
1.631800000000000000e+05 3.373999999999999777e-01
1.632400000000000000e+05 3.373999999999999777e-01
1.632900000000000000e+05 3.373999999999999777e-01
1.633500000000000000e+05 3.373999999999999777e-01
1.634100000000000000e+05 3.373999999999999777e-01
1.634700000000000000e+05 3.372999999999999887e-01
1.635300000000000000e+05 3.371999999999999997e-01
1.635800000000000000e+05 3.370000000000000218e-01
1.636400000000000000e+05 3.367999999999999883e-01
1.637000000000000000e+05 3.365000000000000213e-01
1.637600000000000000e+05 3.361999999999999988e-01
1.638200000000000000e+05 3.358999999999999764e-01
1.638700000000000000e+05 3.353999999999999759e-01
1.639300000000000000e+05 3.348999999999999755e-01
1.639900000000000000e+05 3.342999999999999861e-01
1.640500000000000000e+05 3.336000000000000076e-01
1.641100000000000000e+05 3.326999999999999957e-01
1.641600000000000000e+05 3.318999999999999728e-01
1.642200000000000000e+05 3.309000000000000274e-01
1.642800000000000000e+05 3.296999999999999931e-01
1.643400000000000000e+05 3.285000000000000142e-01
1.644000000000000000e+05 3.271999999999999909e-01
1.644500000000000000e+05 3.256000000000000005e-01
1.645100000000000000e+05 3.239000000000000212e-01
1.645700000000000000e+05 3.221999999999999864e-01
1.646300000000000000e+05 3.201999999999999846e-01
1.646900000000000000e+05 3.179000000000000159e-01
1.647400000000000000e+05 3.155999999999999917e-01
1.648000000000000000e+05 3.133000000000000229e-01
1.648600000000000000e+05 3.104000000000000092e-01
1.649200000000000000e+05 3.074999999999999956e-01
1.649800000000000000e+05 3.045999999999999819e-01
1.650300000000000000e+05 3.013000000000000123e-01
1.650900000000000000e+05 2.978000000000000091e-01
1.651500000000000000e+05 2.943000000000000060e-01
1.652100000000000000e+05 2.907000000000000139e-01
1.652700000000000000e+05 2.866000000000000214e-01
1.653200000000000000e+05 2.823999999999999844e-01
1.653800000000000000e+05 2.782000000000000028e-01
1.654400000000000000e+05 2.736999999999999988e-01
1.655000000000000000e+05 2.688999999999999724e-01
1.655600000000000000e+05 2.641999999999999904e-01
1.656100000000000000e+05 2.592999999999999750e-01
1.656700000000000000e+05 2.540999999999999925e-01
1.657300000000000000e+05 2.489000000000000101e-01
1.657900000000000000e+05 2.437000000000000000e-01
1.658500000000000000e+05 2.381999999999999951e-01
1.659000000000000000e+05 2.326000000000000012e-01
1.659600000000000000e+05 2.270999999999999963e-01
1.660200000000000000e+05 2.214000000000000135e-01
1.660800000000000000e+05 2.156000000000000139e-01
1.661400000000000000e+05 2.097999999999999865e-01
1.661900000000000000e+05 2.038999999999999979e-01
1.662500000000000000e+05 1.980000000000000093e-01
1.663100000000000000e+05 1.920999999999999930e-01
1.663700000000000000e+05 1.862000000000000044e-01
1.664300000000000000e+05 1.802999999999999881e-01
1.664800000000000000e+05 1.744999999999999885e-01
1.665400000000000000e+05 1.685999999999999999e-01
1.666000000000000000e+05 1.627000000000000113e-01
1.666600000000000000e+05 1.570999999999999897e-01
1.667200000000000000e+05 1.514000000000000068e-01
1.667700000000000000e+05 1.456999999999999962e-01
1.668300000000000000e+05 1.403000000000000080e-01
1.668900000000000000e+05 1.350000000000000089e-01
1.669500000000000000e+05 1.297000000000000097e-01
1.670100000000000000e+05 1.243999999999999967e-01
1.670600000000000000e+05 1.195999999999999980e-01
1.671200000000000000e+05 1.147999999999999993e-01
1.671800000000000000e+05 1.098999999999999977e-01
1.672400000000000000e+05 1.053999999999999937e-01
1.673000000000000000e+05 1.010999999999999954e-01
1.673500000000000000e+05 9.679999999999999716e-02
1.674100000000000000e+05 9.249999999999999889e-02
1.674700000000000000e+05 8.870000000000000107e-02
1.675300000000000000e+05 8.490000000000000324e-02
1.675900000000000000e+05 8.110000000000000542e-02
1.676400000000000000e+05 7.770000000000000517e-02
1.677000000000000000e+05 7.430000000000000493e-02
1.677600000000000000e+05 7.099999999999999367e-02
1.678200000000000000e+05 6.779999999999999916e-02
1.678800000000000000e+05 6.489999999999999936e-02
1.679300000000000000e+05 6.189999999999999669e-02
1.679900000000000000e+05 5.899999999999999689e-02
1.680500000000000000e+05 5.650000000000000161e-02
1.681100000000000000e+05 5.390000000000000346e-02
1.681700000000000000e+05 5.140000000000000124e-02
1.682200000000000000e+05 4.900000000000000189e-02
1.682800000000000000e+05 4.689999999999999725e-02
1.683400000000000000e+05 4.469999999999999668e-02
1.684000000000000000e+05 4.250000000000000305e-02
1.684600000000000000e+05 4.059999999999999720e-02
1.685100000000000000e+05 3.869999999999999829e-02
1.685700000000000000e+05 3.679999999999999938e-02
1.686300000000000000e+05 3.509999999999999926e-02
1.686900000000000000e+05 3.350000000000000200e-02
1.687500000000000000e+05 3.180000000000000188e-02
1.688000000000000000e+05 3.020000000000000115e-02
1.688600000000000000e+05 2.889999999999999861e-02
1.689200000000000000e+05 2.750000000000000014e-02
1.689800000000000000e+05 2.610000000000000167e-02
1.690400000000000000e+05 2.489999999999999852e-02
1.690900000000000000e+05 2.369999999999999885e-02
1.691500000000000000e+05 2.249999999999999917e-02
1.692100000000000000e+05 2.139999999999999888e-02
1.692700000000000000e+05 2.040000000000000147e-02
1.693300000000000000e+05 1.940000000000000058e-02
1.693800000000000000e+05 1.839999999999999969e-02
1.694400000000000000e+05 1.760000000000000106e-02
1.695000000000000000e+05 1.669999999999999957e-02
1.695600000000000000e+05 1.590000000000000094e-02
1.696200000000000000e+05 1.519999999999999997e-02
1.696700000000000000e+05 1.450000000000000074e-02
1.697300000000000000e+05 1.379999999999999977e-02
1.697900000000000000e+05 1.319999999999999993e-02
1.698500000000000000e+05 1.260000000000000009e-02
1.699100000000000000e+05 1.200000000000000025e-02
1.699600000000000000e+05 1.149999999999999981e-02
1.700200000000000000e+05 1.099999999999999936e-02
1.700800000000000000e+05 1.050000000000000065e-02
1.701400000000000000e+05 1.009999999999999960e-02
1.702000000000000000e+05 9.599999999999999159e-03
1.702500000000000000e+05 9.199999999999999845e-03
1.703100000000000000e+05 8.800000000000000530e-03
1.703700000000000000e+05 8.399999999999999481e-03
1.704300000000000000e+05 8.099999999999999561e-03
1.704900000000000000e+05 7.700000000000000247e-03
1.705400000000000000e+05 7.400000000000000328e-03
1.706000000000000000e+05 7.000000000000000146e-03
1.706600000000000000e+05 6.799999999999999621e-03
1.707200000000000000e+05 6.499999999999999702e-03
1.707800000000000000e+05 6.199999999999999782e-03
1.708300000000000000e+05 5.899999999999999863e-03
1.708900000000000000e+05 5.599999999999999943e-03
1.709500000000000000e+05 5.400000000000000286e-03
1.710100000000000000e+05 5.100000000000000366e-03
1.710700000000000000e+05 4.899999999999999842e-03
1.711200000000000000e+05 4.700000000000000185e-03
1.711800000000000000e+05 4.499999999999999660e-03
1.712400000000000000e+05 4.300000000000000003e-03
1.713000000000000000e+05 4.100000000000000346e-03
1.713600000000000000e+05 3.899999999999999821e-03
1.714100000000000000e+05 3.700000000000000164e-03
1.714700000000000000e+05 3.500000000000000073e-03
1.715300000000000000e+05 3.399999999999999811e-03
1.715900000000000000e+05 3.200000000000000153e-03
1.716500000000000000e+05 3.099999999999999891e-03
1.717000000000000000e+05 2.899999999999999800e-03
1.717600000000000000e+05 2.799999999999999972e-03
1.718200000000000000e+05 2.599999999999999881e-03
1.718800000000000000e+05 2.500000000000000052e-03
1.719400000000000000e+05 2.399999999999999790e-03
1.719900000000000000e+05 2.200000000000000133e-03
1.720500000000000000e+05 2.099999999999999870e-03
1.721100000000000000e+05 2.000000000000000042e-03
1.721700000000000000e+05 1.899999999999999996e-03
1.722300000000000000e+05 1.799999999999999951e-03
1.722800000000000000e+05 1.699999999999999905e-03
1.723400000000000000e+05 1.600000000000000077e-03
1.724000000000000000e+05 1.600000000000000077e-03
1.724600000000000000e+05 1.500000000000000031e-03
1.725200000000000000e+05 1.399999999999999986e-03
1.725700000000000000e+05 1.399999999999999986e-03
1.726300000000000000e+05 1.299999999999999940e-03
1.726900000000000000e+05 1.199999999999999895e-03
1.727500000000000000e+05 1.199999999999999895e-03
1.728100000000000000e+05 1.100000000000000066e-03
1.728600000000000000e+05 1.100000000000000066e-03
1.729200000000000000e+05 1.000000000000000021e-03
1.729800000000000000e+05 1.000000000000000021e-03
1.730400000000000000e+05 8.999999999999999754e-04
1.731000000000000000e+05 8.999999999999999754e-04
1.731500000000000000e+05 8.999999999999999754e-04
1.732100000000000000e+05 8.000000000000000383e-04
1.732700000000000000e+05 8.000000000000000383e-04
1.733300000000000000e+05 8.000000000000000383e-04
1.733900000000000000e+05 6.999999999999999929e-04
1.734400000000000000e+05 6.999999999999999929e-04
1.735000000000000000e+05 5.999999999999999474e-04
1.735600000000000000e+05 5.999999999999999474e-04
1.736200000000000000e+05 5.999999999999999474e-04
1.736800000000000000e+05 5.000000000000000104e-04
1.737300000000000000e+05 5.000000000000000104e-04
1.737900000000000000e+05 5.000000000000000104e-04
1.738500000000000000e+05 5.000000000000000104e-04
1.739100000000000000e+05 4.000000000000000192e-04
1.739700000000000000e+05 4.000000000000000192e-04
1.740200000000000000e+05 4.000000000000000192e-04
1.740800000000000000e+05 2.999999999999999737e-04
1.741400000000000000e+05 2.999999999999999737e-04
1.742000000000000000e+05 2.999999999999999737e-04
1.742600000000000000e+05 2.999999999999999737e-04
1.743100000000000000e+05 2.000000000000000096e-04
1.743700000000000000e+05 2.000000000000000096e-04
1.744300000000000000e+05 2.000000000000000096e-04
1.744900000000000000e+05 2.000000000000000096e-04
1.745500000000000000e+05 2.000000000000000096e-04
1.746000000000000000e+05 1.000000000000000048e-04
1.746600000000000000e+05 1.000000000000000048e-04
1.747200000000000000e+05 1.000000000000000048e-04
1.747800000000000000e+05 1.000000000000000048e-04
1.748400000000000000e+05 1.000000000000000048e-04
1.748900000000000000e+05 1.000000000000000048e-04
1.749500000000000000e+05 1.000000000000000048e-04
1.750100000000000000e+05 1.000000000000000048e-04
1.750700000000000000e+05 1.000000000000000048e-04
