# F160W
1.367000000000000000e+04 1.621380000000000119e-04
1.368000000000000000e+04 2.274970000000000074e-04
1.368374023400000078e+04 2.518590000000000021e-04
1.369000000000000000e+04 2.754020000000000036e-04
1.370000000000000000e+04 3.128590000000000212e-04
1.370374609400000008e+04 3.268410000000000239e-04
1.371000000000000000e+04 3.739379999999999831e-04
1.372000000000000000e+04 4.489389999999999787e-04
1.372375097699999969e+04 4.769740000000000178e-04
1.373000000000000000e+04 5.236260000000000176e-04
1.374000000000000000e+04 5.979750000000000473e-04
1.374375683600000048e+04 6.260010000000000531e-04
1.375000000000000000e+04 6.891030000000000462e-04
1.376000000000000000e+04 7.892490000000000052e-04
1.376376171900000008e+04 8.267889999999999745e-04
1.377000000000000000e+04 1.005959999999999971e-03
1.378000000000000000e+04 1.291990000000000022e-03
1.378376757800000087e+04 1.399379999999999982e-03
1.379000000000000000e+04 1.593529999999999903e-03
1.380000000000000000e+04 1.903760000000000001e-03
1.380377343800000017e+04 2.020860000000000191e-03
1.381000000000000000e+04 2.243629999999999930e-03
1.382000000000000000e+04 2.600270000000000012e-03
1.382377831999999944e+04 2.734659999999999869e-03
1.383000000000000000e+04 3.185920000000000071e-03
1.384000000000000000e+04 3.924460000000000275e-03
1.384378418000000056e+04 4.204710000000000392e-03
1.385000000000000000e+04 4.988750000000000129e-03
1.386000000000000000e+04 6.259319999999999641e-03
1.386378906199999983e+04 6.740529999999999786e-03
1.387000000000000000e+04 8.070060000000000427e-03
1.388000000000000000e+04 1.021760000000000029e-02
1.388379492199999913e+04 1.103480000000000086e-02
1.389000000000000000e+04 1.330660000000000003e-02
1.390000000000000000e+04 1.697960000000000094e-02
1.390379980500000056e+04 1.837909999999999891e-02
1.391000000000000000e+04 2.267210000000000059e-02
1.392000000000000000e+04 2.961830000000000018e-02
1.392380566399999952e+04 3.226899999999999907e-02
1.393000000000000000e+04 4.174749999999999989e-02
1.394000000000000000e+04 5.709840000000000054e-02
1.394381054699999913e+04 6.296390000000000320e-02
1.395000000000000000e+04 7.895259999999999778e-02
1.396000000000000000e+04 1.048670000000000019e-01
1.396381738299999961e+04 1.147870000000000001e-01
1.397000000000000000e+04 1.420970000000000011e-01
1.398000000000000000e+04 1.864109999999999934e-01
1.398382226599999922e+04 2.033949999999999925e-01
1.399000000000000000e+04 2.399340000000000084e-01
1.400000000000000000e+04 2.992679999999999785e-01
1.400382714800000031e+04 3.219170000000000087e-01
1.401000000000000000e+04 3.511540000000000217e-01
1.402000000000000000e+04 3.985949999999999771e-01
1.402383300799999961e+04 4.168040000000000078e-01
1.403000000000000000e+04 4.353899999999999992e-01
1.404000000000000000e+04 4.655759999999999899e-01
1.404383789099999922e+04 4.771759999999999891e-01
1.405000000000000000e+04 4.834890000000000021e-01
1.406000000000000000e+04 4.937489999999999934e-01
1.406384375000000000e+04 4.976979999999999738e-01
1.407000000000000000e+04 4.989190000000000014e-01
1.408000000000000000e+04 5.013130000000000086e-01
1.408384863299999961e+04 5.020790000000000530e-01
1.409000000000000000e+04 5.020099999999999563e-01
1.410000000000000000e+04 5.018970000000000375e-01
1.410385546900000008e+04 5.018540000000000223e-01
1.411000000000000000e+04 5.014600000000000168e-01
1.412000000000000000e+04 5.008179999999999854e-01
1.412386035199999969e+04 5.005699999999999594e-01
1.413000000000000000e+04 5.010440000000000449e-01
1.414000000000000000e+04 5.018160000000000398e-01
1.414386523400000078e+04 5.021139999999999493e-01
1.415000000000000000e+04 5.031179999999999541e-01
1.416000000000000000e+04 5.047549999999999537e-01
1.416387109400000008e+04 5.053889999999999771e-01
1.417000000000000000e+04 5.072659999999999947e-01
1.418000000000000000e+04 5.103320000000000078e-01
1.418387597699999969e+04 5.115220000000000322e-01
1.419000000000000000e+04 5.142240000000000144e-01
1.420000000000000000e+04 5.182200000000000140e-01
1.420388183600000048e+04 5.197530000000000205e-01
1.421000000000000000e+04 5.224760000000000515e-01
1.422000000000000000e+04 5.269279999999999520e-01
1.422388671900000008e+04 5.286589999999999900e-01
1.423000000000000000e+04 5.311080000000000245e-01
1.424000000000000000e+04 5.351139999999999786e-01
1.424389257800000087e+04 5.366729999999999556e-01
1.425000000000000000e+04 5.383350000000000080e-01
1.426000000000000000e+04 5.410570000000000102e-01
1.426389843800000017e+04 5.421179999999999888e-01
1.427000000000000000e+04 5.433689999999999909e-01
1.428000000000000000e+04 5.454200000000000159e-01
1.428390429699999913e+04 5.462209999999999566e-01
1.429000000000000000e+04 5.465010000000000145e-01
1.430000000000000000e+04 5.469589999999999730e-01
1.430390918000000056e+04 5.471380000000000132e-01
1.431000000000000000e+04 5.471789999999999710e-01
1.432000000000000000e+04 5.472460000000000102e-01
1.432391406199999983e+04 5.472719999999999807e-01
1.433000000000000000e+04 5.473810000000000064e-01
1.434000000000000000e+04 5.475590000000000179e-01
1.434391992199999913e+04 5.476290000000000324e-01
1.435000000000000000e+04 5.476870000000000349e-01
1.436000000000000000e+04 5.477809999999999624e-01
1.436392480500000056e+04 5.478180000000000271e-01
1.437000000000000000e+04 5.481650000000000134e-01
1.438000000000000000e+04 5.487349999999999728e-01
1.438393066399999952e+04 5.489589999999999748e-01
1.439000000000000000e+04 5.493559999999999555e-01
1.440000000000000000e+04 5.495600000000000485e-01
1.440393554699999913e+04 5.497760000000000424e-01
1.441000000000000000e+04 5.499399999999999844e-01
1.442000000000000000e+04 5.502099999999999769e-01
1.442394238299999961e+04 5.503160000000000274e-01
1.443000000000000000e+04 5.504109999999999836e-01
1.444000000000000000e+04 5.505689999999999751e-01
1.444394726599999922e+04 5.506309999999999816e-01
1.445000000000000000e+04 5.506929999999999881e-01
1.446000000000000000e+04 5.507950000000000346e-01
1.446395214800000031e+04 5.508349999999999635e-01
1.447000000000000000e+04 5.503050000000000441e-01
1.448000000000000000e+04 5.494289999999999452e-01
1.448395800799999961e+04 5.490829999999999878e-01
1.449000000000000000e+04 5.483679999999999666e-01
1.450000000000000000e+04 5.471859999999999502e-01
1.450396289099999922e+04 5.466410000000000435e-01
1.451000000000000000e+04 5.455929999999999946e-01
1.452000000000000000e+04 5.443029999999999813e-01
1.452396875000000000e+04 5.437910000000000244e-01
1.453000000000000000e+04 5.431810000000000249e-01
1.454000000000000000e+04 5.421690000000000120e-01
1.454397363299999961e+04 5.417659999999999698e-01
1.455000000000000000e+04 5.411890000000000311e-01
1.456000000000000000e+04 5.402310000000000167e-01
1.456398046900000008e+04 5.398500000000000520e-01
1.457000000000000000e+04 5.395919999999999606e-01
1.458000000000000000e+04 5.387229999999999519e-01
1.458398535199999969e+04 5.385520000000000307e-01
1.459000000000000000e+04 5.387830000000000119e-01
1.460000000000000000e+04 5.391660000000000341e-01
1.460399121100000048e+04 5.392949999999999688e-01
1.461000000000000000e+04 5.399089999999999723e-01
1.462000000000000000e+04 5.409319999999999684e-01
1.462399609400000008e+04 5.413409999999999611e-01
1.463000000000000000e+04 5.421230000000000215e-01
1.464000000000000000e+04 5.434269999999999934e-01
1.464400097699999969e+04 5.437710000000000043e-01
1.465000000000000000e+04 5.444700000000000095e-01
1.466000000000000000e+04 5.460810000000000386e-01
1.466400683600000048e+04 5.467269999999999630e-01
1.467000000000000000e+04 5.474759999999999627e-01
1.468000000000000000e+04 5.487250000000000183e-01
1.468401171900000008e+04 5.492259999999999920e-01
1.469000000000000000e+04 5.496560000000000334e-01
1.470000000000000000e+04 5.503740000000000299e-01
1.470401757800000087e+04 5.504809999999999981e-01
1.471000000000000000e+04 5.501369999999999871e-01
1.472000000000000000e+04 5.500150000000000317e-01
1.472402343800000017e+04 5.499650000000000372e-01
1.473000000000000000e+04 5.494569999999999732e-01
1.474000000000000000e+04 5.486060000000000381e-01
1.474402929699999913e+04 5.482629999999999448e-01
1.475000000000000000e+04 5.474529999999999674e-01
1.476000000000000000e+04 5.456480000000000219e-01
1.476403418000000056e+04 5.451000000000000290e-01
1.477000000000000000e+04 5.436060000000000336e-01
1.478000000000000000e+04 5.411000000000000254e-01
1.478403906199999983e+04 5.400869999999999838e-01
1.479000000000000000e+04 5.388429999999999609e-01
1.480000000000000000e+04 5.363139999999999574e-01
1.480404492199999913e+04 5.354480000000000350e-01
1.481000000000000000e+04 5.342230000000000034e-01
1.482000000000000000e+04 5.321649999999999991e-01
1.482404980500000056e+04 5.313320000000000265e-01
1.483000000000000000e+04 5.302069999999999839e-01
1.484000000000000000e+04 5.278819999999999624e-01
1.484405566399999952e+04 5.271160000000000290e-01
1.485000000000000000e+04 5.266420000000000545e-01
1.486000000000000000e+04 5.258439999999999781e-01
1.486406054699999913e+04 5.255199999999999871e-01
1.487000000000000000e+04 5.253949999999999454e-01
1.488000000000000000e+04 5.247530000000000250e-01
1.488406738299999961e+04 5.246680000000000232e-01
1.489000000000000000e+04 5.249589999999999534e-01
1.490000000000000000e+04 5.254490000000000549e-01
1.490407226599999922e+04 5.256490000000000329e-01
1.491000000000000000e+04 5.263710000000000333e-01
1.492000000000000000e+04 5.271550000000000402e-01
1.492407812500000000e+04 5.276520000000000099e-01
1.493000000000000000e+04 5.284889999999999866e-01
1.494000000000000000e+04 5.299030000000000129e-01
1.494408300799999961e+04 5.304809999999999803e-01
1.495000000000000000e+04 5.316819999999999879e-01
1.496000000000000000e+04 5.332729999999999970e-01
1.496408789099999922e+04 5.341029999999999944e-01
1.497000000000000000e+04 5.352700000000000236e-01
1.498000000000000000e+04 5.372440000000000548e-01
1.498409375000000000e+04 5.378709999999999880e-01
1.499000000000000000e+04 5.386419999999999542e-01
1.500000000000000000e+04 5.403919999999999835e-01
1.500409863299999961e+04 5.410030000000000117e-01
1.501000000000000000e+04 5.417669999999999986e-01
1.502000000000000000e+04 5.426130000000000120e-01
1.502410546900000008e+04 5.431430000000000424e-01
1.503000000000000000e+04 5.437729999999999508e-01
1.504000000000000000e+04 5.448410000000000197e-01
1.504411035199999969e+04 5.450939999999999674e-01
1.505000000000000000e+04 5.451439999999999619e-01
1.506000000000000000e+04 5.456800000000000539e-01
1.506411621100000048e+04 5.459000000000000519e-01
1.507000000000000000e+04 5.462479999999999558e-01
1.508000000000000000e+04 5.463860000000000383e-01
1.508412109400000008e+04 5.466290000000000315e-01
1.509000000000000000e+04 5.467959999999999487e-01
1.510000000000000000e+04 5.470789999999999820e-01
1.510412597699999969e+04 5.470089999999999675e-01
1.511000000000000000e+04 5.467300000000000493e-01
1.512000000000000000e+04 5.467070000000000540e-01
1.512413183600000048e+04 5.466969999999999885e-01
1.513000000000000000e+04 5.465700000000000003e-01
1.514000000000000000e+04 5.459000000000000519e-01
1.514413671900000008e+04 5.458100000000000174e-01
1.515000000000000000e+04 5.453909999999999592e-01
1.516000000000000000e+04 5.446750000000000203e-01
1.516414257800000087e+04 5.441920000000000091e-01
1.517000000000000000e+04 5.432179999999999787e-01
1.518000000000000000e+04 5.420059999999999878e-01
1.518414843800000017e+04 5.413170000000000481e-01
1.519000000000000000e+04 5.403139999999999610e-01
1.520000000000000000e+04 5.390490000000000004e-01
1.520415429699999913e+04 5.385060000000000402e-01
1.521000000000000000e+04 5.376119999999999788e-01
1.522000000000000000e+04 5.356389999999999763e-01
1.522415918000000056e+04 5.350049999999999528e-01
1.523000000000000000e+04 5.338889999999999469e-01
1.524000000000000000e+04 5.315370000000000372e-01
1.524416503899999952e+04 5.307420000000000471e-01
1.525000000000000000e+04 5.294379999999999642e-01
1.526000000000000000e+04 5.272029999999999772e-01
1.526416992199999913e+04 5.260890000000000288e-01
1.527000000000000000e+04 5.245330000000000270e-01
1.528000000000000000e+04 5.223029999999999617e-01
1.528417480500000056e+04 5.211919999999999886e-01
1.529000000000000000e+04 5.197699999999999543e-01
1.530000000000000000e+04 5.177650000000000308e-01
1.530418066399999952e+04 5.167469999999999564e-01
1.531000000000000000e+04 5.155070000000000485e-01
1.532000000000000000e+04 5.138080000000000425e-01
1.532418554699999913e+04 5.129179999999999851e-01
1.533000000000000000e+04 5.120959999999999956e-01
1.534000000000000000e+04 5.111109999999999820e-01
1.534419238299999961e+04 5.105199999999999738e-01
1.535000000000000000e+04 5.100339999999999874e-01
1.536000000000000000e+04 5.096239999999999659e-01
1.536419726599999922e+04 5.094520000000000159e-01
1.537000000000000000e+04 5.095619999999999594e-01
1.538000000000000000e+04 5.093250000000000277e-01
1.538420312500000000e+04 5.094039999999999679e-01
1.539000000000000000e+04 5.099399999999999489e-01
1.540000000000000000e+04 5.104360000000000008e-01
1.540420800799999961e+04 5.108340000000000103e-01
1.541000000000000000e+04 5.116500000000000492e-01
1.542000000000000000e+04 5.126290000000000013e-01
1.542421289099999922e+04 5.132219999999999560e-01
1.543000000000000000e+04 5.141130000000000422e-01
1.544000000000000000e+04 5.152219999999999578e-01
1.544421875000000000e+04 5.158700000000000507e-01
1.545000000000000000e+04 5.168690000000000229e-01
1.546000000000000000e+04 5.181599999999999540e-01
1.546422363299999961e+04 5.187040000000000539e-01
1.547000000000000000e+04 5.194929999999999826e-01
1.548000000000000000e+04 5.212940000000000351e-01
1.548423046900000008e+04 5.218699999999999450e-01
1.549000000000000000e+04 5.222339999999999760e-01
1.550000000000000000e+04 5.233029999999999626e-01
1.550423535199999969e+04 5.236290000000000111e-01
1.551000000000000000e+04 5.237920000000000353e-01
1.552000000000000000e+04 5.245140000000000358e-01
1.552424121100000048e+04 5.246340000000000447e-01
1.553000000000000000e+04 5.246399999999999952e-01
1.554000000000000000e+04 5.250930000000000319e-01
1.554424609400000008e+04 5.250970000000000359e-01
1.555000000000000000e+04 5.250409999999999799e-01
1.556000000000000000e+04 5.249430000000000485e-01
1.556425195300000087e+04 5.250899999999999457e-01
1.557000000000000000e+04 5.250099999999999767e-01
1.558000000000000000e+04 5.244280000000000053e-01
1.558425683600000048e+04 5.243689999999999740e-01
1.559000000000000000e+04 5.243970000000000020e-01
1.560000000000000000e+04 5.240040000000000253e-01
1.560426171900000008e+04 5.240129999999999511e-01
1.561000000000000000e+04 5.239329999999999821e-01
1.562000000000000000e+04 5.233499999999999819e-01
1.562426757800000087e+04 5.231019999999999559e-01
1.563000000000000000e+04 5.229369999999999852e-01
1.564000000000000000e+04 5.230920000000000014e-01
1.564427343800000017e+04 5.229679999999999884e-01
1.565000000000000000e+04 5.228490000000000082e-01
1.566000000000000000e+04 5.226399999999999935e-01
1.566427929699999913e+04 5.227410000000000112e-01
1.567000000000000000e+04 5.230580000000000229e-01
1.568000000000000000e+04 5.231679999999999664e-01
1.568428418000000056e+04 5.234050000000000091e-01
1.569000000000000000e+04 5.235079999999999734e-01
1.570000000000000000e+04 5.232440000000000424e-01
1.570429003899999952e+04 5.231299999999999839e-01
1.571000000000000000e+04 5.230550000000000477e-01
1.572000000000000000e+04 5.233680000000000554e-01
1.572429492199999913e+04 5.233109999999999706e-01
1.573000000000000000e+04 5.231749999999999456e-01
1.574000000000000000e+04 5.229350000000000387e-01
1.574430078099999992e+04 5.230240000000000444e-01
1.575000000000000000e+04 5.229589999999999517e-01
1.576000000000000000e+04 5.224020000000000330e-01
1.576430566399999952e+04 5.221620000000000150e-01
1.577000000000000000e+04 5.217540000000000511e-01
1.578000000000000000e+04 5.210380000000000011e-01
1.578431054699999913e+04 5.209209999999999674e-01
1.579000000000000000e+04 5.206309999999999549e-01
1.580000000000000000e+04 5.196790000000000020e-01
1.580431738299999961e+04 5.192769999999999886e-01
1.581000000000000000e+04 5.188979999999999704e-01
1.582000000000000000e+04 5.186739999999999684e-01
1.582432226599999922e+04 5.183860000000000134e-01
1.583000000000000000e+04 5.179030000000000022e-01
1.584000000000000000e+04 5.170529999999999848e-01
1.584432812500000000e+04 5.166849999999999499e-01
1.585000000000000000e+04 5.162330000000000529e-01
1.586000000000000000e+04 5.158789999999999765e-01
1.586433300799999961e+04 5.155340000000000478e-01
1.587000000000000000e+04 5.151280000000000303e-01
1.588000000000000000e+04 5.144119999999999804e-01
1.588433886700000039e+04 5.141010000000000302e-01
1.589000000000000000e+04 5.137699999999999489e-01
1.590000000000000000e+04 5.136269999999999447e-01
1.590434375000000000e+04 5.133729999999999682e-01
1.591000000000000000e+04 5.130569999999999853e-01
1.592000000000000000e+04 5.124999999999999556e-01
1.592434863299999961e+04 5.122569999999999624e-01
1.593000000000000000e+04 5.120160000000000267e-01
1.594000000000000000e+04 5.115889999999999604e-01
1.594435546900000008e+04 5.115950000000000220e-01
1.595000000000000000e+04 5.112929999999999975e-01
1.596000000000000000e+04 5.103189999999999671e-01
1.596436035199999969e+04 5.098939999999999584e-01
1.597000000000000000e+04 5.093450000000000477e-01
1.598000000000000000e+04 5.083729999999999638e-01
1.598436621100000048e+04 5.079489999999999839e-01
1.599000000000000000e+04 5.071959999999999802e-01
1.600000000000000000e+04 5.062999999999999723e-01
1.600437109400000008e+04 5.057260000000000089e-01
1.601000000000000000e+04 5.048409999999999842e-01
1.602000000000000000e+04 5.032699999999999951e-01
1.602437695300000087e+04 5.025840000000000307e-01
1.603000000000000000e+04 5.016140000000000043e-01
1.604000000000000000e+04 4.998929999999999763e-01
1.604438183600000048e+04 4.991389999999999993e-01
1.605000000000000000e+04 4.981880000000000197e-01
1.606000000000000000e+04 4.969279999999999808e-01
1.606438769499999944e+04 4.961869999999999892e-01
1.607000000000000000e+04 4.955140000000000100e-01
1.608000000000000000e+04 4.943170000000000064e-01
1.608439257800000087e+04 4.937920000000000087e-01
1.609000000000000000e+04 4.932380000000000098e-01
1.610000000000000000e+04 4.922500000000000209e-01
1.610439843800000017e+04 4.918159999999999754e-01
1.611000000000000000e+04 4.914220000000000255e-01
1.612000000000000000e+04 4.907190000000000163e-01
1.612440429699999913e+04 4.904089999999999838e-01
1.613000000000000000e+04 4.903330000000000188e-01
1.614000000000000000e+04 4.901960000000000206e-01
1.614440918000000056e+04 4.901349999999999874e-01
1.615000000000000000e+04 4.901440000000000241e-01
1.616000000000000000e+04 4.905889999999999973e-01
1.616441503899999952e+04 4.905959999999999765e-01
1.617000000000000000e+04 4.908330000000000193e-01
1.618000000000000000e+04 4.912569999999999992e-01
1.618441992199999913e+04 4.914430000000000187e-01
1.619000000000000000e+04 4.916209999999999747e-01
1.620000000000000000e+04 4.919390000000000152e-01
1.620442578099999992e+04 4.920399999999999774e-01
1.621000000000000000e+04 4.921090000000000186e-01
1.622000000000000000e+04 4.922309999999999741e-01
1.622443066399999952e+04 4.922849999999999726e-01
1.623000000000000000e+04 4.919979999999999909e-01
1.624000000000000000e+04 4.914830000000000032e-01
1.624443554699999913e+04 4.912540000000000240e-01
1.625000000000000000e+04 4.906139999999999946e-01
1.626000000000000000e+04 4.894640000000000102e-01
1.626444238299999961e+04 4.889539999999999997e-01
1.627000000000000000e+04 4.879220000000000224e-01
1.628000000000000000e+04 4.860670000000000268e-01
1.628444726599999922e+04 4.852429999999999799e-01
1.629000000000000000e+04 4.840470000000000050e-01
1.630000000000000000e+04 4.818950000000000178e-01
1.630445312500000000e+04 4.809390000000000054e-01
1.631000000000000000e+04 4.792859999999999898e-01
1.632000000000000000e+04 4.763109999999999844e-01
1.632445800799999961e+04 4.749869999999999925e-01
1.633000000000000000e+04 4.734260000000000135e-01
1.634000000000000000e+04 4.706130000000000035e-01
1.634446386700000039e+04 4.693599999999999994e-01
1.635000000000000000e+04 4.678340000000000276e-01
1.636000000000000000e+04 4.650830000000000242e-01
1.636446875000000000e+04 4.636709999999999998e-01
1.637000000000000000e+04 4.623129999999999740e-01
1.638000000000000000e+04 4.602740000000000165e-01
1.638447460900000078e+04 4.593630000000000213e-01
1.639000000000000000e+04 4.590259999999999896e-01
1.640000000000000000e+04 4.584159999999999902e-01
1.640448046899999827e+04 4.582640000000000047e-01
1.641000000000000000e+04 4.584349999999999814e-01
1.642000000000000000e+04 4.587430000000000119e-01
1.642448437500000000e+04 4.588809999999999834e-01
1.643000000000000000e+04 4.596410000000000218e-01
1.644000000000000000e+04 4.610170000000000101e-01
1.644449023400000078e+04 4.616339999999999888e-01
1.645000000000000000e+04 4.629260000000000042e-01
1.646000000000000000e+04 4.648479999999999834e-01
1.646449609399999827e+04 4.658979999999999788e-01
1.647000000000000000e+04 4.673340000000000272e-01
1.648000000000000000e+04 4.699389999999999956e-01
1.648450195299999905e+04 4.711099999999999732e-01
1.649000000000000000e+04 4.723760000000000181e-01
1.650000000000000000e+04 4.746759999999999868e-01
1.650450781199999983e+04 4.757120000000000237e-01
1.651000000000000000e+04 4.763740000000000197e-01
1.652000000000000000e+04 4.775789999999999758e-01
1.652451367200000095e+04 4.779260000000000175e-01
1.653000000000000000e+04 4.775739999999999985e-01
1.654000000000000000e+04 4.773660000000000125e-01
1.654451757799999905e+04 4.772710000000000008e-01
1.655000000000000000e+04 4.766699999999999826e-01
1.656000000000000000e+04 4.755719999999999947e-01
1.656452343800000017e+04 4.750759999999999983e-01
1.657000000000000000e+04 4.738950000000000107e-01
1.658000000000000000e+04 4.713089999999999780e-01
1.658452929700000095e+04 4.703339999999999743e-01
1.659000000000000000e+04 4.690219999999999945e-01
1.660000000000000000e+04 4.666259999999999852e-01
1.660453320299999905e+04 4.650070000000000037e-01
1.661000000000000000e+04 4.632870000000000044e-01
1.662000000000000000e+04 4.597289999999999988e-01
1.662453906199999983e+04 4.583110000000000239e-01
1.663000000000000000e+04 4.570870000000000211e-01
1.664000000000000000e+04 4.548510000000000053e-01
1.664454492200000095e+04 4.538380000000000192e-01
1.665000000000000000e+04 4.533630000000000160e-01
1.666000000000000000e+04 4.520739999999999759e-01
1.666455078100000173e+04 4.516769999999999952e-01
1.667000000000000000e+04 4.511890000000000067e-01
1.668000000000000000e+04 4.502920000000000256e-01
1.668455664099999922e+04 4.496939999999999826e-01
1.669000000000000000e+04 4.490830000000000100e-01
1.670000000000000000e+04 4.483750000000000235e-01
1.670456250000000000e+04 4.480520000000000058e-01
1.671000000000000000e+04 4.471760000000000179e-01
1.672000000000000000e+04 4.451559999999999961e-01
1.672456640600000173e+04 4.444239999999999857e-01
1.673000000000000000e+04 4.425060000000000104e-01
1.674000000000000000e+04 4.389890000000000181e-01
1.674457226599999922e+04 4.371999999999999775e-01
1.675000000000000000e+04 4.342090000000000116e-01
1.676000000000000000e+04 4.291240000000000054e-01
1.676457812500000000e+04 4.268049999999999899e-01
1.677000000000000000e+04 4.238509999999999778e-01
1.678000000000000000e+04 4.180349999999999899e-01
1.678458203100000173e+04 4.155610000000000137e-01
1.679000000000000000e+04 4.133299999999999752e-01
1.680000000000000000e+04 4.088439999999999852e-01
1.680458984399999827e+04 4.069780000000000064e-01
1.681000000000000000e+04 4.043629999999999725e-01
1.682000000000000000e+04 3.995469999999999855e-01
1.682459375000000000e+04 3.971720000000000250e-01
1.683000000000000000e+04 3.899079999999999768e-01
1.684000000000000000e+04 3.769029999999999880e-01
1.684459960900000078e+04 3.707869999999999777e-01
1.685000000000000000e+04 3.526599999999999735e-01
1.686000000000000000e+04 3.196019999999999972e-01
1.686460546899999827e+04 3.043139999999999734e-01
1.687000000000000000e+04 2.762609999999999788e-01
1.688000000000000000e+04 2.247989999999999988e-01
1.688461132799999905e+04 2.011769999999999947e-01
1.689000000000000000e+04 1.764969999999999872e-01
1.690000000000000000e+04 1.307969999999999966e-01
1.690461523400000078e+04 1.098810000000000064e-01
1.691000000000000000e+04 9.515379999999999672e-02
1.692000000000000000e+04 6.787369999999999515e-02
1.692462109399999827e+04 5.536800000000000055e-02
1.693000000000000000e+04 4.794609999999999844e-02
1.694000000000000000e+04 3.418319999999999692e-02
1.694462695299999905e+04 2.786620000000000069e-02
1.695000000000000000e+04 2.427999999999999950e-02
1.696000000000000000e+04 1.762149999999999828e-02
1.696463281199999983e+04 1.455560000000000014e-02
1.697000000000000000e+04 1.279950000000000011e-02
1.698000000000000000e+04 9.557710000000000511e-03
1.698463867200000095e+04 8.057480000000000545e-03
1.699000000000000000e+04 7.122999999999999991e-03
1.700000000000000000e+04 5.396370000000000160e-03
1.700464257799999905e+04 4.594899999999999853e-03
1.701000000000000000e+04 4.116579999999999892e-03
1.702000000000000000e+04 3.233639999999999865e-03
1.702464843800000017e+04 2.824350000000000211e-03
1.703000000000000000e+04 2.524310000000000095e-03
1.704000000000000000e+04 1.967899999999999858e-03
1.704465429700000095e+04 1.711590000000000030e-03
1.705000000000000000e+04 1.574150000000000072e-03
1.706000000000000000e+04 1.317330000000000020e-03
1.706466015600000173e+04 1.199060000000000056e-03
1.707000000000000000e+04 1.075320000000000052e-03
1.708000000000000000e+04 8.441959999999999655e-04
1.708466406199999983e+04 7.371899999999999807e-04
1.709000000000000000e+04 6.480190000000000039e-04
1.710000000000000000e+04 4.826639999999999989e-04
1.710466992200000095e+04 4.057210000000000005e-04
1.711000000000000000e+04 3.722840000000000155e-04
1.712000000000000000e+04 3.100320000000000159e-04
1.712467578100000173e+04 2.812679999999999911e-04
1.713000000000000000e+04 2.806439999999999781e-04
1.714000000000000000e+04 2.792010000000000260e-04
1.714468164099999922e+04 2.785260000000000231e-04
1.715000000000000000e+04 2.355740000000000047e-04
1.716000000000000000e+04 1.555969999999999944e-04
1.716468750000000000e+04 1.182820000000000036e-04
1.717000000000000000e+04 1.179559999999999935e-04
1.718000000000000000e+04 1.173439999999999932e-04
1.718469140600000173e+04 1.171109999999999973e-04
1.719000000000000000e+04 1.168490000000000056e-04
1.720000000000000000e+04 1.162389999999999962e-04
1.720469726599999922e+04 1.155140000000000057e-04
