# F167N
1.640000000000000000e+04 9.848899999999999842e-05
1.641000000000000000e+04 9.958179999999999582e-05
1.642000000000000000e+04 1.006730000000000033e-04
1.643000000000000000e+04 1.017629999999999945e-04
1.644000000000000000e+04 1.028519999999999971e-04
1.645000000000000000e+04 1.039389999999999954e-04
1.646000000000000000e+04 1.049299999999999999e-04
1.647000000000000000e+04 1.060140000000000051e-04
1.648000000000000000e+04 1.070950000000000038e-04
1.649000000000000000e+04 1.081760000000000024e-04
1.650000000000000000e+04 1.092549999999999966e-04
1.650250781199999983e+04 1.095250000000000059e-04
1.650450781199999983e+04 2.632549999999999994e-04
1.650650781199999983e+04 3.706070000000000111e-04
1.650850781199999983e+04 2.673929999999999927e-04
1.651000000000000000e+04 4.650799999999999856e-04
1.651050976599999922e+04 5.326070000000000457e-04
1.651250976599999922e+04 4.820259999999999823e-04
1.651450976599999922e+04 5.893079999999999759e-04
1.651650976599999922e+04 9.069529999999999476e-04
1.651851171899999827e+04 9.089499999999999490e-04
1.652000000000000000e+04 1.067000000000000023e-03
1.652051171899999827e+04 1.121290000000000047e-03
1.652251171899999827e+04 1.543639999999999986e-03
1.652451367200000095e+04 1.755489999999999958e-03
1.652651367200000095e+04 2.229950000000000074e-03
1.652851367200000095e+04 2.809129999999999960e-03
1.653000000000000000e+04 3.317370000000000041e-03
1.653051367200000095e+04 3.493120000000000166e-03
1.653251562500000000e+04 4.334860000000000275e-03
1.653451562500000000e+04 5.438669999999999616e-03
1.653651562500000000e+04 7.015150000000000378e-03
1.653851562500000000e+04 8.905700000000000768e-03
1.654000000000000000e+04 1.081310000000000084e-02
1.654051757799999905e+04 1.147809999999999976e-02
1.654251757799999905e+04 1.478469999999999958e-02
1.654451757799999905e+04 1.903459999999999874e-02
1.654651953100000173e+04 2.454270000000000063e-02
1.654851953100000173e+04 3.199060000000000098e-02
1.655000000000000000e+04 3.901629999999999682e-02
1.655051953100000173e+04 4.148160000000000042e-02
1.655251953100000173e+04 5.385659999999999753e-02
1.655452148400000078e+04 6.863439999999999819e-02
1.655652148400000078e+04 8.724189999999999723e-02
1.655852148400000078e+04 1.092010000000000064e-01
1.656000000000000000e+04 1.286859999999999948e-01
1.656052148400000078e+04 1.355580000000000118e-01
1.656252343800000017e+04 1.651539999999999953e-01
1.656452343800000017e+04 1.978350000000000108e-01
1.656652343800000017e+04 2.317659999999999998e-01
1.656852539099999922e+04 2.663699999999999957e-01
1.657000000000000000e+04 2.908319999999999794e-01
1.657052539099999922e+04 2.995320000000000205e-01
1.657252539099999922e+04 3.307050000000000267e-01
1.657452539099999922e+04 3.599220000000000197e-01
1.657652734399999827e+04 3.866609999999999769e-01
1.657852734399999827e+04 4.086170000000000080e-01
1.658000000000000000e+04 4.210840000000000138e-01
1.658052734399999827e+04 4.255680000000000018e-01
1.658252734399999827e+04 4.386939999999999729e-01
1.658452929700000095e+04 4.476370000000000071e-01
1.658652929700000095e+04 4.532789999999999875e-01
1.658852929700000095e+04 4.564619999999999789e-01
1.659000000000000000e+04 4.573820000000000108e-01
1.659053125000000000e+04 4.577140000000000097e-01
1.659253125000000000e+04 4.582289999999999974e-01
1.659453125000000000e+04 4.579130000000000145e-01
1.659653125000000000e+04 4.576439999999999952e-01
1.659853320299999905e+04 4.576930000000000165e-01
1.660000000000000000e+04 4.584159999999999902e-01
1.660053320299999905e+04 4.586160000000000236e-01
1.660253320299999905e+04 4.594779999999999975e-01
1.660453320299999905e+04 4.606459999999999999e-01
1.660653515600000173e+04 4.619219999999999993e-01
1.660853515600000173e+04 4.640770000000000173e-01
1.661000000000000000e+04 4.656529999999999836e-01
1.661053515600000173e+04 4.662060000000000093e-01
1.661253710900000078e+04 4.681649999999999978e-01
1.661453710900000078e+04 4.705409999999999870e-01
1.661653710900000078e+04 4.730639999999999845e-01
1.661853710900000078e+04 4.751159999999999828e-01
1.662000000000000000e+04 4.761949999999999794e-01
1.662053906199999983e+04 4.766159999999999841e-01
1.662253906199999983e+04 4.780280000000000085e-01
1.662453906199999983e+04 4.794840000000000213e-01
1.662653906199999983e+04 4.809379999999999766e-01
1.662854101599999922e+04 4.816650000000000098e-01
1.663000000000000000e+04 4.821239999999999970e-01
1.663054101599999922e+04 4.822940000000000005e-01
1.663254296899999827e+04 4.826050000000000062e-01
1.663454296899999827e+04 4.832830000000000181e-01
1.663654296899999827e+04 4.831289999999999751e-01
1.663854492200000095e+04 4.831860000000000044e-01
1.664000000000000000e+04 4.828899999999999859e-01
1.664054492200000095e+04 4.827790000000000137e-01
1.664254492200000095e+04 4.824749999999999872e-01
1.664454492200000095e+04 4.820169999999999733e-01
1.664654687500000000e+04 4.813999999999999946e-01
1.664854687500000000e+04 4.806340000000000057e-01
1.665000000000000000e+04 4.800780000000000047e-01
1.665054687500000000e+04 4.798450000000000215e-01
1.665254687500000000e+04 4.789919999999999733e-01
1.665454882799999905e+04 4.782429999999999737e-01
1.665654882799999905e+04 4.777000000000000135e-01
1.665854882799999905e+04 4.770039999999999836e-01
1.666000000000000000e+04 4.757199999999999762e-01
1.666055078100000173e+04 4.752569999999999850e-01
1.666255078100000173e+04 4.757190000000000030e-01
1.666455078100000173e+04 4.753169999999999895e-01
1.666655078100000173e+04 4.748129999999999851e-01
1.666855273400000078e+04 4.745130000000000181e-01
1.667000000000000000e+04 4.746279999999999943e-01
1.667055273400000078e+04 4.746719999999999828e-01
1.667255273400000078e+04 4.743209999999999926e-01
1.667455273400000078e+04 4.741190000000000127e-01
1.667655468800000017e+04 4.739209999999999812e-01
1.667855468800000017e+04 4.736210000000000142e-01
1.668000000000000000e+04 4.737720000000000264e-01
1.668055468800000017e+04 4.738060000000000049e-01
1.668255664099999922e+04 4.739269999999999872e-01
1.668455664099999922e+04 4.738899999999999779e-01
1.668655664099999922e+04 4.736549999999999927e-01
1.668855664099999922e+04 4.735210000000000252e-01
1.669000000000000000e+04 4.725509999999999988e-01
1.669055859399999827e+04 4.722000000000000086e-01
1.669255859399999827e+04 4.718510000000000204e-01
1.669455859399999827e+04 4.718550000000000244e-01
1.669655859399999827e+04 4.718600000000000017e-01
1.669856054700000095e+04 4.719639999999999946e-01
1.670000000000000000e+04 4.716040000000000232e-01
1.670056054700000095e+04 4.714630000000000210e-01
1.670256054700000095e+04 4.710130000000000150e-01
1.670456250000000000e+04 4.706130000000000035e-01
1.670656250000000000e+04 4.702140000000000208e-01
1.670856250000000000e+04 4.697140000000000204e-01
1.671000000000000000e+04 4.693910000000000027e-01
1.671056250000000000e+04 4.692399999999999904e-01
1.671256445299999905e+04 4.680000000000000271e-01
1.671456445299999905e+04 4.667620000000000102e-01
1.671656445299999905e+04 4.656770000000000076e-01
1.671856445299999905e+04 4.647430000000000172e-01
1.672000000000000000e+04 4.643970000000000042e-01
1.672056640600000173e+04 4.642850000000000033e-01
1.672256640600000173e+04 4.635389999999999788e-01
1.672456640600000173e+04 4.626430000000000264e-01
1.672656835900000078e+04 4.617490000000000205e-01
1.672856835900000078e+04 4.611049999999999871e-01
1.673000000000000000e+04 4.607160000000000144e-01
1.673056835900000078e+04 4.605620000000000269e-01
1.673256835900000078e+04 4.601680000000000215e-01
1.673457031199999983e+04 4.597249999999999948e-01
1.673657031199999983e+04 4.588840000000000141e-01
1.673857031199999983e+04 4.583920000000000217e-01
1.674000000000000000e+04 4.581160000000000232e-01
1.674057031199999983e+04 4.579810000000000270e-01
1.674257226599999922e+04 4.571060000000000123e-01
1.674457226599999922e+04 4.556359999999999855e-01
1.674657226599999922e+04 4.539250000000000229e-01
1.674857421899999827e+04 4.516140000000000154e-01
1.675000000000000000e+04 4.495140000000000247e-01
1.675057421899999827e+04 4.486919999999999797e-01
1.675257421899999827e+04 4.448369999999999824e-01
1.675457421899999827e+04 4.397039999999999837e-01
1.675657617200000095e+04 4.331409999999999982e-01
1.675857617200000095e+04 4.253000000000000114e-01
1.676000000000000000e+04 4.182100000000000262e-01
1.676057617200000095e+04 4.153430000000000177e-01
1.676257617200000095e+04 4.036750000000000060e-01
1.676457812500000000e+04 3.892510000000000137e-01
1.676657812500000000e+04 3.731229999999999825e-01
1.676857812500000000e+04 3.536130000000000106e-01
1.677000000000000000e+04 3.389659999999999895e-01
1.677058007799999905e+04 3.329759999999999942e-01
1.677258007799999905e+04 3.096679999999999988e-01
1.677458007799999905e+04 2.842870000000000119e-01
1.677658007799999905e+04 2.593360000000000110e-01
1.677858203100000173e+04 2.333949999999999914e-01
1.678000000000000000e+04 2.154500000000000026e-01
1.678058203100000173e+04 2.081020000000000092e-01
1.678258203100000173e+04 1.834060000000000135e-01
1.678458203100000173e+04 1.600660000000000138e-01
1.678658398400000078e+04 1.388119999999999910e-01
1.678858398400000078e+04 1.186139999999999972e-01
1.679000000000000000e+04 1.060350000000000042e-01
1.679058593800000017e+04 1.008280000000000010e-01
1.679258593800000017e+04 8.452740000000000253e-02
1.679458593800000017e+04 7.073920000000000208e-02
1.679658789099999922e+04 5.848640000000000089e-02
1.679858789099999922e+04 4.815300000000000136e-02
1.680000000000000000e+04 4.217499999999999721e-02
1.680058789099999922e+04 3.969059999999999949e-02
1.680258789099999922e+04 3.260880000000000029e-02
1.680458984399999827e+04 2.650809999999999972e-02
1.680658984399999827e+04 2.163079999999999864e-02
1.680858984399999827e+04 1.758519999999999875e-02
1.681000000000000000e+04 1.528380000000000016e-02
1.681058984399999827e+04 1.432169999999999971e-02
1.681259179700000095e+04 1.174090000000000029e-02
1.681459179700000095e+04 9.600370000000000431e-03
1.681659179700000095e+04 7.801340000000000358e-03
1.681859375000000000e+04 6.488990000000000036e-03
1.682000000000000000e+04 5.601280000000000148e-03
1.682059375000000000e+04 5.226419999999999851e-03
1.682259375000000000e+04 4.206660000000000087e-03
1.682459375000000000e+04 3.671799999999999804e-03
1.682659570299999905e+04 2.848139999999999873e-03
1.682859570299999905e+04 2.411710000000000069e-03
1.683000000000000000e+04 2.071850000000000080e-03
1.683059570299999905e+04 1.927909999999999910e-03
1.683259570299999905e+04 1.734010000000000022e-03
1.683459765600000173e+04 1.347810000000000067e-03
1.683659765600000173e+04 1.106409999999999946e-03
1.683859765600000173e+04 9.614960000000000520e-04
1.684000000000000000e+04 8.264229999999999580e-04
1.684059960900000078e+04 7.686620000000000345e-04
1.684259960900000078e+04 5.760200000000000042e-04
1.684459960900000078e+04 5.275699999999999921e-04
1.684659960900000078e+04 3.833779999999999740e-04
1.684860156199999983e+04 1.915300000000000043e-04
1.685000000000000000e+04 2.583420000000000009e-04
1.685060156199999983e+04 2.870740000000000097e-04
1.685260156199999983e+04 2.390779999999999902e-04
1.685460156199999983e+04 2.389249999999999935e-04
1.686000000000000000e+04 2.491579999999999750e-04
1.687000000000000000e+04 2.677630000000000179e-04
1.688000000000000000e+04 2.864790000000000197e-04
1.689000000000000000e+04 3.050710000000000205e-04
1.690000000000000000e+04 3.232320000000000115e-04
1.691000000000000000e+04 3.415579999999999983e-04
1.692000000000000000e+04 3.594189999999999820e-04
1.693000000000000000e+04 3.774820000000000020e-04
1.694000000000000000e+04 3.950439999999999941e-04
1.695000000000000000e+04 4.128439999999999931e-04
1.696000000000000000e+04 4.301099999999999867e-04
1.697000000000000000e+04 4.472209999999999792e-04
1.698000000000000000e+04 4.646210000000000227e-04
1.699000000000000000e+04 4.814379999999999940e-04
1.700000000000000000e+04 4.985810000000000025e-04
1.701000000000000000e+04 5.147139999999999918e-04
1.702000000000000000e+04 5.311800000000000202e-04
1.703000000000000000e+04 5.469700000000000300e-04
1.704000000000000000e+04 5.625819999999999476e-04
1.705000000000000000e+04 5.785770000000000409e-04
1.706000000000000000e+04 5.938500000000000419e-04
1.707000000000000000e+04 6.095399999999999950e-04
1.708000000000000000e+04 6.244760000000000024e-04
1.709000000000000000e+04 6.392369999999999650e-04
1.710000000000000000e+04 6.544650000000000164e-04
1.711000000000000000e+04 6.688939999999999556e-04
1.712000000000000000e+04 6.831489999999999741e-04
1.713000000000000000e+04 6.979189999999999700e-04
1.714000000000000000e+04 7.118470000000000440e-04
1.715000000000000000e+04 7.256030000000000119e-04
1.716000000000000000e+04 7.399210000000000466e-04
1.717000000000000000e+04 7.533519999999999930e-04
1.718000000000000000e+04 7.666160000000000205e-04
1.719000000000000000e+04 7.804860000000000487e-04
1.720000000000000000e+04 7.934279999999999935e-04
1.721000000000000000e+04 7.996810000000000029e-04
1.722000000000000000e+04 8.055259999999999851e-04
1.723000000000000000e+04 8.117779999999999788e-04
1.724000000000000000e+04 8.168210000000000184e-04
1.725000000000000000e+04 8.214640000000000483e-04
1.726000000000000000e+04 8.257089999999999916e-04
1.727000000000000000e+04 8.295590000000000038e-04
1.728000000000000000e+04 8.338580000000000384e-04
1.729000000000000000e+04 8.369290000000000366e-04
1.730000000000000000e+04 8.396140000000000287e-04
1.731000000000000000e+04 8.419130000000000147e-04
1.732000000000000000e+04 8.438290000000000417e-04
1.733000000000000000e+04 8.453659999999999560e-04
1.734000000000000000e+04 8.465249999999999901e-04
1.735000000000000000e+04 8.481769999999999804e-04
1.736000000000000000e+04 8.485909999999999937e-04
1.737000000000000000e+04 8.486360000000000518e-04
1.738000000000000000e+04 8.483139999999999691e-04
1.739000000000000000e+04 8.476269999999999942e-04
1.740000000000000000e+04 8.465779999999999573e-04
1.741000000000000000e+04 8.331389999999999933e-04
1.742000000000000000e+04 8.190470000000000476e-04
1.743000000000000000e+04 8.043079999999999978e-04
1.744000000000000000e+04 7.889270000000000310e-04
1.745000000000000000e+04 7.729079999999999935e-04
1.746000000000000000e+04 7.562579999999999953e-04
1.747000000000000000e+04 7.389799999999999754e-04
1.748000000000000000e+04 7.210800000000000282e-04
1.749000000000000000e+04 7.025640000000000314e-04
1.750000000000000000e+04 6.834350000000000321e-04
1.751000000000000000e+04 6.637010000000000479e-04
1.752000000000000000e+04 6.433640000000000018e-04
1.753000000000000000e+04 6.224310000000000042e-04
1.754000000000000000e+04 6.009070000000000253e-04
1.755000000000000000e+04 5.787970000000000354e-04
1.756000000000000000e+04 5.561049999999999891e-04
1.757000000000000000e+04 5.328369999999999808e-04
1.758000000000000000e+04 5.089979999999999808e-04
1.759000000000000000e+04 4.845919999999999980e-04
1.760000000000000000e+04 4.591299999999999765e-04
1.761000000000000000e+04 4.461259999999999770e-04
1.762000000000000000e+04 4.327919999999999857e-04
1.763000000000000000e+04 4.191290000000000185e-04
1.764000000000000000e+04 4.051419999999999913e-04
1.765000000000000000e+04 3.908319999999999741e-04
1.766000000000000000e+04 3.757920000000000097e-04
1.767000000000000000e+04 3.608630000000000041e-04
1.768000000000000000e+04 3.456199999999999876e-04
1.769000000000000000e+04 3.300670000000000231e-04
1.770000000000000000e+04 3.138589999999999913e-04
1.771000000000000000e+04 2.977119999999999983e-04
1.772000000000000000e+04 2.812620000000000051e-04
1.773000000000000000e+04 2.645139999999999818e-04
1.774000000000000000e+04 2.471950000000000210e-04
1.775000000000000000e+04 2.298780000000000105e-04
1.776000000000000000e+04 2.122699999999999988e-04
1.777000000000000000e+04 1.943760000000000106e-04
1.778000000000000000e+04 1.759999999999999954e-04
1.779000000000000000e+04 1.575609999999999912e-04
1.780000000000000000e+04 1.388449999999999895e-04
1.781000000000000000e+04 1.344250000000000013e-04
1.782000000000000000e+04 1.300879999999999918e-04
1.783000000000000000e+04 1.255320000000000036e-04
1.784000000000000000e+04 1.210489999999999993e-04
1.785000000000000000e+04 1.164939999999999997e-04
1.786000000000000000e+04 1.117360000000000022e-04
1.787000000000000000e+04 1.070409999999999938e-04
1.788000000000000000e+04 1.021560000000000024e-04
1.789000000000000000e+04 9.732440000000000622e-05
