# F1800W
1.503600000000000000e+05 1.000000000000000048e-04
1.504200000000000000e+05 1.000000000000000048e-04
1.504800000000000000e+05 1.000000000000000048e-04
1.505300000000000000e+05 1.000000000000000048e-04
1.505900000000000000e+05 1.000000000000000048e-04
1.506500000000000000e+05 1.000000000000000048e-04
1.507100000000000000e+05 1.000000000000000048e-04
1.507700000000000000e+05 1.000000000000000048e-04
1.508200000000000000e+05 1.000000000000000048e-04
1.508800000000000000e+05 1.000000000000000048e-04
1.509400000000000000e+05 2.000000000000000096e-04
1.510000000000000000e+05 2.000000000000000096e-04
1.510600000000000000e+05 2.000000000000000096e-04
1.511100000000000000e+05 2.000000000000000096e-04
1.511700000000000000e+05 2.000000000000000096e-04
1.512300000000000000e+05 2.000000000000000096e-04
1.512900000000000000e+05 2.000000000000000096e-04
1.513500000000000000e+05 2.000000000000000096e-04
1.514000000000000000e+05 2.000000000000000096e-04
1.514600000000000000e+05 2.000000000000000096e-04
1.515200000000000000e+05 2.000000000000000096e-04
1.515800000000000000e+05 2.000000000000000096e-04
1.516400000000000000e+05 2.000000000000000096e-04
1.516900000000000000e+05 2.000000000000000096e-04
1.517500000000000000e+05 2.000000000000000096e-04
1.518100000000000000e+05 2.000000000000000096e-04
1.518700000000000000e+05 2.000000000000000096e-04
1.519300000000000000e+05 2.000000000000000096e-04
1.519800000000000000e+05 2.000000000000000096e-04
1.520400000000000000e+05 1.000000000000000048e-04
1.521000000000000000e+05 1.000000000000000048e-04
1.521600000000000000e+05 1.000000000000000048e-04
1.522200000000000000e+05 1.000000000000000048e-04
1.522700000000000000e+05 1.000000000000000048e-04
1.523300000000000000e+05 1.000000000000000048e-04
1.523900000000000000e+05 1.000000000000000048e-04
1.524500000000000000e+05 1.000000000000000048e-04
1.525100000000000000e+05 1.000000000000000048e-04
1.525600000000000000e+05 1.000000000000000048e-04
1.526200000000000000e+05 1.000000000000000048e-04
1.526800000000000000e+05 1.000000000000000048e-04
1.527400000000000000e+05 1.000000000000000048e-04
1.528000000000000000e+05 1.000000000000000048e-04
1.528500000000000000e+05 1.000000000000000048e-04
1.529100000000000000e+05 1.000000000000000048e-04
1.529700000000000000e+05 1.000000000000000048e-04
1.530300000000000000e+05 1.000000000000000048e-04
1.530900000000000000e+05 1.000000000000000048e-04
1.531400000000000000e+05 1.000000000000000048e-04
1.532000000000000000e+05 1.000000000000000048e-04
1.532600000000000000e+05 1.000000000000000048e-04
1.533200000000000000e+05 2.000000000000000096e-04
1.533800000000000000e+05 2.000000000000000096e-04
1.534300000000000000e+05 2.000000000000000096e-04
1.534900000000000000e+05 2.000000000000000096e-04
1.535500000000000000e+05 2.000000000000000096e-04
1.536100000000000000e+05 1.000000000000000048e-04
1.536700000000000000e+05 1.000000000000000048e-04
1.537200000000000000e+05 1.000000000000000048e-04
1.537800000000000000e+05 1.000000000000000048e-04
1.538400000000000000e+05 1.000000000000000048e-04
1.539000000000000000e+05 1.000000000000000048e-04
1.539600000000000000e+05 1.000000000000000048e-04
1.540100000000000000e+05 1.000000000000000048e-04
1.540700000000000000e+05 1.000000000000000048e-04
1.541300000000000000e+05 1.000000000000000048e-04
1.541900000000000000e+05 1.000000000000000048e-04
1.542500000000000000e+05 1.000000000000000048e-04
1.543000000000000000e+05 1.000000000000000048e-04
1.543600000000000000e+05 1.000000000000000048e-04
1.544200000000000000e+05 1.000000000000000048e-04
1.544800000000000000e+05 1.000000000000000048e-04
1.545400000000000000e+05 1.000000000000000048e-04
1.545900000000000000e+05 1.000000000000000048e-04
1.546500000000000000e+05 1.000000000000000048e-04
1.547100000000000000e+05 1.000000000000000048e-04
1.547700000000000000e+05 1.000000000000000048e-04
1.548300000000000000e+05 1.000000000000000048e-04
1.548800000000000000e+05 1.000000000000000048e-04
1.549400000000000000e+05 1.000000000000000048e-04
1.550000000000000000e+05 1.000000000000000048e-04
1.550600000000000000e+05 1.000000000000000048e-04
1.551200000000000000e+05 1.000000000000000048e-04
1.551700000000000000e+05 1.000000000000000048e-04
1.552300000000000000e+05 1.000000000000000048e-04
1.552900000000000000e+05 1.000000000000000048e-04
1.553500000000000000e+05 1.000000000000000048e-04
1.554100000000000000e+05 1.000000000000000048e-04
1.554600000000000000e+05 1.000000000000000048e-04
1.555200000000000000e+05 1.000000000000000048e-04
1.555800000000000000e+05 1.000000000000000048e-04
1.556400000000000000e+05 1.000000000000000048e-04
1.557000000000000000e+05 1.000000000000000048e-04
1.557500000000000000e+05 1.000000000000000048e-04
1.558100000000000000e+05 1.000000000000000048e-04
1.558700000000000000e+05 1.000000000000000048e-04
1.559300000000000000e+05 1.000000000000000048e-04
1.559900000000000000e+05 1.000000000000000048e-04
1.560400000000000000e+05 2.000000000000000096e-04
1.561000000000000000e+05 2.000000000000000096e-04
1.561600000000000000e+05 2.000000000000000096e-04
1.562200000000000000e+05 2.000000000000000096e-04
1.562800000000000000e+05 2.000000000000000096e-04
1.563300000000000000e+05 2.000000000000000096e-04
1.563900000000000000e+05 2.000000000000000096e-04
1.564500000000000000e+05 2.999999999999999737e-04
1.565100000000000000e+05 2.999999999999999737e-04
1.565700000000000000e+05 2.999999999999999737e-04
1.566200000000000000e+05 2.999999999999999737e-04
1.566800000000000000e+05 2.999999999999999737e-04
1.567400000000000000e+05 4.000000000000000192e-04
1.568000000000000000e+05 4.000000000000000192e-04
1.568600000000000000e+05 4.000000000000000192e-04
1.569100000000000000e+05 5.000000000000000104e-04
1.569700000000000000e+05 5.000000000000000104e-04
1.570300000000000000e+05 5.000000000000000104e-04
1.570900000000000000e+05 5.000000000000000104e-04
1.571500000000000000e+05 5.999999999999999474e-04
1.572000000000000000e+05 5.999999999999999474e-04
1.572600000000000000e+05 5.999999999999999474e-04
1.573200000000000000e+05 5.999999999999999474e-04
1.573800000000000000e+05 6.999999999999999929e-04
1.574400000000000000e+05 6.999999999999999929e-04
1.574900000000000000e+05 6.999999999999999929e-04
1.575500000000000000e+05 6.999999999999999929e-04
1.576100000000000000e+05 6.999999999999999929e-04
1.576700000000000000e+05 8.000000000000000383e-04
1.577300000000000000e+05 8.000000000000000383e-04
1.577800000000000000e+05 8.000000000000000383e-04
1.578400000000000000e+05 8.000000000000000383e-04
1.579000000000000000e+05 8.000000000000000383e-04
1.579600000000000000e+05 8.999999999999999754e-04
1.580200000000000000e+05 8.999999999999999754e-04
1.580700000000000000e+05 8.999999999999999754e-04
1.581300000000000000e+05 8.999999999999999754e-04
1.581900000000000000e+05 8.999999999999999754e-04
1.582500000000000000e+05 1.000000000000000021e-03
1.583100000000000000e+05 1.000000000000000021e-03
1.583600000000000000e+05 1.000000000000000021e-03
1.584200000000000000e+05 1.100000000000000066e-03
1.584800000000000000e+05 1.100000000000000066e-03
1.585400000000000000e+05 1.100000000000000066e-03
1.586000000000000000e+05 1.199999999999999895e-03
1.586500000000000000e+05 1.199999999999999895e-03
1.587100000000000000e+05 1.199999999999999895e-03
1.587700000000000000e+05 1.299999999999999940e-03
1.588300000000000000e+05 1.299999999999999940e-03
1.588900000000000000e+05 1.399999999999999986e-03
1.589400000000000000e+05 1.399999999999999986e-03
1.590000000000000000e+05 1.500000000000000031e-03
1.590600000000000000e+05 1.600000000000000077e-03
1.591200000000000000e+05 1.600000000000000077e-03
1.591800000000000000e+05 1.699999999999999905e-03
1.592300000000000000e+05 1.799999999999999951e-03
1.592900000000000000e+05 1.799999999999999951e-03
1.593500000000000000e+05 1.899999999999999996e-03
1.594100000000000000e+05 2.000000000000000042e-03
1.594700000000000000e+05 2.099999999999999870e-03
1.595200000000000000e+05 2.099999999999999870e-03
1.595800000000000000e+05 2.200000000000000133e-03
1.596400000000000000e+05 2.299999999999999961e-03
1.597000000000000000e+05 2.399999999999999790e-03
1.597600000000000000e+05 2.500000000000000052e-03
1.598100000000000000e+05 2.599999999999999881e-03
1.598700000000000000e+05 2.700000000000000143e-03
1.599300000000000000e+05 2.799999999999999972e-03
1.599900000000000000e+05 2.899999999999999800e-03
1.600500000000000000e+05 3.000000000000000062e-03
1.601000000000000000e+05 3.099999999999999891e-03
1.601600000000000000e+05 3.200000000000000153e-03
1.602200000000000000e+05 3.399999999999999811e-03
1.602800000000000000e+05 3.500000000000000073e-03
1.603400000000000000e+05 3.700000000000000164e-03
1.603900000000000000e+05 3.799999999999999992e-03
1.604500000000000000e+05 4.000000000000000083e-03
1.605100000000000000e+05 4.100000000000000346e-03
1.605700000000000000e+05 4.300000000000000003e-03
1.606300000000000000e+05 4.499999999999999660e-03
1.606800000000000000e+05 4.700000000000000185e-03
1.607400000000000000e+05 4.899999999999999842e-03
1.608000000000000000e+05 5.100000000000000366e-03
1.608600000000000000e+05 5.300000000000000024e-03
1.609200000000000000e+05 5.599999999999999943e-03
1.609700000000000000e+05 5.799999999999999600e-03
1.610300000000000000e+05 6.100000000000000387e-03
1.610900000000000000e+05 6.400000000000000307e-03
1.611500000000000000e+05 6.599999999999999964e-03
1.612100000000000000e+05 6.899999999999999883e-03
1.612600000000000000e+05 7.300000000000000065e-03
1.613200000000000000e+05 7.599999999999999985e-03
1.613800000000000000e+05 8.000000000000000167e-03
1.614400000000000000e+05 8.300000000000000086e-03
1.615000000000000000e+05 8.699999999999999400e-03
1.615500000000000000e+05 9.100000000000000450e-03
1.616100000000000000e+05 9.499999999999999764e-03
1.616700000000000000e+05 1.000000000000000021e-02
1.617300000000000000e+05 1.050000000000000065e-02
1.617900000000000000e+05 1.089999999999999997e-02
1.618400000000000000e+05 1.149999999999999981e-02
1.619000000000000000e+05 1.200000000000000025e-02
1.619600000000000000e+05 1.260000000000000009e-02
1.620200000000000000e+05 1.319999999999999993e-02
1.620800000000000000e+05 1.389999999999999916e-02
1.621300000000000000e+05 1.450000000000000074e-02
1.621900000000000000e+05 1.519999999999999997e-02
1.622500000000000000e+05 1.600000000000000033e-02
1.623100000000000000e+05 1.679999999999999896e-02
1.623700000000000000e+05 1.760000000000000106e-02
1.624200000000000000e+05 1.839999999999999969e-02
1.624800000000000000e+05 1.940000000000000058e-02
1.625400000000000000e+05 2.040000000000000147e-02
1.626000000000000000e+05 2.129999999999999949e-02
1.626600000000000000e+05 2.249999999999999917e-02
1.627100000000000000e+05 2.359999999999999945e-02
1.627700000000000000e+05 2.479999999999999913e-02
1.628300000000000000e+05 2.610000000000000167e-02
1.628900000000000000e+05 2.750000000000000014e-02
1.629500000000000000e+05 2.889999999999999861e-02
1.630000000000000000e+05 3.030000000000000054e-02
1.630600000000000000e+05 3.189999999999999780e-02
1.631200000000000000e+05 3.359999999999999792e-02
1.631800000000000000e+05 3.529999999999999805e-02
1.632400000000000000e+05 3.710000000000000103e-02
1.632900000000000000e+05 3.910000000000000281e-02
1.633500000000000000e+05 4.109999999999999765e-02
1.634100000000000000e+05 4.320000000000000229e-02
1.634700000000000000e+05 4.560000000000000164e-02
1.635300000000000000e+05 4.789999999999999813e-02
1.635800000000000000e+05 5.029999999999999749e-02
1.636400000000000000e+05 5.299999999999999850e-02
1.637000000000000000e+05 5.580000000000000238e-02
1.637600000000000000e+05 5.859999999999999931e-02
1.638200000000000000e+05 6.160000000000000198e-02
1.638700000000000000e+05 6.489999999999999936e-02
1.639300000000000000e+05 6.819999999999999674e-02
1.639900000000000000e+05 7.149999999999999412e-02
1.640500000000000000e+05 7.530000000000000582e-02
1.641100000000000000e+05 7.910000000000000364e-02
1.641600000000000000e+05 8.300000000000000433e-02
1.642200000000000000e+05 8.709999999999999687e-02
1.642800000000000000e+05 9.149999999999999800e-02
1.643400000000000000e+05 9.589999999999999913e-02
1.644000000000000000e+05 1.003000000000000003e-01
1.644500000000000000e+05 1.052000000000000018e-01
1.645100000000000000e+05 1.101000000000000034e-01
1.645700000000000000e+05 1.150999999999999940e-01
1.646300000000000000e+05 1.202000000000000013e-01
1.646900000000000000e+05 1.255999999999999894e-01
1.647400000000000000e+05 1.310000000000000053e-01
1.648000000000000000e+05 1.363999999999999935e-01
1.648600000000000000e+05 1.421999999999999931e-01
1.649200000000000000e+05 1.479000000000000037e-01
1.649800000000000000e+05 1.537000000000000033e-01
1.650300000000000000e+05 1.595999999999999919e-01
1.650900000000000000e+05 1.656999999999999862e-01
1.651500000000000000e+05 1.716999999999999915e-01
1.652100000000000000e+05 1.778000000000000136e-01
1.652700000000000000e+05 1.839000000000000079e-01
1.653200000000000000e+05 1.900999999999999912e-01
1.653800000000000000e+05 1.963000000000000023e-01
1.654400000000000000e+05 2.023999999999999966e-01
1.655000000000000000e+05 2.084999999999999909e-01
1.655600000000000000e+05 2.146000000000000130e-01
1.656100000000000000e+05 2.207000000000000073e-01
1.656700000000000000e+05 2.265999999999999959e-01
1.657300000000000000e+05 2.325000000000000122e-01
1.657900000000000000e+05 2.384000000000000008e-01
1.658500000000000000e+05 2.441000000000000114e-01
1.659000000000000000e+05 2.497000000000000053e-01
1.659600000000000000e+05 2.551999999999999824e-01
1.660200000000000000e+05 2.605999999999999983e-01
1.660800000000000000e+05 2.656999999999999917e-01
1.661400000000000000e+05 2.706999999999999962e-01
1.661900000000000000e+05 2.757999999999999896e-01
1.662500000000000000e+05 2.802999999999999936e-01
1.663100000000000000e+05 2.847000000000000086e-01
1.663700000000000000e+05 2.891000000000000236e-01
1.664300000000000000e+05 2.933000000000000052e-01
1.664800000000000000e+05 2.969999999999999862e-01
1.665400000000000000e+05 3.008000000000000118e-01
1.666000000000000000e+05 3.044999999999999929e-01
1.666600000000000000e+05 3.075999999999999845e-01
1.667200000000000000e+05 3.106999999999999762e-01
1.667700000000000000e+05 3.136999999999999789e-01
1.668300000000000000e+05 3.164000000000000146e-01
1.668900000000000000e+05 3.187999999999999723e-01
1.669500000000000000e+05 3.211999999999999855e-01
1.670100000000000000e+05 3.235999999999999988e-01
1.670600000000000000e+05 3.254000000000000226e-01
1.671200000000000000e+05 3.271999999999999909e-01
1.671800000000000000e+05 3.290000000000000147e-01
1.672400000000000000e+05 3.305000000000000160e-01
1.673000000000000000e+05 3.317999999999999838e-01
1.673500000000000000e+05 3.331000000000000072e-01
1.674100000000000000e+05 3.342999999999999861e-01
1.674700000000000000e+05 3.351999999999999980e-01
1.675300000000000000e+05 3.361000000000000099e-01
1.675900000000000000e+05 3.368999999999999773e-01
1.676400000000000000e+05 3.376000000000000112e-01
1.677000000000000000e+05 3.382000000000000006e-01
1.677600000000000000e+05 3.387999999999999901e-01
1.678200000000000000e+05 3.392999999999999905e-01
1.678800000000000000e+05 3.397000000000000020e-01
1.679300000000000000e+05 3.400000000000000244e-01
1.679900000000000000e+05 3.403999999999999804e-01
1.680500000000000000e+05 3.406000000000000139e-01
1.681100000000000000e+05 3.408999999999999808e-01
1.681700000000000000e+05 3.411000000000000143e-01
1.682200000000000000e+05 3.412999999999999923e-01
1.682800000000000000e+05 3.413999999999999813e-01
1.683400000000000000e+05 3.416000000000000147e-01
1.684000000000000000e+05 3.417000000000000037e-01
1.684600000000000000e+05 3.418999999999999817e-01
1.685100000000000000e+05 3.420000000000000262e-01
1.685700000000000000e+05 3.421000000000000152e-01
1.686300000000000000e+05 3.422999999999999932e-01
1.686900000000000000e+05 3.423999999999999821e-01
1.687500000000000000e+05 3.425000000000000266e-01
1.688000000000000000e+05 3.426000000000000156e-01
1.688600000000000000e+05 3.427000000000000046e-01
1.689200000000000000e+05 3.428999999999999826e-01
1.689800000000000000e+05 3.430000000000000271e-01
1.690400000000000000e+05 3.431000000000000161e-01
1.690900000000000000e+05 3.432999999999999940e-01
1.691500000000000000e+05 3.433999999999999830e-01
1.692100000000000000e+05 3.436000000000000165e-01
1.692700000000000000e+05 3.437000000000000055e-01
1.693300000000000000e+05 3.437999999999999945e-01
1.693800000000000000e+05 3.439999999999999725e-01
1.694400000000000000e+05 3.441000000000000170e-01
1.695000000000000000e+05 3.442999999999999949e-01
1.695600000000000000e+05 3.443999999999999839e-01
1.696200000000000000e+05 3.446000000000000174e-01
1.696700000000000000e+05 3.447000000000000064e-01
1.697300000000000000e+05 3.448999999999999844e-01
1.697900000000000000e+05 3.449999999999999734e-01
1.698500000000000000e+05 3.452000000000000068e-01
1.699100000000000000e+05 3.453999999999999848e-01
1.699600000000000000e+05 3.454999999999999738e-01
1.700200000000000000e+05 3.457000000000000073e-01
1.700800000000000000e+05 3.457000000000000073e-01
1.701400000000000000e+05 3.457000000000000073e-01
1.702000000000000000e+05 3.457999999999999963e-01
1.702500000000000000e+05 3.457999999999999963e-01
1.703100000000000000e+05 3.458999999999999853e-01
1.703700000000000000e+05 3.458999999999999853e-01
1.704300000000000000e+05 3.459999999999999742e-01
1.704900000000000000e+05 3.461000000000000187e-01
1.705400000000000000e+05 3.461000000000000187e-01
1.706000000000000000e+05 3.462000000000000077e-01
1.706600000000000000e+05 3.462999999999999967e-01
1.707200000000000000e+05 3.463999999999999857e-01
1.707800000000000000e+05 3.464999999999999747e-01
1.708300000000000000e+05 3.466000000000000192e-01
1.708900000000000000e+05 3.467000000000000082e-01
1.709500000000000000e+05 3.467999999999999972e-01
1.710100000000000000e+05 3.467999999999999972e-01
1.710700000000000000e+05 3.468999999999999861e-01
1.711200000000000000e+05 3.469999999999999751e-01
1.711800000000000000e+05 3.471000000000000196e-01
1.712400000000000000e+05 3.472000000000000086e-01
1.713000000000000000e+05 3.472999999999999976e-01
1.713600000000000000e+05 3.473999999999999866e-01
1.714100000000000000e+05 3.474999999999999756e-01
1.714700000000000000e+05 3.476000000000000201e-01
1.715300000000000000e+05 3.477000000000000091e-01
1.715900000000000000e+05 3.477000000000000091e-01
1.716500000000000000e+05 3.477999999999999980e-01
1.717000000000000000e+05 3.478999999999999870e-01
1.717600000000000000e+05 3.479999999999999760e-01
1.718200000000000000e+05 3.479999999999999760e-01
1.718800000000000000e+05 3.481000000000000205e-01
1.719400000000000000e+05 3.481000000000000205e-01
1.719900000000000000e+05 3.482000000000000095e-01
1.720500000000000000e+05 3.482000000000000095e-01
1.721100000000000000e+05 3.482999999999999985e-01
1.721700000000000000e+05 3.482999999999999985e-01
1.722300000000000000e+05 3.482999999999999985e-01
1.722800000000000000e+05 3.483999999999999875e-01
1.723400000000000000e+05 3.483999999999999875e-01
1.724000000000000000e+05 3.483999999999999875e-01
1.724600000000000000e+05 3.483999999999999875e-01
1.725200000000000000e+05 3.484999999999999765e-01
1.725700000000000000e+05 3.484999999999999765e-01
1.726300000000000000e+05 3.484999999999999765e-01
1.726900000000000000e+05 3.486000000000000210e-01
1.727500000000000000e+05 3.486000000000000210e-01
1.728100000000000000e+05 3.486000000000000210e-01
1.728600000000000000e+05 3.487000000000000099e-01
1.729200000000000000e+05 3.487999999999999989e-01
1.729800000000000000e+05 3.487999999999999989e-01
1.730400000000000000e+05 3.488999999999999879e-01
1.731000000000000000e+05 3.489999999999999769e-01
1.731500000000000000e+05 3.491000000000000214e-01
1.732100000000000000e+05 3.491000000000000214e-01
1.732700000000000000e+05 3.492000000000000104e-01
1.733300000000000000e+05 3.492999999999999994e-01
1.733900000000000000e+05 3.493999999999999884e-01
1.734400000000000000e+05 3.493999999999999884e-01
1.735000000000000000e+05 3.494999999999999774e-01
1.735600000000000000e+05 3.496000000000000218e-01
1.736200000000000000e+05 3.496000000000000218e-01
1.736800000000000000e+05 3.497000000000000108e-01
1.737300000000000000e+05 3.497000000000000108e-01
1.737900000000000000e+05 3.497999999999999998e-01
1.738500000000000000e+05 3.497999999999999998e-01
1.739100000000000000e+05 3.497999999999999998e-01
1.739700000000000000e+05 3.497999999999999998e-01
1.740200000000000000e+05 3.497999999999999998e-01
1.740800000000000000e+05 3.497999999999999998e-01
1.741400000000000000e+05 3.497999999999999998e-01
1.742000000000000000e+05 3.497999999999999998e-01
1.742600000000000000e+05 3.497000000000000108e-01
1.743100000000000000e+05 3.497000000000000108e-01
1.743700000000000000e+05 3.496000000000000218e-01
1.744300000000000000e+05 3.496000000000000218e-01
1.744900000000000000e+05 3.494999999999999774e-01
1.745500000000000000e+05 3.494999999999999774e-01
1.746000000000000000e+05 3.493999999999999884e-01
1.746600000000000000e+05 3.492999999999999994e-01
1.747200000000000000e+05 3.492999999999999994e-01
1.747800000000000000e+05 3.492000000000000104e-01
1.748400000000000000e+05 3.492000000000000104e-01
1.748900000000000000e+05 3.491000000000000214e-01
1.749500000000000000e+05 3.491000000000000214e-01
1.750100000000000000e+05 3.489999999999999769e-01
1.750700000000000000e+05 3.488999999999999879e-01
1.751300000000000000e+05 3.487999999999999989e-01
1.751800000000000000e+05 3.487000000000000099e-01
1.752400000000000000e+05 3.486000000000000210e-01
1.753000000000000000e+05 3.484999999999999765e-01
1.753600000000000000e+05 3.483999999999999875e-01
1.754200000000000000e+05 3.482999999999999985e-01
1.754700000000000000e+05 3.482999999999999985e-01
1.755300000000000000e+05 3.482000000000000095e-01
1.755900000000000000e+05 3.481000000000000205e-01
1.756500000000000000e+05 3.479999999999999760e-01
1.757100000000000000e+05 3.478999999999999870e-01
1.757600000000000000e+05 3.478999999999999870e-01
1.758200000000000000e+05 3.477999999999999980e-01
1.758800000000000000e+05 3.477000000000000091e-01
1.759400000000000000e+05 3.477000000000000091e-01
1.760000000000000000e+05 3.476000000000000201e-01
1.760500000000000000e+05 3.474999999999999756e-01
1.761100000000000000e+05 3.474999999999999756e-01
1.761700000000000000e+05 3.473999999999999866e-01
1.762300000000000000e+05 3.472999999999999976e-01
1.762900000000000000e+05 3.472000000000000086e-01
1.763400000000000000e+05 3.472000000000000086e-01
1.764000000000000000e+05 3.471000000000000196e-01
1.764600000000000000e+05 3.469999999999999751e-01
1.765200000000000000e+05 3.469999999999999751e-01
1.765800000000000000e+05 3.468999999999999861e-01
1.766300000000000000e+05 3.467999999999999972e-01
1.766900000000000000e+05 3.467000000000000082e-01
1.767500000000000000e+05 3.467000000000000082e-01
1.768100000000000000e+05 3.466000000000000192e-01
1.768700000000000000e+05 3.464999999999999747e-01
1.769200000000000000e+05 3.463999999999999857e-01
1.769800000000000000e+05 3.463999999999999857e-01
1.770400000000000000e+05 3.462999999999999967e-01
1.771000000000000000e+05 3.462000000000000077e-01
1.771600000000000000e+05 3.462000000000000077e-01
1.772100000000000000e+05 3.461000000000000187e-01
1.772700000000000000e+05 3.459999999999999742e-01
1.773300000000000000e+05 3.458999999999999853e-01
1.773900000000000000e+05 3.458999999999999853e-01
1.774500000000000000e+05 3.457999999999999963e-01
1.775000000000000000e+05 3.457000000000000073e-01
1.775600000000000000e+05 3.456000000000000183e-01
1.776200000000000000e+05 3.456000000000000183e-01
1.776800000000000000e+05 3.454999999999999738e-01
1.777400000000000000e+05 3.453999999999999848e-01
1.777900000000000000e+05 3.452999999999999958e-01
1.778500000000000000e+05 3.452000000000000068e-01
1.779100000000000000e+05 3.452000000000000068e-01
1.779700000000000000e+05 3.451000000000000179e-01
1.780300000000000000e+05 3.449999999999999734e-01
1.780800000000000000e+05 3.448999999999999844e-01
1.781400000000000000e+05 3.447999999999999954e-01
1.782000000000000000e+05 3.447000000000000064e-01
1.782600000000000000e+05 3.446000000000000174e-01
1.783200000000000000e+05 3.444999999999999729e-01
1.783700000000000000e+05 3.443999999999999839e-01
1.784300000000000000e+05 3.442999999999999949e-01
1.784900000000000000e+05 3.442000000000000060e-01
1.785500000000000000e+05 3.441000000000000170e-01
1.786100000000000000e+05 3.439999999999999725e-01
1.786600000000000000e+05 3.438999999999999835e-01
1.787200000000000000e+05 3.437999999999999945e-01
1.787800000000000000e+05 3.437000000000000055e-01
1.788400000000000000e+05 3.435000000000000275e-01
1.789000000000000000e+05 3.433999999999999830e-01
1.789500000000000000e+05 3.432999999999999940e-01
1.790100000000000000e+05 3.432000000000000051e-01
1.790700000000000000e+05 3.431000000000000161e-01
1.791300000000000000e+05 3.430000000000000271e-01
1.791900000000000000e+05 3.427999999999999936e-01
1.792400000000000000e+05 3.427000000000000046e-01
1.793000000000000000e+05 3.426000000000000156e-01
1.793600000000000000e+05 3.425000000000000266e-01
1.794200000000000000e+05 3.422999999999999932e-01
1.794800000000000000e+05 3.422000000000000042e-01
1.795300000000000000e+05 3.421000000000000152e-01
1.795900000000000000e+05 3.420000000000000262e-01
1.796500000000000000e+05 3.417999999999999927e-01
1.797100000000000000e+05 3.417000000000000037e-01
1.797700000000000000e+05 3.416000000000000147e-01
1.798200000000000000e+05 3.415000000000000258e-01
1.798800000000000000e+05 3.412999999999999923e-01
1.799400000000000000e+05 3.412000000000000033e-01
1.800000000000000000e+05 3.411000000000000143e-01
1.800600000000000000e+05 3.411000000000000143e-01
1.801100000000000000e+05 3.411000000000000143e-01
1.801700000000000000e+05 3.411000000000000143e-01
1.802300000000000000e+05 3.411000000000000143e-01
1.802900000000000000e+05 3.411000000000000143e-01
1.803500000000000000e+05 3.411000000000000143e-01
1.804000000000000000e+05 3.411000000000000143e-01
1.804600000000000000e+05 3.411000000000000143e-01
1.805200000000000000e+05 3.411000000000000143e-01
1.805800000000000000e+05 3.411000000000000143e-01
1.806400000000000000e+05 3.411000000000000143e-01
1.806900000000000000e+05 3.411000000000000143e-01
1.807500000000000000e+05 3.412000000000000033e-01
1.808100000000000000e+05 3.412000000000000033e-01
1.808700000000000000e+05 3.412000000000000033e-01
1.809300000000000000e+05 3.412000000000000033e-01
1.809800000000000000e+05 3.412000000000000033e-01
1.810400000000000000e+05 3.412000000000000033e-01
1.811000000000000000e+05 3.412999999999999923e-01
1.811600000000000000e+05 3.412999999999999923e-01
1.812200000000000000e+05 3.412999999999999923e-01
1.812700000000000000e+05 3.412999999999999923e-01
1.813300000000000000e+05 3.413999999999999813e-01
1.813900000000000000e+05 3.413999999999999813e-01
1.814500000000000000e+05 3.413999999999999813e-01
1.815100000000000000e+05 3.415000000000000258e-01
1.815600000000000000e+05 3.415000000000000258e-01
1.816200000000000000e+05 3.415000000000000258e-01
1.816800000000000000e+05 3.416000000000000147e-01
1.817400000000000000e+05 3.416000000000000147e-01
1.818000000000000000e+05 3.416000000000000147e-01
1.818500000000000000e+05 3.417000000000000037e-01
1.819100000000000000e+05 3.417000000000000037e-01
1.819700000000000000e+05 3.417000000000000037e-01
1.820300000000000000e+05 3.417000000000000037e-01
1.820900000000000000e+05 3.417999999999999927e-01
1.821400000000000000e+05 3.417999999999999927e-01
1.822000000000000000e+05 3.417999999999999927e-01
1.822600000000000000e+05 3.417999999999999927e-01
1.823200000000000000e+05 3.418999999999999817e-01
1.823800000000000000e+05 3.418999999999999817e-01
1.824300000000000000e+05 3.418999999999999817e-01
1.824900000000000000e+05 3.420000000000000262e-01
1.825500000000000000e+05 3.420000000000000262e-01
1.826100000000000000e+05 3.420000000000000262e-01
1.826700000000000000e+05 3.421000000000000152e-01
1.827200000000000000e+05 3.421000000000000152e-01
1.827800000000000000e+05 3.421000000000000152e-01
1.828400000000000000e+05 3.422000000000000042e-01
1.829000000000000000e+05 3.422000000000000042e-01
1.829600000000000000e+05 3.422999999999999932e-01
1.830100000000000000e+05 3.422999999999999932e-01
1.830700000000000000e+05 3.423999999999999821e-01
1.831300000000000000e+05 3.423999999999999821e-01
1.831900000000000000e+05 3.425000000000000266e-01
1.832500000000000000e+05 3.426000000000000156e-01
1.833000000000000000e+05 3.426000000000000156e-01
1.833600000000000000e+05 3.427000000000000046e-01
1.834200000000000000e+05 3.427999999999999936e-01
1.834800000000000000e+05 3.427999999999999936e-01
1.835400000000000000e+05 3.428999999999999826e-01
1.835900000000000000e+05 3.430000000000000271e-01
1.836500000000000000e+05 3.431000000000000161e-01
1.837100000000000000e+05 3.431000000000000161e-01
1.837700000000000000e+05 3.432000000000000051e-01
1.838300000000000000e+05 3.432999999999999940e-01
1.838800000000000000e+05 3.433999999999999830e-01
1.839400000000000000e+05 3.433999999999999830e-01
1.840000000000000000e+05 3.435000000000000275e-01
1.840600000000000000e+05 3.436000000000000165e-01
1.841200000000000000e+05 3.437000000000000055e-01
1.841700000000000000e+05 3.437000000000000055e-01
1.842300000000000000e+05 3.437999999999999945e-01
1.842900000000000000e+05 3.438999999999999835e-01
1.843500000000000000e+05 3.439999999999999725e-01
1.844100000000000000e+05 3.439999999999999725e-01
1.844600000000000000e+05 3.441000000000000170e-01
1.845200000000000000e+05 3.441000000000000170e-01
1.845800000000000000e+05 3.442000000000000060e-01
1.846400000000000000e+05 3.442000000000000060e-01
1.847000000000000000e+05 3.442999999999999949e-01
1.847500000000000000e+05 3.442999999999999949e-01
1.848100000000000000e+05 3.442999999999999949e-01
1.848700000000000000e+05 3.442999999999999949e-01
1.849300000000000000e+05 3.443999999999999839e-01
1.849900000000000000e+05 3.443999999999999839e-01
1.850400000000000000e+05 3.442000000000000060e-01
1.851000000000000000e+05 3.438999999999999835e-01
1.851600000000000000e+05 3.436000000000000165e-01
1.852200000000000000e+05 3.432999999999999940e-01
1.852800000000000000e+05 3.430000000000000271e-01
1.853300000000000000e+05 3.427000000000000046e-01
1.853900000000000000e+05 3.423999999999999821e-01
1.854500000000000000e+05 3.421000000000000152e-01
1.855100000000000000e+05 3.417999999999999927e-01
1.855700000000000000e+05 3.415000000000000258e-01
1.856200000000000000e+05 3.411000000000000143e-01
1.856800000000000000e+05 3.407999999999999918e-01
1.857400000000000000e+05 3.403999999999999804e-01
1.858000000000000000e+05 3.401000000000000134e-01
1.858600000000000000e+05 3.397000000000000020e-01
1.859100000000000000e+05 3.393999999999999795e-01
1.859700000000000000e+05 3.390000000000000235e-01
1.860300000000000000e+05 3.387000000000000011e-01
1.860900000000000000e+05 3.382999999999999896e-01
1.861500000000000000e+05 3.380000000000000226e-01
1.862000000000000000e+05 3.376000000000000112e-01
1.862600000000000000e+05 3.371999999999999997e-01
1.863200000000000000e+05 3.368999999999999773e-01
1.863800000000000000e+05 3.365000000000000213e-01
1.864400000000000000e+05 3.361000000000000099e-01
1.864900000000000000e+05 3.357999999999999874e-01
1.865500000000000000e+05 3.353999999999999759e-01
1.866100000000000000e+05 3.350000000000000200e-01
1.866700000000000000e+05 3.346000000000000085e-01
1.867300000000000000e+05 3.341999999999999971e-01
1.867800000000000000e+05 3.338999999999999746e-01
1.868400000000000000e+05 3.335000000000000187e-01
1.869000000000000000e+05 3.331000000000000072e-01
1.869600000000000000e+05 3.326999999999999957e-01
1.870200000000000000e+05 3.322999999999999843e-01
1.870700000000000000e+05 3.318999999999999728e-01
1.871300000000000000e+05 3.315000000000000169e-01
1.871900000000000000e+05 3.311000000000000054e-01
1.872500000000000000e+05 3.307999999999999829e-01
1.873100000000000000e+05 3.304000000000000270e-01
1.873600000000000000e+05 3.300000000000000155e-01
1.874200000000000000e+05 3.296000000000000041e-01
1.874800000000000000e+05 3.291999999999999926e-01
1.875400000000000000e+05 3.287999999999999812e-01
1.876000000000000000e+05 3.284000000000000252e-01
1.876500000000000000e+05 3.280000000000000138e-01
1.877100000000000000e+05 3.276999999999999913e-01
1.877700000000000000e+05 3.272999999999999798e-01
1.878300000000000000e+05 3.269000000000000239e-01
1.878900000000000000e+05 3.265000000000000124e-01
1.879400000000000000e+05 3.261000000000000010e-01
1.880000000000000000e+05 3.256999999999999895e-01
1.880600000000000000e+05 3.252999999999999781e-01
1.881200000000000000e+05 3.250000000000000111e-01
1.881800000000000000e+05 3.245999999999999996e-01
1.882300000000000000e+05 3.241999999999999882e-01
1.882900000000000000e+05 3.237999999999999767e-01
1.883500000000000000e+05 3.234000000000000208e-01
1.884100000000000000e+05 3.230999999999999983e-01
1.884700000000000000e+05 3.226999999999999869e-01
1.885200000000000000e+05 3.222999999999999754e-01
1.885800000000000000e+05 3.219000000000000195e-01
1.886400000000000000e+05 3.215999999999999970e-01
1.887000000000000000e+05 3.211999999999999855e-01
1.887600000000000000e+05 3.209000000000000186e-01
1.888100000000000000e+05 3.205000000000000071e-01
1.888700000000000000e+05 3.201999999999999846e-01
1.889300000000000000e+05 3.199000000000000177e-01
1.889900000000000000e+05 3.195999999999999952e-01
1.890500000000000000e+05 3.192999999999999727e-01
1.891000000000000000e+05 3.190000000000000058e-01
1.891600000000000000e+05 3.186999999999999833e-01
1.892200000000000000e+05 3.184000000000000163e-01
1.892800000000000000e+05 3.181999999999999829e-01
1.893400000000000000e+05 3.179000000000000159e-01
1.893900000000000000e+05 3.176999999999999824e-01
1.894500000000000000e+05 3.175000000000000044e-01
1.895100000000000000e+05 3.173000000000000265e-01
1.895700000000000000e+05 3.170000000000000040e-01
1.896300000000000000e+05 3.169000000000000150e-01
1.896800000000000000e+05 3.166999999999999815e-01
1.897400000000000000e+05 3.165000000000000036e-01
1.898000000000000000e+05 3.163000000000000256e-01
1.898600000000000000e+05 3.161999999999999811e-01
1.899200000000000000e+05 3.160999999999999921e-01
1.899700000000000000e+05 3.159000000000000141e-01
1.900300000000000000e+05 3.159000000000000141e-01
1.900900000000000000e+05 3.159000000000000141e-01
1.901500000000000000e+05 3.160000000000000031e-01
1.902100000000000000e+05 3.160000000000000031e-01
1.902600000000000000e+05 3.160000000000000031e-01
1.903200000000000000e+05 3.160999999999999921e-01
1.903800000000000000e+05 3.160999999999999921e-01
1.904400000000000000e+05 3.160999999999999921e-01
1.905000000000000000e+05 3.160999999999999921e-01
1.905500000000000000e+05 3.160999999999999921e-01
1.906100000000000000e+05 3.160999999999999921e-01
1.906700000000000000e+05 3.160999999999999921e-01
1.907300000000000000e+05 3.160999999999999921e-01
1.907900000000000000e+05 3.160999999999999921e-01
1.908400000000000000e+05 3.160000000000000031e-01
1.909000000000000000e+05 3.159000000000000141e-01
1.909600000000000000e+05 3.158000000000000251e-01
1.910200000000000000e+05 3.156999999999999806e-01
1.910800000000000000e+05 3.155000000000000027e-01
1.911300000000000000e+05 3.154000000000000137e-01
1.911900000000000000e+05 3.151999999999999802e-01
1.912500000000000000e+05 3.150000000000000022e-01
1.913100000000000000e+05 3.148000000000000242e-01
1.913700000000000000e+05 3.145000000000000018e-01
1.914200000000000000e+05 3.141999999999999793e-01
1.914800000000000000e+05 3.139000000000000123e-01
1.915400000000000000e+05 3.135000000000000009e-01
1.916000000000000000e+05 3.131999999999999784e-01
1.916600000000000000e+05 3.126999999999999780e-01
1.917100000000000000e+05 3.121999999999999775e-01
1.917700000000000000e+05 3.118000000000000216e-01
1.918300000000000000e+05 3.111999999999999766e-01
1.918900000000000000e+05 3.105999999999999872e-01
1.919500000000000000e+05 3.099000000000000088e-01
1.920000000000000000e+05 3.093000000000000194e-01
1.920600000000000000e+05 3.084999999999999964e-01
1.921200000000000000e+05 3.076999999999999735e-01
1.921800000000000000e+05 3.069000000000000061e-01
1.922400000000000000e+05 3.059999999999999942e-01
1.922900000000000000e+05 3.049000000000000044e-01
1.923500000000000000e+05 3.039000000000000035e-01
1.924100000000000000e+05 3.029000000000000026e-01
1.924700000000000000e+05 3.015999999999999792e-01
1.925300000000000000e+05 3.004000000000000004e-01
1.925800000000000000e+05 2.990999999999999770e-01
1.926400000000000000e+05 2.977000000000000202e-01
1.927000000000000000e+05 2.962000000000000188e-01
1.927600000000000000e+05 2.945999999999999730e-01
1.928200000000000000e+05 2.929999999999999827e-01
1.928700000000000000e+05 2.912000000000000144e-01
1.929300000000000000e+05 2.893999999999999906e-01
1.929900000000000000e+05 2.876000000000000223e-01
1.930500000000000000e+05 2.856000000000000205e-01
1.931100000000000000e+05 2.834999999999999742e-01
1.931600000000000000e+05 2.813999999999999835e-01
1.932200000000000000e+05 2.792000000000000037e-01
1.932800000000000000e+05 2.767999999999999905e-01
1.933400000000000000e+05 2.743999999999999773e-01
1.934000000000000000e+05 2.720000000000000195e-01
1.934500000000000000e+05 2.693999999999999728e-01
1.935100000000000000e+05 2.666999999999999926e-01
1.935700000000000000e+05 2.640000000000000124e-01
1.936300000000000000e+05 2.611999999999999877e-01
1.936900000000000000e+05 2.581999999999999851e-01
1.937400000000000000e+05 2.551999999999999824e-01
1.938000000000000000e+05 2.523000000000000242e-01
1.938600000000000000e+05 2.489999999999999991e-01
1.939200000000000000e+05 2.457999999999999907e-01
1.939800000000000000e+05 2.426000000000000101e-01
1.940300000000000000e+05 2.391999999999999960e-01
1.940900000000000000e+05 2.356999999999999929e-01
1.941500000000000000e+05 2.321999999999999897e-01
1.942100000000000000e+05 2.285999999999999976e-01
1.942700000000000000e+05 2.248999999999999888e-01
1.943200000000000000e+05 2.212000000000000077e-01
1.943800000000000000e+05 2.175999999999999879e-01
1.944400000000000000e+05 2.137000000000000011e-01
1.945000000000000000e+05 2.099000000000000032e-01
1.945600000000000000e+05 2.059999999999999887e-01
1.946100000000000000e+05 2.021000000000000019e-01
1.946700000000000000e+05 1.980999999999999983e-01
1.947300000000000000e+05 1.942000000000000115e-01
1.947900000000000000e+05 1.902999999999999969e-01
1.948500000000000000e+05 1.862999999999999934e-01
1.949000000000000000e+05 1.822999999999999898e-01
1.949600000000000000e+05 1.782999999999999863e-01
1.950200000000000000e+05 1.743000000000000105e-01
1.950800000000000000e+05 1.705000000000000127e-01
1.951400000000000000e+05 1.665999999999999981e-01
1.951900000000000000e+05 1.628000000000000003e-01
1.952500000000000000e+05 1.590000000000000024e-01
1.953100000000000000e+05 1.552000000000000046e-01
1.953700000000000000e+05 1.514000000000000068e-01
1.954300000000000000e+05 1.476000000000000090e-01
1.954800000000000000e+05 1.439999999999999891e-01
1.955400000000000000e+05 1.403000000000000080e-01
1.956000000000000000e+05 1.366999999999999882e-01
1.956600000000000000e+05 1.330999999999999961e-01
1.957200000000000000e+05 1.295999999999999930e-01
1.957700000000000000e+05 1.260999999999999899e-01
1.958300000000000000e+05 1.227000000000000035e-01
1.958900000000000000e+05 1.193000000000000033e-01
1.959500000000000000e+05 1.160000000000000059e-01
1.960100000000000000e+05 1.126999999999999946e-01
1.960600000000000000e+05 1.095000000000000001e-01
1.961200000000000000e+05 1.063999999999999946e-01
1.961800000000000000e+05 1.032000000000000001e-01
1.962400000000000000e+05 1.001999999999999974e-01
1.963000000000000000e+05 9.729999999999999760e-02
1.963500000000000000e+05 9.439999999999999780e-02
1.964100000000000000e+05 9.149999999999999800e-02
1.964700000000000000e+05 8.880000000000000393e-02
1.965300000000000000e+05 8.609999999999999598e-02
1.965900000000000000e+05 8.340000000000000191e-02
1.966400000000000000e+05 8.089999999999999969e-02
1.967000000000000000e+05 7.839999999999999747e-02
1.967600000000000000e+05 7.599999999999999811e-02
1.968200000000000000e+05 7.359999999999999876e-02
1.968800000000000000e+05 7.140000000000000513e-02
1.969300000000000000e+05 6.919999999999999762e-02
1.969900000000000000e+05 6.690000000000000113e-02
1.970500000000000000e+05 6.489999999999999936e-02
1.971100000000000000e+05 6.289999999999999758e-02
1.971700000000000000e+05 6.099999999999999867e-02
1.972200000000000000e+05 5.909999999999999976e-02
1.972800000000000000e+05 5.729999999999999677e-02
1.973400000000000000e+05 5.550000000000000072e-02
1.974000000000000000e+05 5.369999999999999774e-02
1.974600000000000000e+05 5.210000000000000048e-02
1.975100000000000000e+05 5.050000000000000322e-02
1.975700000000000000e+05 4.889999999999999902e-02
1.976300000000000000e+05 4.739999999999999769e-02
1.976900000000000000e+05 4.590000000000000330e-02
1.977500000000000000e+05 4.449999999999999789e-02
1.978000000000000000e+05 4.299999999999999656e-02
1.978600000000000000e+05 4.170000000000000095e-02
1.979200000000000000e+05 4.039999999999999841e-02
1.979800000000000000e+05 3.910000000000000281e-02
1.980400000000000000e+05 3.780000000000000027e-02
1.980900000000000000e+05 3.660000000000000059e-02
1.981500000000000000e+05 3.540000000000000091e-02
1.982100000000000000e+05 3.429999999999999716e-02
1.982700000000000000e+05 3.320000000000000034e-02
1.983300000000000000e+05 3.209999999999999659e-02
1.983800000000000000e+05 3.099999999999999978e-02
1.984400000000000000e+05 2.999999999999999889e-02
1.985000000000000000e+05 2.900000000000000147e-02
1.985600000000000000e+05 2.809999999999999998e-02
1.986200000000000000e+05 2.709999999999999909e-02
1.986700000000000000e+05 2.630000000000000046e-02
1.987300000000000000e+05 2.539999999999999897e-02
1.987900000000000000e+05 2.450000000000000094e-02
1.988500000000000000e+05 2.380000000000000171e-02
1.989100000000000000e+05 2.299999999999999961e-02
1.989600000000000000e+05 2.230000000000000038e-02
1.990200000000000000e+05 2.160000000000000114e-02
1.990800000000000000e+05 2.100000000000000130e-02
1.991400000000000000e+05 2.040000000000000147e-02
1.992000000000000000e+05 1.969999999999999876e-02
1.992500000000000000e+05 1.919999999999999832e-02
1.993100000000000000e+05 1.870000000000000134e-02
1.993700000000000000e+05 1.810000000000000150e-02
1.994300000000000000e+05 1.770000000000000046e-02
1.994900000000000000e+05 1.720000000000000001e-02
1.995400000000000000e+05 1.679999999999999896e-02
1.996000000000000000e+05 1.629999999999999852e-02
1.996600000000000000e+05 1.600000000000000033e-02
1.997200000000000000e+05 1.559999999999999928e-02
1.997800000000000000e+05 1.519999999999999997e-02
1.998300000000000000e+05 1.490000000000000005e-02
1.998900000000000000e+05 1.450000000000000074e-02
1.999500000000000000e+05 1.420000000000000082e-02
2.000100000000000000e+05 1.389999999999999916e-02
2.000700000000000000e+05 1.359999999999999924e-02
2.001200000000000000e+05 1.329999999999999932e-02
2.001800000000000000e+05 1.299999999999999940e-02
2.002400000000000000e+05 1.269999999999999948e-02
2.003000000000000000e+05 1.239999999999999956e-02
2.003600000000000000e+05 1.209999999999999964e-02
2.004100000000000000e+05 1.179999999999999973e-02
2.004700000000000000e+05 1.149999999999999981e-02
2.005300000000000000e+05 1.129999999999999928e-02
2.005900000000000000e+05 1.099999999999999936e-02
2.006500000000000000e+05 1.069999999999999944e-02
2.007000000000000000e+05 1.039999999999999952e-02
2.007600000000000000e+05 1.020000000000000073e-02
2.008200000000000000e+05 9.900000000000000813e-03
2.008800000000000000e+05 9.599999999999999159e-03
2.009400000000000000e+05 9.400000000000000369e-03
2.009900000000000000e+05 9.100000000000000450e-03
2.010500000000000000e+05 8.899999999999999925e-03
2.011100000000000000e+05 8.600000000000000006e-03
2.011700000000000000e+05 8.300000000000000086e-03
2.012300000000000000e+05 8.099999999999999561e-03
2.012800000000000000e+05 7.900000000000000772e-03
2.013400000000000000e+05 7.599999999999999985e-03
2.014000000000000000e+05 7.400000000000000328e-03
2.014600000000000000e+05 7.199999999999999803e-03
2.015200000000000000e+05 6.899999999999999883e-03
2.015700000000000000e+05 6.700000000000000226e-03
2.016300000000000000e+05 6.499999999999999702e-03
2.016900000000000000e+05 6.300000000000000044e-03
2.017500000000000000e+05 6.100000000000000387e-03
2.018100000000000000e+05 6.000000000000000125e-03
2.018600000000000000e+05 5.799999999999999600e-03
2.019200000000000000e+05 5.599999999999999943e-03
2.019800000000000000e+05 5.400000000000000286e-03
2.020400000000000000e+05 5.300000000000000024e-03
2.021000000000000000e+05 5.100000000000000366e-03
2.021500000000000000e+05 5.000000000000000104e-03
2.022100000000000000e+05 4.799999999999999580e-03
2.022700000000000000e+05 4.700000000000000185e-03
2.023300000000000000e+05 4.599999999999999922e-03
2.023900000000000000e+05 4.400000000000000265e-03
2.024400000000000000e+05 4.300000000000000003e-03
2.025000000000000000e+05 4.199999999999999740e-03
2.025600000000000000e+05 4.100000000000000346e-03
2.026200000000000000e+05 3.899999999999999821e-03
2.026800000000000000e+05 3.799999999999999992e-03
2.027300000000000000e+05 3.700000000000000164e-03
2.027900000000000000e+05 3.599999999999999901e-03
2.028500000000000000e+05 3.500000000000000073e-03
2.029100000000000000e+05 3.299999999999999982e-03
2.029700000000000000e+05 3.200000000000000153e-03
2.030200000000000000e+05 3.099999999999999891e-03
2.030800000000000000e+05 3.000000000000000062e-03
2.031400000000000000e+05 2.899999999999999800e-03
2.032000000000000000e+05 2.799999999999999972e-03
2.032600000000000000e+05 2.700000000000000143e-03
2.033100000000000000e+05 2.599999999999999881e-03
2.033700000000000000e+05 2.500000000000000052e-03
2.034300000000000000e+05 2.399999999999999790e-03
2.034900000000000000e+05 2.299999999999999961e-03
2.035500000000000000e+05 2.299999999999999961e-03
2.036000000000000000e+05 2.200000000000000133e-03
2.036600000000000000e+05 2.099999999999999870e-03
2.037200000000000000e+05 2.000000000000000042e-03
2.037800000000000000e+05 1.899999999999999996e-03
2.038400000000000000e+05 1.899999999999999996e-03
2.038900000000000000e+05 1.799999999999999951e-03
2.039500000000000000e+05 1.699999999999999905e-03
2.040100000000000000e+05 1.699999999999999905e-03
2.040700000000000000e+05 1.600000000000000077e-03
2.041300000000000000e+05 1.600000000000000077e-03
2.041800000000000000e+05 1.500000000000000031e-03
2.042400000000000000e+05 1.500000000000000031e-03
2.043000000000000000e+05 1.399999999999999986e-03
2.043600000000000000e+05 1.399999999999999986e-03
2.044200000000000000e+05 1.399999999999999986e-03
2.044700000000000000e+05 1.399999999999999986e-03
2.045300000000000000e+05 1.299999999999999940e-03
2.045900000000000000e+05 1.299999999999999940e-03
2.046500000000000000e+05 1.299999999999999940e-03
2.047100000000000000e+05 1.299999999999999940e-03
2.047600000000000000e+05 1.299999999999999940e-03
2.048200000000000000e+05 1.199999999999999895e-03
2.048800000000000000e+05 1.199999999999999895e-03
2.049400000000000000e+05 1.199999999999999895e-03
2.050000000000000000e+05 1.199999999999999895e-03
2.050500000000000000e+05 1.199999999999999895e-03
2.051100000000000000e+05 1.199999999999999895e-03
2.051700000000000000e+05 1.199999999999999895e-03
2.052300000000000000e+05 1.199999999999999895e-03
2.052900000000000000e+05 1.199999999999999895e-03
2.053400000000000000e+05 1.199999999999999895e-03
2.054000000000000000e+05 1.199999999999999895e-03
2.054600000000000000e+05 1.199999999999999895e-03
2.055200000000000000e+05 1.199999999999999895e-03
2.055800000000000000e+05 1.199999999999999895e-03
2.056300000000000000e+05 1.199999999999999895e-03
2.056900000000000000e+05 1.199999999999999895e-03
2.057500000000000000e+05 1.199999999999999895e-03
2.058100000000000000e+05 1.199999999999999895e-03
2.058700000000000000e+05 1.100000000000000066e-03
2.059200000000000000e+05 1.100000000000000066e-03
2.059800000000000000e+05 1.100000000000000066e-03
2.060400000000000000e+05 1.100000000000000066e-03
2.061000000000000000e+05 1.100000000000000066e-03
2.061600000000000000e+05 1.100000000000000066e-03
2.062100000000000000e+05 1.000000000000000021e-03
2.062700000000000000e+05 1.000000000000000021e-03
2.063300000000000000e+05 1.000000000000000021e-03
2.063900000000000000e+05 1.000000000000000021e-03
2.064500000000000000e+05 8.999999999999999754e-04
2.065000000000000000e+05 8.999999999999999754e-04
2.065600000000000000e+05 8.999999999999999754e-04
2.066200000000000000e+05 8.000000000000000383e-04
2.066800000000000000e+05 8.000000000000000383e-04
2.067400000000000000e+05 8.000000000000000383e-04
2.067900000000000000e+05 6.999999999999999929e-04
2.068500000000000000e+05 6.999999999999999929e-04
2.069100000000000000e+05 6.999999999999999929e-04
2.069700000000000000e+05 5.999999999999999474e-04
2.070300000000000000e+05 5.999999999999999474e-04
2.070800000000000000e+05 5.999999999999999474e-04
2.071400000000000000e+05 5.000000000000000104e-04
2.072000000000000000e+05 5.000000000000000104e-04
2.072600000000000000e+05 5.000000000000000104e-04
2.073200000000000000e+05 4.000000000000000192e-04
2.073700000000000000e+05 4.000000000000000192e-04
2.074300000000000000e+05 4.000000000000000192e-04
2.074900000000000000e+05 4.000000000000000192e-04
2.075500000000000000e+05 2.999999999999999737e-04
2.076100000000000000e+05 2.999999999999999737e-04
2.076600000000000000e+05 2.999999999999999737e-04
2.077200000000000000e+05 2.999999999999999737e-04
2.077800000000000000e+05 2.000000000000000096e-04
2.078400000000000000e+05 2.000000000000000096e-04
2.079000000000000000e+05 2.000000000000000096e-04
2.079500000000000000e+05 2.000000000000000096e-04
2.080100000000000000e+05 2.000000000000000096e-04
2.080700000000000000e+05 1.000000000000000048e-04
2.081300000000000000e+05 1.000000000000000048e-04
2.081900000000000000e+05 1.000000000000000048e-04
2.082400000000000000e+05 1.000000000000000048e-04
2.083000000000000000e+05 1.000000000000000048e-04
2.083600000000000000e+05 1.000000000000000048e-04
2.084200000000000000e+05 1.000000000000000048e-04
2.084800000000000000e+05 1.000000000000000048e-04
2.085300000000000000e+05 1.000000000000000048e-04
2.085900000000000000e+05 1.000000000000000048e-04
2.086500000000000000e+05 1.000000000000000048e-04
2.087100000000000000e+05 1.000000000000000048e-04
2.087700000000000000e+05 1.000000000000000048e-04
2.088200000000000000e+05 1.000000000000000048e-04
2.088800000000000000e+05 1.000000000000000048e-04
2.089400000000000000e+05 1.000000000000000048e-04
2.090000000000000000e+05 1.000000000000000048e-04
2.090600000000000000e+05 1.000000000000000048e-04
2.091100000000000000e+05 1.000000000000000048e-04
2.091700000000000000e+05 1.000000000000000048e-04
2.092300000000000000e+05 1.000000000000000048e-04
2.092900000000000000e+05 1.000000000000000048e-04
2.093500000000000000e+05 1.000000000000000048e-04
2.094000000000000000e+05 1.000000000000000048e-04
2.094600000000000000e+05 1.000000000000000048e-04
2.095200000000000000e+05 1.000000000000000048e-04
2.095800000000000000e+05 1.000000000000000048e-04
2.096400000000000000e+05 1.000000000000000048e-04
2.096900000000000000e+05 1.000000000000000048e-04
2.097500000000000000e+05 1.000000000000000048e-04
2.098100000000000000e+05 1.000000000000000048e-04
2.098700000000000000e+05 1.000000000000000048e-04
2.099300000000000000e+05 1.000000000000000048e-04
2.099800000000000000e+05 1.000000000000000048e-04
2.100400000000000000e+05 1.000000000000000048e-04
2.101000000000000000e+05 1.000000000000000048e-04
2.101600000000000000e+05 1.000000000000000048e-04
2.102200000000000000e+05 1.000000000000000048e-04
2.102700000000000000e+05 1.000000000000000048e-04
