# F2100W
1.714700000000000000e+05 1.000000000000000048e-04
1.715300000000000000e+05 1.000000000000000048e-04
1.715900000000000000e+05 1.000000000000000048e-04
1.716500000000000000e+05 1.000000000000000048e-04
1.717000000000000000e+05 1.000000000000000048e-04
1.717600000000000000e+05 1.000000000000000048e-04
1.718200000000000000e+05 1.000000000000000048e-04
1.718800000000000000e+05 1.000000000000000048e-04
1.719400000000000000e+05 2.000000000000000096e-04
1.719900000000000000e+05 2.000000000000000096e-04
1.720500000000000000e+05 2.000000000000000096e-04
1.721100000000000000e+05 2.000000000000000096e-04
1.721700000000000000e+05 2.000000000000000096e-04
1.722300000000000000e+05 2.000000000000000096e-04
1.722800000000000000e+05 2.000000000000000096e-04
1.723400000000000000e+05 2.999999999999999737e-04
1.724000000000000000e+05 2.999999999999999737e-04
1.724600000000000000e+05 2.999999999999999737e-04
1.725200000000000000e+05 2.999999999999999737e-04
1.725700000000000000e+05 2.999999999999999737e-04
1.726300000000000000e+05 2.999999999999999737e-04
1.726900000000000000e+05 2.999999999999999737e-04
1.727500000000000000e+05 2.999999999999999737e-04
1.728100000000000000e+05 4.000000000000000192e-04
1.728600000000000000e+05 4.000000000000000192e-04
1.729200000000000000e+05 4.000000000000000192e-04
1.729800000000000000e+05 4.000000000000000192e-04
1.730400000000000000e+05 4.000000000000000192e-04
1.731000000000000000e+05 2.999999999999999737e-04
1.731500000000000000e+05 2.999999999999999737e-04
1.732100000000000000e+05 2.999999999999999737e-04
1.732700000000000000e+05 2.999999999999999737e-04
1.733300000000000000e+05 2.999999999999999737e-04
1.733900000000000000e+05 2.999999999999999737e-04
1.734400000000000000e+05 2.999999999999999737e-04
1.735000000000000000e+05 2.999999999999999737e-04
1.735600000000000000e+05 2.999999999999999737e-04
1.736200000000000000e+05 2.999999999999999737e-04
1.736800000000000000e+05 2.999999999999999737e-04
1.737300000000000000e+05 2.999999999999999737e-04
1.737900000000000000e+05 2.999999999999999737e-04
1.738500000000000000e+05 2.999999999999999737e-04
1.739100000000000000e+05 2.999999999999999737e-04
1.739700000000000000e+05 2.000000000000000096e-04
1.740200000000000000e+05 2.000000000000000096e-04
1.740800000000000000e+05 2.000000000000000096e-04
1.741400000000000000e+05 2.000000000000000096e-04
1.742000000000000000e+05 2.000000000000000096e-04
1.742600000000000000e+05 2.000000000000000096e-04
1.743100000000000000e+05 2.000000000000000096e-04
1.743700000000000000e+05 2.000000000000000096e-04
1.744300000000000000e+05 2.000000000000000096e-04
1.744900000000000000e+05 2.000000000000000096e-04
1.745500000000000000e+05 2.000000000000000096e-04
1.746000000000000000e+05 2.000000000000000096e-04
1.746600000000000000e+05 2.999999999999999737e-04
1.747200000000000000e+05 2.999999999999999737e-04
1.747800000000000000e+05 2.999999999999999737e-04
1.748400000000000000e+05 2.999999999999999737e-04
1.748900000000000000e+05 2.999999999999999737e-04
1.749500000000000000e+05 2.999999999999999737e-04
1.750100000000000000e+05 2.999999999999999737e-04
1.750700000000000000e+05 2.999999999999999737e-04
1.751300000000000000e+05 2.999999999999999737e-04
1.751800000000000000e+05 4.000000000000000192e-04
1.752400000000000000e+05 4.000000000000000192e-04
1.753000000000000000e+05 4.000000000000000192e-04
1.753600000000000000e+05 4.000000000000000192e-04
1.754200000000000000e+05 5.000000000000000104e-04
1.754700000000000000e+05 5.000000000000000104e-04
1.755300000000000000e+05 5.000000000000000104e-04
1.755900000000000000e+05 5.999999999999999474e-04
1.756500000000000000e+05 5.999999999999999474e-04
1.757100000000000000e+05 6.999999999999999929e-04
1.757600000000000000e+05 6.999999999999999929e-04
1.758200000000000000e+05 8.000000000000000383e-04
1.758800000000000000e+05 8.000000000000000383e-04
1.759400000000000000e+05 8.000000000000000383e-04
1.760000000000000000e+05 8.999999999999999754e-04
1.760500000000000000e+05 8.999999999999999754e-04
1.761100000000000000e+05 1.000000000000000021e-03
1.761700000000000000e+05 1.000000000000000021e-03
1.762300000000000000e+05 1.100000000000000066e-03
1.762900000000000000e+05 1.100000000000000066e-03
1.763400000000000000e+05 1.199999999999999895e-03
1.764000000000000000e+05 1.199999999999999895e-03
1.764600000000000000e+05 1.199999999999999895e-03
1.765200000000000000e+05 1.299999999999999940e-03
1.765800000000000000e+05 1.299999999999999940e-03
1.766300000000000000e+05 1.299999999999999940e-03
1.766900000000000000e+05 1.399999999999999986e-03
1.767500000000000000e+05 1.399999999999999986e-03
1.768100000000000000e+05 1.399999999999999986e-03
1.768700000000000000e+05 1.399999999999999986e-03
1.769200000000000000e+05 1.399999999999999986e-03
1.769800000000000000e+05 1.500000000000000031e-03
1.770400000000000000e+05 1.500000000000000031e-03
1.771000000000000000e+05 1.500000000000000031e-03
1.771600000000000000e+05 1.500000000000000031e-03
1.772100000000000000e+05 1.500000000000000031e-03
1.772700000000000000e+05 1.600000000000000077e-03
1.773300000000000000e+05 1.600000000000000077e-03
1.773900000000000000e+05 1.600000000000000077e-03
1.774500000000000000e+05 1.600000000000000077e-03
1.775000000000000000e+05 1.699999999999999905e-03
1.775600000000000000e+05 1.699999999999999905e-03
1.776200000000000000e+05 1.699999999999999905e-03
1.776800000000000000e+05 1.699999999999999905e-03
1.777400000000000000e+05 1.799999999999999951e-03
1.777900000000000000e+05 1.799999999999999951e-03
1.778500000000000000e+05 1.899999999999999996e-03
1.779100000000000000e+05 1.899999999999999996e-03
1.779700000000000000e+05 2.000000000000000042e-03
1.780300000000000000e+05 2.000000000000000042e-03
1.780800000000000000e+05 2.099999999999999870e-03
1.781400000000000000e+05 2.200000000000000133e-03
1.782000000000000000e+05 2.200000000000000133e-03
1.782600000000000000e+05 2.299999999999999961e-03
1.783200000000000000e+05 2.399999999999999790e-03
1.783700000000000000e+05 2.500000000000000052e-03
1.784300000000000000e+05 2.500000000000000052e-03
1.784900000000000000e+05 2.599999999999999881e-03
1.785500000000000000e+05 2.700000000000000143e-03
1.786100000000000000e+05 2.799999999999999972e-03
1.786600000000000000e+05 3.000000000000000062e-03
1.787200000000000000e+05 3.099999999999999891e-03
1.787800000000000000e+05 3.200000000000000153e-03
1.788400000000000000e+05 3.299999999999999982e-03
1.789000000000000000e+05 3.399999999999999811e-03
1.789500000000000000e+05 3.599999999999999901e-03
1.790100000000000000e+05 3.700000000000000164e-03
1.790700000000000000e+05 3.799999999999999992e-03
1.791300000000000000e+05 4.000000000000000083e-03
1.791900000000000000e+05 4.100000000000000346e-03
1.792400000000000000e+05 4.300000000000000003e-03
1.793000000000000000e+05 4.400000000000000265e-03
1.793600000000000000e+05 4.599999999999999922e-03
1.794200000000000000e+05 4.700000000000000185e-03
1.794800000000000000e+05 4.899999999999999842e-03
1.795300000000000000e+05 5.100000000000000366e-03
1.795900000000000000e+05 5.199999999999999761e-03
1.796500000000000000e+05 5.400000000000000286e-03
1.797100000000000000e+05 5.599999999999999943e-03
1.797700000000000000e+05 5.799999999999999600e-03
1.798200000000000000e+05 6.000000000000000125e-03
1.798800000000000000e+05 6.199999999999999782e-03
1.799400000000000000e+05 6.400000000000000307e-03
1.800000000000000000e+05 6.700000000000000226e-03
1.800600000000000000e+05 6.899999999999999883e-03
1.801100000000000000e+05 7.199999999999999803e-03
1.801700000000000000e+05 7.400000000000000328e-03
1.802300000000000000e+05 7.700000000000000247e-03
1.802900000000000000e+05 8.000000000000000167e-03
1.803500000000000000e+05 8.300000000000000086e-03
1.804000000000000000e+05 8.600000000000000006e-03
1.804600000000000000e+05 8.899999999999999925e-03
1.805200000000000000e+05 9.199999999999999845e-03
1.805800000000000000e+05 9.599999999999999159e-03
1.806400000000000000e+05 9.900000000000000813e-03
1.806900000000000000e+05 1.030000000000000013e-02
1.807500000000000000e+05 1.069999999999999944e-02
1.808100000000000000e+05 1.110000000000000049e-02
1.808700000000000000e+05 1.159999999999999920e-02
1.809300000000000000e+05 1.209999999999999964e-02
1.809800000000000000e+05 1.260000000000000009e-02
1.810400000000000000e+05 1.310000000000000053e-02
1.811000000000000000e+05 1.359999999999999924e-02
1.811600000000000000e+05 1.420000000000000082e-02
1.812200000000000000e+05 1.480000000000000066e-02
1.812700000000000000e+05 1.540000000000000049e-02
1.813300000000000000e+05 1.609999999999999973e-02
1.813900000000000000e+05 1.669999999999999957e-02
1.814500000000000000e+05 1.750000000000000167e-02
1.815100000000000000e+05 1.820000000000000090e-02
1.815600000000000000e+05 1.899999999999999953e-02
1.816200000000000000e+05 1.980000000000000163e-02
1.816800000000000000e+05 2.069999999999999965e-02
1.817400000000000000e+05 2.160000000000000114e-02
1.818000000000000000e+05 2.239999999999999977e-02
1.818500000000000000e+05 2.350000000000000006e-02
1.819100000000000000e+05 2.450000000000000094e-02
1.819700000000000000e+05 2.549999999999999836e-02
1.820300000000000000e+05 2.659999999999999865e-02
1.820900000000000000e+05 2.779999999999999832e-02
1.821400000000000000e+05 2.900000000000000147e-02
1.822000000000000000e+05 3.020000000000000115e-02
1.822600000000000000e+05 3.160000000000000309e-02
1.823200000000000000e+05 3.289999999999999869e-02
1.823800000000000000e+05 3.429999999999999716e-02
1.824300000000000000e+05 3.579999999999999849e-02
1.824900000000000000e+05 3.729999999999999982e-02
1.825500000000000000e+05 3.889999999999999708e-02
1.826100000000000000e+05 4.050000000000000128e-02
1.826700000000000000e+05 4.229999999999999732e-02
1.827200000000000000e+05 4.399999999999999745e-02
1.827800000000000000e+05 4.580000000000000043e-02
1.828400000000000000e+05 4.780000000000000221e-02
1.829000000000000000e+05 4.979999999999999705e-02
1.829600000000000000e+05 5.179999999999999882e-02
1.830100000000000000e+05 5.390000000000000346e-02
1.830700000000000000e+05 5.609999999999999709e-02
1.831300000000000000e+05 5.840000000000000052e-02
1.831900000000000000e+05 6.069999999999999701e-02
1.832500000000000000e+05 6.320000000000000617e-02
1.833000000000000000e+05 6.579999999999999738e-02
1.833600000000000000e+05 6.840000000000000246e-02
1.834200000000000000e+05 7.099999999999999367e-02
1.834800000000000000e+05 7.389999999999999347e-02
1.835400000000000000e+05 7.679999999999999327e-02
1.835900000000000000e+05 7.969999999999999307e-02
1.836500000000000000e+05 8.279999999999999860e-02
1.837100000000000000e+05 8.599999999999999312e-02
1.837700000000000000e+05 8.930000000000000437e-02
1.838300000000000000e+05 9.260000000000000175e-02
1.838800000000000000e+05 9.610000000000000486e-02
1.839400000000000000e+05 9.959999999999999409e-02
1.840000000000000000e+05 1.030999999999999972e-01
1.840600000000000000e+05 1.069999999999999979e-01
1.841200000000000000e+05 1.107999999999999957e-01
1.841700000000000000e+05 1.145999999999999935e-01
1.842300000000000000e+05 1.185999999999999971e-01
1.842900000000000000e+05 1.226000000000000006e-01
1.843500000000000000e+05 1.267000000000000071e-01
1.844100000000000000e+05 1.307999999999999996e-01
1.844600000000000000e+05 1.350999999999999979e-01
1.845200000000000000e+05 1.393999999999999961e-01
1.845800000000000000e+05 1.436999999999999944e-01
1.846400000000000000e+05 1.481000000000000094e-01
1.847000000000000000e+05 1.524999999999999967e-01
1.847500000000000000e+05 1.570000000000000007e-01
1.848100000000000000e+05 1.613999999999999879e-01
1.848700000000000000e+05 1.660000000000000087e-01
1.849300000000000000e+05 1.705000000000000127e-01
1.849900000000000000e+05 1.749999999999999889e-01
1.850400000000000000e+05 1.794999999999999929e-01
1.851000000000000000e+05 1.839999999999999969e-01
1.851600000000000000e+05 1.884000000000000119e-01
1.852200000000000000e+05 1.927999999999999992e-01
1.852800000000000000e+05 1.971999999999999864e-01
1.853300000000000000e+05 2.015000000000000124e-01
1.853900000000000000e+05 2.058000000000000107e-01
1.854500000000000000e+05 2.101000000000000090e-01
1.855100000000000000e+05 2.142999999999999905e-01
1.855700000000000000e+05 2.184999999999999998e-01
1.856200000000000000e+05 2.227000000000000091e-01
1.856800000000000000e+05 2.267000000000000126e-01
1.857400000000000000e+05 2.305999999999999994e-01
1.858000000000000000e+05 2.346000000000000030e-01
1.858600000000000000e+05 2.383000000000000118e-01
1.859100000000000000e+05 2.419999999999999929e-01
1.859700000000000000e+05 2.457999999999999907e-01
1.860300000000000000e+05 2.492999999999999938e-01
1.860900000000000000e+05 2.525999999999999912e-01
1.861500000000000000e+05 2.560000000000000053e-01
1.862000000000000000e+05 2.592999999999999750e-01
1.862600000000000000e+05 2.622999999999999776e-01
1.863200000000000000e+05 2.652999999999999803e-01
1.863800000000000000e+05 2.682999999999999829e-01
1.864400000000000000e+05 2.711000000000000076e-01
1.864900000000000000e+05 2.736999999999999988e-01
1.865500000000000000e+05 2.762999999999999901e-01
1.866100000000000000e+05 2.788999999999999813e-01
1.866700000000000000e+05 2.811000000000000165e-01
1.867300000000000000e+05 2.832999999999999963e-01
1.867800000000000000e+05 2.856000000000000205e-01
1.868400000000000000e+05 2.876000000000000223e-01
1.869000000000000000e+05 2.893999999999999906e-01
1.869600000000000000e+05 2.913000000000000034e-01
1.870200000000000000e+05 2.931000000000000272e-01
1.870700000000000000e+05 2.945999999999999730e-01
1.871300000000000000e+05 2.960999999999999743e-01
1.871900000000000000e+05 2.977000000000000202e-01
1.872500000000000000e+05 2.989999999999999880e-01
1.873100000000000000e+05 3.002000000000000224e-01
1.873600000000000000e+05 3.014000000000000012e-01
1.874200000000000000e+05 3.024999999999999911e-01
1.874800000000000000e+05 3.034000000000000030e-01
1.875400000000000000e+05 3.043000000000000149e-01
1.876000000000000000e+05 3.053000000000000158e-01
1.876500000000000000e+05 3.059000000000000052e-01
1.877100000000000000e+05 3.065999999999999837e-01
1.877700000000000000e+05 3.073000000000000176e-01
1.878300000000000000e+05 3.078000000000000180e-01
1.878900000000000000e+05 3.081999999999999740e-01
1.879400000000000000e+05 3.085999999999999854e-01
1.880000000000000000e+05 3.089999999999999969e-01
1.880600000000000000e+05 3.093000000000000194e-01
1.881200000000000000e+05 3.094999999999999973e-01
1.881800000000000000e+05 3.096999999999999753e-01
1.882300000000000000e+05 3.098000000000000198e-01
1.882900000000000000e+05 3.099000000000000088e-01
1.883500000000000000e+05 3.099000000000000088e-01
1.884100000000000000e+05 3.099000000000000088e-01
1.884700000000000000e+05 3.099000000000000088e-01
1.885200000000000000e+05 3.098000000000000198e-01
1.885800000000000000e+05 3.098000000000000198e-01
1.886400000000000000e+05 3.095999999999999863e-01
1.887000000000000000e+05 3.094999999999999973e-01
1.887600000000000000e+05 3.093000000000000194e-01
1.888100000000000000e+05 3.091999999999999749e-01
1.888700000000000000e+05 3.089999999999999969e-01
1.889300000000000000e+05 3.089000000000000079e-01
1.889900000000000000e+05 3.086999999999999744e-01
1.890500000000000000e+05 3.085999999999999854e-01
1.891000000000000000e+05 3.084000000000000075e-01
1.891600000000000000e+05 3.081999999999999740e-01
1.892200000000000000e+05 3.080999999999999850e-01
1.892800000000000000e+05 3.079000000000000070e-01
1.893400000000000000e+05 3.078000000000000180e-01
1.893900000000000000e+05 3.075999999999999845e-01
1.894500000000000000e+05 3.074999999999999956e-01
1.895100000000000000e+05 3.074000000000000066e-01
1.895700000000000000e+05 3.073000000000000176e-01
1.896300000000000000e+05 3.071999999999999731e-01
1.896800000000000000e+05 3.070999999999999841e-01
1.897400000000000000e+05 3.069999999999999951e-01
1.898000000000000000e+05 3.068000000000000171e-01
1.898600000000000000e+05 3.066999999999999726e-01
1.899200000000000000e+05 3.065999999999999837e-01
1.899700000000000000e+05 3.064999999999999947e-01
1.900300000000000000e+05 3.064999999999999947e-01
1.900900000000000000e+05 3.064999999999999947e-01
1.901500000000000000e+05 3.064999999999999947e-01
1.902100000000000000e+05 3.064999999999999947e-01
1.902600000000000000e+05 3.064999999999999947e-01
1.903200000000000000e+05 3.064999999999999947e-01
1.903800000000000000e+05 3.064999999999999947e-01
1.904400000000000000e+05 3.064000000000000057e-01
1.905000000000000000e+05 3.063000000000000167e-01
1.905500000000000000e+05 3.063000000000000167e-01
1.906100000000000000e+05 3.062000000000000277e-01
1.906700000000000000e+05 3.059999999999999942e-01
1.907300000000000000e+05 3.059000000000000052e-01
1.907900000000000000e+05 3.058000000000000163e-01
1.908400000000000000e+05 3.055999999999999828e-01
1.909000000000000000e+05 3.054000000000000048e-01
1.909600000000000000e+05 3.052000000000000268e-01
1.910200000000000000e+05 3.049999999999999933e-01
1.910800000000000000e+05 3.047000000000000264e-01
1.911300000000000000e+05 3.044999999999999929e-01
1.911900000000000000e+05 3.043000000000000149e-01
1.912500000000000000e+05 3.039999999999999925e-01
1.913100000000000000e+05 3.037000000000000255e-01
1.913700000000000000e+05 3.034999999999999920e-01
1.914200000000000000e+05 3.032000000000000250e-01
1.914800000000000000e+05 3.029000000000000026e-01
1.915400000000000000e+05 3.027000000000000246e-01
1.916000000000000000e+05 3.024000000000000021e-01
1.916600000000000000e+05 3.020999999999999797e-01
1.917100000000000000e+05 3.018000000000000127e-01
1.917700000000000000e+05 3.015999999999999792e-01
1.918300000000000000e+05 3.013000000000000123e-01
1.918900000000000000e+05 3.010999999999999788e-01
1.919500000000000000e+05 3.008000000000000118e-01
1.920000000000000000e+05 3.005999999999999783e-01
1.920600000000000000e+05 3.004000000000000004e-01
1.921200000000000000e+05 3.002000000000000224e-01
1.921800000000000000e+05 2.999999999999999889e-01
1.922400000000000000e+05 2.998000000000000109e-01
1.922900000000000000e+05 2.995999999999999774e-01
1.923500000000000000e+05 2.994999999999999885e-01
1.924100000000000000e+05 2.993000000000000105e-01
1.924700000000000000e+05 2.992000000000000215e-01
1.925300000000000000e+05 2.989999999999999880e-01
1.925800000000000000e+05 2.988999999999999990e-01
1.926400000000000000e+05 2.988000000000000100e-01
1.927000000000000000e+05 2.987000000000000210e-01
1.927600000000000000e+05 2.985999999999999766e-01
1.928200000000000000e+05 2.984999999999999876e-01
1.928700000000000000e+05 2.983999999999999986e-01
1.929300000000000000e+05 2.983000000000000096e-01
1.929900000000000000e+05 2.983000000000000096e-01
1.930500000000000000e+05 2.982000000000000206e-01
1.931100000000000000e+05 2.980999999999999761e-01
1.931600000000000000e+05 2.979999999999999871e-01
1.932200000000000000e+05 2.978999999999999981e-01
1.932800000000000000e+05 2.978000000000000091e-01
1.933400000000000000e+05 2.978000000000000091e-01
1.934000000000000000e+05 2.977000000000000202e-01
1.934500000000000000e+05 2.974999999999999867e-01
1.935100000000000000e+05 2.973999999999999977e-01
1.935700000000000000e+05 2.973000000000000087e-01
1.936300000000000000e+05 2.972000000000000197e-01
1.936900000000000000e+05 2.970999999999999752e-01
1.937400000000000000e+05 2.968999999999999972e-01
1.938000000000000000e+05 2.968000000000000083e-01
1.938600000000000000e+05 2.965999999999999748e-01
1.939200000000000000e+05 2.963999999999999968e-01
1.939800000000000000e+05 2.962000000000000188e-01
1.940300000000000000e+05 2.959999999999999853e-01
1.940900000000000000e+05 2.958000000000000074e-01
1.941500000000000000e+05 2.955999999999999739e-01
1.942100000000000000e+05 2.953999999999999959e-01
1.942700000000000000e+05 2.952000000000000179e-01
1.943200000000000000e+05 2.948999999999999955e-01
1.943800000000000000e+05 2.947000000000000175e-01
1.944400000000000000e+05 2.944999999999999840e-01
1.945000000000000000e+05 2.942000000000000171e-01
1.945600000000000000e+05 2.939999999999999836e-01
1.946100000000000000e+05 2.937000000000000166e-01
1.946700000000000000e+05 2.933999999999999941e-01
1.947300000000000000e+05 2.932000000000000162e-01
1.947900000000000000e+05 2.928999999999999937e-01
1.948500000000000000e+05 2.927000000000000157e-01
1.949000000000000000e+05 2.923999999999999932e-01
1.949600000000000000e+05 2.922000000000000153e-01
1.950200000000000000e+05 2.919999999999999818e-01
1.950800000000000000e+05 2.918999999999999928e-01
1.951400000000000000e+05 2.918000000000000038e-01
1.951900000000000000e+05 2.917000000000000148e-01
1.952500000000000000e+05 2.916000000000000258e-01
1.953100000000000000e+05 2.914999999999999813e-01
1.953700000000000000e+05 2.913999999999999924e-01
1.954300000000000000e+05 2.913000000000000034e-01
1.954800000000000000e+05 2.913000000000000034e-01
1.955400000000000000e+05 2.912000000000000144e-01
1.956000000000000000e+05 2.911000000000000254e-01
1.956600000000000000e+05 2.911000000000000254e-01
1.957200000000000000e+05 2.909999999999999809e-01
1.957700000000000000e+05 2.909999999999999809e-01
1.958300000000000000e+05 2.908999999999999919e-01
1.958900000000000000e+05 2.908999999999999919e-01
1.959500000000000000e+05 2.908000000000000029e-01
1.960100000000000000e+05 2.908000000000000029e-01
1.960600000000000000e+05 2.908000000000000029e-01
1.961200000000000000e+05 2.908000000000000029e-01
1.961800000000000000e+05 2.908000000000000029e-01
1.962400000000000000e+05 2.908000000000000029e-01
1.963000000000000000e+05 2.908000000000000029e-01
1.963500000000000000e+05 2.908000000000000029e-01
1.964100000000000000e+05 2.908000000000000029e-01
1.964700000000000000e+05 2.908000000000000029e-01
1.965300000000000000e+05 2.908999999999999919e-01
1.965900000000000000e+05 2.908999999999999919e-01
1.966400000000000000e+05 2.908999999999999919e-01
1.967000000000000000e+05 2.909999999999999809e-01
1.967600000000000000e+05 2.909999999999999809e-01
1.968200000000000000e+05 2.909999999999999809e-01
1.968800000000000000e+05 2.911000000000000254e-01
1.969300000000000000e+05 2.911000000000000254e-01
1.969900000000000000e+05 2.912000000000000144e-01
1.970500000000000000e+05 2.912000000000000144e-01
1.971100000000000000e+05 2.913000000000000034e-01
1.971700000000000000e+05 2.913000000000000034e-01
1.972200000000000000e+05 2.913999999999999924e-01
1.972800000000000000e+05 2.914999999999999813e-01
1.973400000000000000e+05 2.914999999999999813e-01
1.974000000000000000e+05 2.916000000000000258e-01
1.974600000000000000e+05 2.917000000000000148e-01
1.975100000000000000e+05 2.917000000000000148e-01
1.975700000000000000e+05 2.918000000000000038e-01
1.976300000000000000e+05 2.918999999999999928e-01
1.976900000000000000e+05 2.919999999999999818e-01
1.977500000000000000e+05 2.921000000000000263e-01
1.978000000000000000e+05 2.923000000000000043e-01
1.978600000000000000e+05 2.923999999999999932e-01
1.979200000000000000e+05 2.926000000000000267e-01
1.979800000000000000e+05 2.927000000000000157e-01
1.980400000000000000e+05 2.928999999999999937e-01
1.980900000000000000e+05 2.931000000000000272e-01
1.981500000000000000e+05 2.933000000000000052e-01
1.982100000000000000e+05 2.936000000000000276e-01
1.982700000000000000e+05 2.938000000000000056e-01
1.983300000000000000e+05 2.940999999999999726e-01
1.983800000000000000e+05 2.943000000000000060e-01
1.984400000000000000e+05 2.945999999999999730e-01
1.985000000000000000e+05 2.948999999999999955e-01
1.985600000000000000e+05 2.952000000000000179e-01
1.986200000000000000e+05 2.954999999999999849e-01
1.986700000000000000e+05 2.958999999999999964e-01
1.987300000000000000e+05 2.962000000000000188e-01
1.987900000000000000e+05 2.964999999999999858e-01
1.988500000000000000e+05 2.968999999999999972e-01
1.989100000000000000e+05 2.973000000000000087e-01
1.989600000000000000e+05 2.975999999999999757e-01
1.990200000000000000e+05 2.979999999999999871e-01
1.990800000000000000e+05 2.983000000000000096e-01
1.991400000000000000e+05 2.987000000000000210e-01
1.992000000000000000e+05 2.989999999999999880e-01
1.992500000000000000e+05 2.993999999999999995e-01
1.993100000000000000e+05 2.997000000000000219e-01
1.993700000000000000e+05 2.999999999999999889e-01
1.994300000000000000e+05 3.004000000000000004e-01
1.994900000000000000e+05 3.007000000000000228e-01
1.995400000000000000e+05 3.009999999999999898e-01
1.996000000000000000e+05 3.013000000000000123e-01
1.996600000000000000e+05 3.015999999999999792e-01
1.997200000000000000e+05 3.019000000000000017e-01
1.997800000000000000e+05 3.022000000000000242e-01
1.998300000000000000e+05 3.024000000000000021e-01
1.998900000000000000e+05 3.027000000000000246e-01
1.999500000000000000e+05 3.029999999999999916e-01
2.000100000000000000e+05 3.032000000000000250e-01
2.000700000000000000e+05 3.034999999999999920e-01
2.001200000000000000e+05 3.037000000000000255e-01
2.001800000000000000e+05 3.039999999999999925e-01
2.002400000000000000e+05 3.042000000000000259e-01
2.003000000000000000e+05 3.044000000000000039e-01
2.003600000000000000e+05 3.045999999999999819e-01
2.004100000000000000e+05 3.049000000000000044e-01
2.004700000000000000e+05 3.050999999999999823e-01
2.005300000000000000e+05 3.053000000000000158e-01
2.005900000000000000e+05 3.054999999999999938e-01
2.006500000000000000e+05 3.057000000000000273e-01
2.007000000000000000e+05 3.059000000000000052e-01
2.007600000000000000e+05 3.060999999999999832e-01
2.008200000000000000e+05 3.063000000000000167e-01
2.008800000000000000e+05 3.064999999999999947e-01
2.009400000000000000e+05 3.066999999999999726e-01
2.009900000000000000e+05 3.069000000000000061e-01
2.010500000000000000e+05 3.070999999999999841e-01
2.011100000000000000e+05 3.073000000000000176e-01
2.011700000000000000e+05 3.074999999999999956e-01
2.012300000000000000e+05 3.075999999999999845e-01
2.012800000000000000e+05 3.078000000000000180e-01
2.013400000000000000e+05 3.079999999999999960e-01
2.014000000000000000e+05 3.080999999999999850e-01
2.014600000000000000e+05 3.083000000000000185e-01
2.015200000000000000e+05 3.084999999999999964e-01
2.015700000000000000e+05 3.085999999999999854e-01
2.016300000000000000e+05 3.088000000000000189e-01
2.016900000000000000e+05 3.089000000000000079e-01
2.017500000000000000e+05 3.090999999999999859e-01
2.018100000000000000e+05 3.091999999999999749e-01
2.018600000000000000e+05 3.094000000000000083e-01
2.019200000000000000e+05 3.094999999999999973e-01
2.019800000000000000e+05 3.096999999999999753e-01
2.020400000000000000e+05 3.099000000000000088e-01
2.021000000000000000e+05 3.099999999999999978e-01
2.021500000000000000e+05 3.101999999999999758e-01
2.022100000000000000e+05 3.104000000000000092e-01
2.022700000000000000e+05 3.104999999999999982e-01
2.023300000000000000e+05 3.106999999999999762e-01
2.023900000000000000e+05 3.109000000000000097e-01
2.024400000000000000e+05 3.110999999999999877e-01
2.025000000000000000e+05 3.113000000000000211e-01
2.025600000000000000e+05 3.114999999999999991e-01
2.026200000000000000e+05 3.116999999999999771e-01
2.026800000000000000e+05 3.119000000000000106e-01
2.027300000000000000e+05 3.120999999999999885e-01
2.027900000000000000e+05 3.123000000000000220e-01
2.028500000000000000e+05 3.125000000000000000e-01
2.029100000000000000e+05 3.126999999999999780e-01
2.029700000000000000e+05 3.129000000000000115e-01
2.030200000000000000e+05 3.130999999999999894e-01
2.030800000000000000e+05 3.133000000000000229e-01
2.031400000000000000e+05 3.135000000000000009e-01
2.032000000000000000e+05 3.136999999999999789e-01
2.032600000000000000e+05 3.139000000000000123e-01
2.033100000000000000e+05 3.140999999999999903e-01
2.033700000000000000e+05 3.141999999999999793e-01
2.034300000000000000e+05 3.144000000000000128e-01
2.034900000000000000e+05 3.145999999999999908e-01
2.035500000000000000e+05 3.148000000000000242e-01
2.036000000000000000e+05 3.149000000000000132e-01
2.036600000000000000e+05 3.150999999999999912e-01
2.037200000000000000e+05 3.151999999999999802e-01
2.037800000000000000e+05 3.153000000000000247e-01
2.038400000000000000e+05 3.155000000000000027e-01
2.038900000000000000e+05 3.155999999999999917e-01
2.039500000000000000e+05 3.156999999999999806e-01
2.040100000000000000e+05 3.158000000000000251e-01
2.040700000000000000e+05 3.159000000000000141e-01
2.041300000000000000e+05 3.159000000000000141e-01
2.041800000000000000e+05 3.160000000000000031e-01
2.042400000000000000e+05 3.160999999999999921e-01
2.043000000000000000e+05 3.160999999999999921e-01
2.043600000000000000e+05 3.161999999999999811e-01
2.044200000000000000e+05 3.161999999999999811e-01
2.044700000000000000e+05 3.163000000000000256e-01
2.045300000000000000e+05 3.163000000000000256e-01
2.045900000000000000e+05 3.164000000000000146e-01
2.046500000000000000e+05 3.164000000000000146e-01
2.047100000000000000e+05 3.164000000000000146e-01
2.047600000000000000e+05 3.164000000000000146e-01
2.048200000000000000e+05 3.164000000000000146e-01
2.048800000000000000e+05 3.165000000000000036e-01
2.049400000000000000e+05 3.165000000000000036e-01
2.050000000000000000e+05 3.165000000000000036e-01
2.050500000000000000e+05 3.161999999999999811e-01
2.051100000000000000e+05 3.159000000000000141e-01
2.051700000000000000e+05 3.156999999999999806e-01
2.052300000000000000e+05 3.154000000000000137e-01
2.052900000000000000e+05 3.150999999999999912e-01
2.053400000000000000e+05 3.149000000000000132e-01
2.054000000000000000e+05 3.145999999999999908e-01
2.054600000000000000e+05 3.143000000000000238e-01
2.055200000000000000e+05 3.140999999999999903e-01
2.055800000000000000e+05 3.138000000000000234e-01
2.056300000000000000e+05 3.135000000000000009e-01
2.056900000000000000e+05 3.133000000000000229e-01
2.057500000000000000e+05 3.130000000000000004e-01
2.058100000000000000e+05 3.128000000000000225e-01
2.058700000000000000e+05 3.125000000000000000e-01
2.059200000000000000e+05 3.123000000000000220e-01
2.059800000000000000e+05 3.120999999999999885e-01
2.060400000000000000e+05 3.118000000000000216e-01
2.061000000000000000e+05 3.115999999999999881e-01
2.061600000000000000e+05 3.114000000000000101e-01
2.062100000000000000e+05 3.110999999999999877e-01
2.062700000000000000e+05 3.109000000000000097e-01
2.063300000000000000e+05 3.106999999999999762e-01
2.063900000000000000e+05 3.104999999999999982e-01
2.064500000000000000e+05 3.103000000000000203e-01
2.065000000000000000e+05 3.099999999999999978e-01
2.065600000000000000e+05 3.098000000000000198e-01
2.066200000000000000e+05 3.095999999999999863e-01
2.066800000000000000e+05 3.094000000000000083e-01
2.067400000000000000e+05 3.091999999999999749e-01
2.067900000000000000e+05 3.089000000000000079e-01
2.068500000000000000e+05 3.086999999999999744e-01
2.069100000000000000e+05 3.084999999999999964e-01
2.069700000000000000e+05 3.081999999999999740e-01
2.070300000000000000e+05 3.079999999999999960e-01
2.070800000000000000e+05 3.078000000000000180e-01
2.071400000000000000e+05 3.074999999999999956e-01
2.072000000000000000e+05 3.073000000000000176e-01
2.072600000000000000e+05 3.069999999999999951e-01
2.073200000000000000e+05 3.066999999999999726e-01
2.073700000000000000e+05 3.064999999999999947e-01
2.074300000000000000e+05 3.062000000000000277e-01
2.074900000000000000e+05 3.059000000000000052e-01
2.075500000000000000e+05 3.057000000000000273e-01
2.076100000000000000e+05 3.054000000000000048e-01
2.076600000000000000e+05 3.050999999999999823e-01
2.077200000000000000e+05 3.048000000000000154e-01
2.077800000000000000e+05 3.044999999999999929e-01
2.078400000000000000e+05 3.042000000000000259e-01
2.079000000000000000e+05 3.038000000000000145e-01
2.079500000000000000e+05 3.034999999999999920e-01
2.080100000000000000e+05 3.032000000000000250e-01
2.080700000000000000e+05 3.029000000000000026e-01
2.081300000000000000e+05 3.024999999999999911e-01
2.081900000000000000e+05 3.022000000000000242e-01
2.082400000000000000e+05 3.018000000000000127e-01
2.083000000000000000e+05 3.014999999999999902e-01
2.083600000000000000e+05 3.010999999999999788e-01
2.084200000000000000e+05 3.008000000000000118e-01
2.084800000000000000e+05 3.004000000000000004e-01
2.085300000000000000e+05 2.999999999999999889e-01
2.085900000000000000e+05 2.997000000000000219e-01
2.086500000000000000e+05 2.993000000000000105e-01
2.087100000000000000e+05 2.988999999999999990e-01
2.087700000000000000e+05 2.984999999999999876e-01
2.088200000000000000e+05 2.982000000000000206e-01
2.088800000000000000e+05 2.978000000000000091e-01
2.089400000000000000e+05 2.973999999999999977e-01
2.090000000000000000e+05 2.969999999999999862e-01
2.090600000000000000e+05 2.965999999999999748e-01
2.091100000000000000e+05 2.962000000000000188e-01
2.091700000000000000e+05 2.958000000000000074e-01
2.092300000000000000e+05 2.953000000000000069e-01
2.092900000000000000e+05 2.948999999999999955e-01
2.093500000000000000e+05 2.944999999999999840e-01
2.094000000000000000e+05 2.940999999999999726e-01
2.094600000000000000e+05 2.936000000000000276e-01
2.095200000000000000e+05 2.932000000000000162e-01
2.095800000000000000e+05 2.928000000000000047e-01
2.096400000000000000e+05 2.923999999999999932e-01
2.096900000000000000e+05 2.918999999999999928e-01
2.097500000000000000e+05 2.914999999999999813e-01
2.098100000000000000e+05 2.909999999999999809e-01
2.098700000000000000e+05 2.906000000000000250e-01
2.099300000000000000e+05 2.902000000000000135e-01
2.099800000000000000e+05 2.897000000000000131e-01
2.100400000000000000e+05 2.896000000000000241e-01
2.101000000000000000e+05 2.896000000000000241e-01
2.101600000000000000e+05 2.896000000000000241e-01
2.102200000000000000e+05 2.896000000000000241e-01
2.102700000000000000e+05 2.896000000000000241e-01
2.103300000000000000e+05 2.897000000000000131e-01
2.103900000000000000e+05 2.897000000000000131e-01
2.104500000000000000e+05 2.897000000000000131e-01
2.105100000000000000e+05 2.898000000000000020e-01
2.105600000000000000e+05 2.898999999999999910e-01
2.106200000000000000e+05 2.899999999999999800e-01
2.106800000000000000e+05 2.901000000000000245e-01
2.107400000000000000e+05 2.902000000000000135e-01
2.108000000000000000e+05 2.903999999999999915e-01
2.108500000000000000e+05 2.904999999999999805e-01
2.109100000000000000e+05 2.907000000000000139e-01
2.109700000000000000e+05 2.908999999999999919e-01
2.110300000000000000e+05 2.911000000000000254e-01
2.110900000000000000e+05 2.913000000000000034e-01
2.111400000000000000e+05 2.916000000000000258e-01
2.112000000000000000e+05 2.918000000000000038e-01
2.112600000000000000e+05 2.921000000000000263e-01
2.113200000000000000e+05 2.923000000000000043e-01
2.113800000000000000e+05 2.926000000000000267e-01
2.114300000000000000e+05 2.928999999999999937e-01
2.114900000000000000e+05 2.932000000000000162e-01
2.115500000000000000e+05 2.934999999999999831e-01
2.116100000000000000e+05 2.937000000000000166e-01
2.116700000000000000e+05 2.939999999999999836e-01
2.117200000000000000e+05 2.943000000000000060e-01
2.117800000000000000e+05 2.945999999999999730e-01
2.118400000000000000e+05 2.948999999999999955e-01
2.119000000000000000e+05 2.952000000000000179e-01
2.119600000000000000e+05 2.954999999999999849e-01
2.120100000000000000e+05 2.958000000000000074e-01
2.120700000000000000e+05 2.960999999999999743e-01
2.121300000000000000e+05 2.963999999999999968e-01
2.121900000000000000e+05 2.967000000000000193e-01
2.122500000000000000e+05 2.968999999999999972e-01
2.123000000000000000e+05 2.972000000000000197e-01
2.123600000000000000e+05 2.974999999999999867e-01
2.124200000000000000e+05 2.978000000000000091e-01
2.124800000000000000e+05 2.980999999999999761e-01
2.125400000000000000e+05 2.983000000000000096e-01
2.125900000000000000e+05 2.985999999999999766e-01
2.126500000000000000e+05 2.988999999999999990e-01
2.127100000000000000e+05 2.992000000000000215e-01
2.127700000000000000e+05 2.993999999999999995e-01
2.128300000000000000e+05 2.997000000000000219e-01
2.128800000000000000e+05 2.999999999999999889e-01
2.129400000000000000e+05 3.003000000000000114e-01
2.130000000000000000e+05 3.005999999999999783e-01
2.130600000000000000e+05 3.009000000000000008e-01
2.131200000000000000e+05 3.012000000000000233e-01
2.131700000000000000e+05 3.014999999999999902e-01
2.132300000000000000e+05 3.018000000000000127e-01
2.132900000000000000e+05 3.022000000000000242e-01
2.133500000000000000e+05 3.024999999999999911e-01
2.134100000000000000e+05 3.028000000000000136e-01
2.134600000000000000e+05 3.030999999999999805e-01
2.135200000000000000e+05 3.034999999999999920e-01
2.135800000000000000e+05 3.038000000000000145e-01
2.136400000000000000e+05 3.040999999999999814e-01
2.137000000000000000e+05 3.044000000000000039e-01
2.137500000000000000e+05 3.048000000000000154e-01
2.138100000000000000e+05 3.050999999999999823e-01
2.138700000000000000e+05 3.054000000000000048e-01
2.139300000000000000e+05 3.058000000000000163e-01
2.139900000000000000e+05 3.060999999999999832e-01
2.140400000000000000e+05 3.064000000000000057e-01
2.141000000000000000e+05 3.066999999999999726e-01
2.141600000000000000e+05 3.069999999999999951e-01
2.142200000000000000e+05 3.074000000000000066e-01
2.142800000000000000e+05 3.076999999999999735e-01
2.143300000000000000e+05 3.079999999999999960e-01
2.143900000000000000e+05 3.083000000000000185e-01
2.144500000000000000e+05 3.085999999999999854e-01
2.145100000000000000e+05 3.088000000000000189e-01
2.145700000000000000e+05 3.090999999999999859e-01
2.146200000000000000e+05 3.094000000000000083e-01
2.146800000000000000e+05 3.096999999999999753e-01
2.147400000000000000e+05 3.099999999999999978e-01
2.148000000000000000e+05 3.101999999999999758e-01
2.148600000000000000e+05 3.104999999999999982e-01
2.149100000000000000e+05 3.106999999999999762e-01
2.149700000000000000e+05 3.109999999999999987e-01
2.150300000000000000e+05 3.110999999999999877e-01
2.150900000000000000e+05 3.111999999999999766e-01
2.151500000000000000e+05 3.111999999999999766e-01
2.152000000000000000e+05 3.111999999999999766e-01
2.152600000000000000e+05 3.111999999999999766e-01
2.153200000000000000e+05 3.111999999999999766e-01
2.153800000000000000e+05 3.113000000000000211e-01
2.154400000000000000e+05 3.113000000000000211e-01
2.154900000000000000e+05 3.113000000000000211e-01
2.155500000000000000e+05 3.111999999999999766e-01
2.156100000000000000e+05 3.111999999999999766e-01
2.156700000000000000e+05 3.111999999999999766e-01
2.157300000000000000e+05 3.111999999999999766e-01
2.157800000000000000e+05 3.111999999999999766e-01
2.158400000000000000e+05 3.110999999999999877e-01
2.159000000000000000e+05 3.110999999999999877e-01
2.159600000000000000e+05 3.109999999999999987e-01
2.160200000000000000e+05 3.109000000000000097e-01
2.160700000000000000e+05 3.109000000000000097e-01
2.161300000000000000e+05 3.108000000000000207e-01
2.161900000000000000e+05 3.106999999999999762e-01
2.162500000000000000e+05 3.105999999999999872e-01
2.163100000000000000e+05 3.104999999999999982e-01
2.163600000000000000e+05 3.104000000000000092e-01
2.164200000000000000e+05 3.103000000000000203e-01
2.164800000000000000e+05 3.101999999999999758e-01
2.165400000000000000e+05 3.100999999999999868e-01
2.166000000000000000e+05 3.100999999999999868e-01
2.166500000000000000e+05 3.099000000000000088e-01
2.167100000000000000e+05 3.098000000000000198e-01
2.167700000000000000e+05 3.096999999999999753e-01
2.168300000000000000e+05 3.095999999999999863e-01
2.168900000000000000e+05 3.094999999999999973e-01
2.169400000000000000e+05 3.094999999999999973e-01
2.170000000000000000e+05 3.094000000000000083e-01
2.170600000000000000e+05 3.093000000000000194e-01
2.171200000000000000e+05 3.091999999999999749e-01
2.171800000000000000e+05 3.091999999999999749e-01
2.172300000000000000e+05 3.090999999999999859e-01
2.172900000000000000e+05 3.090999999999999859e-01
2.173500000000000000e+05 3.090999999999999859e-01
2.174100000000000000e+05 3.090999999999999859e-01
2.174700000000000000e+05 3.090999999999999859e-01
2.175200000000000000e+05 3.090999999999999859e-01
2.175800000000000000e+05 3.090999999999999859e-01
2.176400000000000000e+05 3.091999999999999749e-01
2.177000000000000000e+05 3.091999999999999749e-01
2.177600000000000000e+05 3.093000000000000194e-01
2.178100000000000000e+05 3.094000000000000083e-01
2.178700000000000000e+05 3.094999999999999973e-01
2.179300000000000000e+05 3.095999999999999863e-01
2.179900000000000000e+05 3.096999999999999753e-01
2.180500000000000000e+05 3.098000000000000198e-01
2.181000000000000000e+05 3.099000000000000088e-01
2.181600000000000000e+05 3.099999999999999978e-01
2.182200000000000000e+05 3.101999999999999758e-01
2.182800000000000000e+05 3.103000000000000203e-01
2.183400000000000000e+05 3.104000000000000092e-01
2.183900000000000000e+05 3.105999999999999872e-01
2.184500000000000000e+05 3.106999999999999762e-01
2.185100000000000000e+05 3.108000000000000207e-01
2.185700000000000000e+05 3.109000000000000097e-01
2.186300000000000000e+05 3.109999999999999987e-01
2.186800000000000000e+05 3.111999999999999766e-01
2.187400000000000000e+05 3.113000000000000211e-01
2.188000000000000000e+05 3.114000000000000101e-01
2.188600000000000000e+05 3.114000000000000101e-01
2.189200000000000000e+05 3.114999999999999991e-01
2.189700000000000000e+05 3.115999999999999881e-01
2.190300000000000000e+05 3.115999999999999881e-01
2.190900000000000000e+05 3.116999999999999771e-01
2.191500000000000000e+05 3.116999999999999771e-01
2.192100000000000000e+05 3.118000000000000216e-01
2.192600000000000000e+05 3.118000000000000216e-01
2.193200000000000000e+05 3.118000000000000216e-01
2.193800000000000000e+05 3.118000000000000216e-01
2.194400000000000000e+05 3.118000000000000216e-01
2.195000000000000000e+05 3.118000000000000216e-01
2.195500000000000000e+05 3.116999999999999771e-01
2.196100000000000000e+05 3.116999999999999771e-01
2.196700000000000000e+05 3.116999999999999771e-01
2.197300000000000000e+05 3.115999999999999881e-01
2.197900000000000000e+05 3.115999999999999881e-01
2.198400000000000000e+05 3.115999999999999881e-01
2.199000000000000000e+05 3.114999999999999991e-01
2.199600000000000000e+05 3.114999999999999991e-01
2.200200000000000000e+05 3.114000000000000101e-01
2.200800000000000000e+05 3.113000000000000211e-01
2.201300000000000000e+05 3.110999999999999877e-01
2.201900000000000000e+05 3.109999999999999987e-01
2.202500000000000000e+05 3.109000000000000097e-01
2.203100000000000000e+05 3.106999999999999762e-01
2.203700000000000000e+05 3.105999999999999872e-01
2.204200000000000000e+05 3.104999999999999982e-01
2.204800000000000000e+05 3.103000000000000203e-01
2.205400000000000000e+05 3.101999999999999758e-01
2.206000000000000000e+05 3.100999999999999868e-01
2.206600000000000000e+05 3.099999999999999978e-01
2.207100000000000000e+05 3.098000000000000198e-01
2.207700000000000000e+05 3.096999999999999753e-01
2.208300000000000000e+05 3.094999999999999973e-01
2.208900000000000000e+05 3.094000000000000083e-01
2.209500000000000000e+05 3.091999999999999749e-01
2.210000000000000000e+05 3.090999999999999859e-01
2.210600000000000000e+05 3.089000000000000079e-01
2.211200000000000000e+05 3.088000000000000189e-01
2.211800000000000000e+05 3.085999999999999854e-01
2.212400000000000000e+05 3.084000000000000075e-01
2.212900000000000000e+05 3.081999999999999740e-01
2.213500000000000000e+05 3.080999999999999850e-01
2.214100000000000000e+05 3.079000000000000070e-01
2.214700000000000000e+05 3.076999999999999735e-01
2.215300000000000000e+05 3.074999999999999956e-01
2.215800000000000000e+05 3.073000000000000176e-01
2.216400000000000000e+05 3.070999999999999841e-01
2.217000000000000000e+05 3.069000000000000061e-01
2.217600000000000000e+05 3.065999999999999837e-01
2.218200000000000000e+05 3.064000000000000057e-01
2.218700000000000000e+05 3.062000000000000277e-01
2.219300000000000000e+05 3.059999999999999942e-01
2.219900000000000000e+05 3.058000000000000163e-01
2.220500000000000000e+05 3.054999999999999938e-01
2.221100000000000000e+05 3.053000000000000158e-01
2.221600000000000000e+05 3.050999999999999823e-01
2.222200000000000000e+05 3.048000000000000154e-01
2.222800000000000000e+05 3.045999999999999819e-01
2.223400000000000000e+05 3.044000000000000039e-01
2.224000000000000000e+05 3.040999999999999814e-01
2.224500000000000000e+05 3.039000000000000035e-01
2.225100000000000000e+05 3.037000000000000255e-01
2.225700000000000000e+05 3.034999999999999920e-01
2.226300000000000000e+05 3.032000000000000250e-01
2.226900000000000000e+05 3.029999999999999916e-01
2.227400000000000000e+05 3.028000000000000136e-01
2.228000000000000000e+05 3.025999999999999801e-01
2.228600000000000000e+05 3.024000000000000021e-01
2.229200000000000000e+05 3.022000000000000242e-01
2.229800000000000000e+05 3.019999999999999907e-01
2.230300000000000000e+05 3.018000000000000127e-01
2.230900000000000000e+05 3.015999999999999792e-01
2.231500000000000000e+05 3.014000000000000012e-01
2.232100000000000000e+05 3.012000000000000233e-01
2.232700000000000000e+05 3.010999999999999788e-01
2.233200000000000000e+05 3.009000000000000008e-01
2.233800000000000000e+05 3.007000000000000228e-01
2.234400000000000000e+05 3.004999999999999893e-01
2.235000000000000000e+05 3.004000000000000004e-01
2.235600000000000000e+05 3.002000000000000224e-01
2.236100000000000000e+05 2.999999999999999889e-01
2.236700000000000000e+05 2.998999999999999999e-01
2.237300000000000000e+05 2.997000000000000219e-01
2.237900000000000000e+05 2.994999999999999885e-01
2.238500000000000000e+05 2.993999999999999995e-01
2.239000000000000000e+05 2.992000000000000215e-01
2.239600000000000000e+05 2.990999999999999770e-01
2.240200000000000000e+05 2.988999999999999990e-01
2.240800000000000000e+05 2.988000000000000100e-01
2.241400000000000000e+05 2.985999999999999766e-01
2.241900000000000000e+05 2.984999999999999876e-01
2.242500000000000000e+05 2.983999999999999986e-01
2.243100000000000000e+05 2.982000000000000206e-01
2.243700000000000000e+05 2.980999999999999761e-01
2.244300000000000000e+05 2.979999999999999871e-01
2.244800000000000000e+05 2.978000000000000091e-01
2.245400000000000000e+05 2.977000000000000202e-01
2.246000000000000000e+05 2.975999999999999757e-01
2.246600000000000000e+05 2.974999999999999867e-01
2.247200000000000000e+05 2.973999999999999977e-01
2.247700000000000000e+05 2.972000000000000197e-01
2.248300000000000000e+05 2.970999999999999752e-01
2.248900000000000000e+05 2.969999999999999862e-01
2.249500000000000000e+05 2.969999999999999862e-01
2.250100000000000000e+05 2.968999999999999972e-01
2.250600000000000000e+05 2.968000000000000083e-01
2.251200000000000000e+05 2.967000000000000193e-01
2.251800000000000000e+05 2.965999999999999748e-01
2.252400000000000000e+05 2.964999999999999858e-01
2.253000000000000000e+05 2.964999999999999858e-01
2.253500000000000000e+05 2.963999999999999968e-01
2.254100000000000000e+05 2.963000000000000078e-01
2.254700000000000000e+05 2.962000000000000188e-01
2.255300000000000000e+05 2.962000000000000188e-01
2.255900000000000000e+05 2.960999999999999743e-01
2.256400000000000000e+05 2.960999999999999743e-01
2.257000000000000000e+05 2.959999999999999853e-01
2.257600000000000000e+05 2.958999999999999964e-01
2.258200000000000000e+05 2.958000000000000074e-01
2.258800000000000000e+05 2.958000000000000074e-01
2.259300000000000000e+05 2.957000000000000184e-01
2.259900000000000000e+05 2.955999999999999739e-01
2.260500000000000000e+05 2.954999999999999849e-01
2.261100000000000000e+05 2.953999999999999959e-01
2.261700000000000000e+05 2.953000000000000069e-01
2.262200000000000000e+05 2.950999999999999734e-01
2.262800000000000000e+05 2.949999999999999845e-01
2.263400000000000000e+05 2.948000000000000065e-01
2.264000000000000000e+05 2.947000000000000175e-01
2.264600000000000000e+05 2.944999999999999840e-01
2.265100000000000000e+05 2.942000000000000171e-01
2.265700000000000000e+05 2.939999999999999836e-01
2.266300000000000000e+05 2.938000000000000056e-01
2.266900000000000000e+05 2.934999999999999831e-01
2.267500000000000000e+05 2.933000000000000052e-01
2.268000000000000000e+05 2.929999999999999827e-01
2.268600000000000000e+05 2.926000000000000267e-01
2.269200000000000000e+05 2.922000000000000153e-01
2.269800000000000000e+05 2.918999999999999928e-01
2.270400000000000000e+05 2.914999999999999813e-01
2.270900000000000000e+05 2.909999999999999809e-01
2.271500000000000000e+05 2.906000000000000250e-01
2.272100000000000000e+05 2.901000000000000245e-01
2.272700000000000000e+05 2.894999999999999796e-01
2.273300000000000000e+05 2.889999999999999791e-01
2.273800000000000000e+05 2.883999999999999897e-01
2.274400000000000000e+05 2.878000000000000003e-01
2.275000000000000000e+05 2.871000000000000218e-01
2.275600000000000000e+05 2.863999999999999879e-01
2.276200000000000000e+05 2.857000000000000095e-01
2.276700000000000000e+05 2.848999999999999866e-01
2.277300000000000000e+05 2.841000000000000192e-01
2.277900000000000000e+05 2.832999999999999963e-01
2.278500000000000000e+05 2.823999999999999844e-01
2.279100000000000000e+05 2.814999999999999725e-01
2.279600000000000000e+05 2.806000000000000161e-01
2.280200000000000000e+05 2.797000000000000042e-01
2.280800000000000000e+05 2.786000000000000143e-01
2.281400000000000000e+05 2.776000000000000134e-01
2.282000000000000000e+05 2.766000000000000125e-01
2.282500000000000000e+05 2.753999999999999782e-01
2.283100000000000000e+05 2.741999999999999993e-01
2.283700000000000000e+05 2.731000000000000094e-01
2.284300000000000000e+05 2.718999999999999750e-01
2.284900000000000000e+05 2.706000000000000072e-01
2.285400000000000000e+05 2.692999999999999838e-01
2.286000000000000000e+05 2.680000000000000160e-01
2.286600000000000000e+05 2.666000000000000036e-01
2.287200000000000000e+05 2.651999999999999913e-01
2.287800000000000000e+05 2.639000000000000234e-01
2.288300000000000000e+05 2.624000000000000221e-01
2.288900000000000000e+05 2.609000000000000208e-01
2.289500000000000000e+05 2.594000000000000195e-01
2.290100000000000000e+05 2.577999999999999736e-01
2.290700000000000000e+05 2.561999999999999833e-01
2.291200000000000000e+05 2.545999999999999930e-01
2.291800000000000000e+05 2.529000000000000137e-01
2.292400000000000000e+05 2.511999999999999789e-01
2.293000000000000000e+05 2.494999999999999996e-01
2.293600000000000000e+05 2.477000000000000035e-01
2.294100000000000000e+05 2.459000000000000075e-01
2.294700000000000000e+05 2.441000000000000114e-01
2.295300000000000000e+05 2.421999999999999986e-01
2.295900000000000000e+05 2.404000000000000026e-01
2.296500000000000000e+05 2.384000000000000008e-01
2.297000000000000000e+05 2.363999999999999990e-01
2.297600000000000000e+05 2.343999999999999972e-01
2.298200000000000000e+05 2.323999999999999955e-01
2.298800000000000000e+05 2.303000000000000047e-01
2.299400000000000000e+05 2.281999999999999862e-01
2.299900000000000000e+05 2.260999999999999954e-01
2.300500000000000000e+05 2.238999999999999879e-01
2.301100000000000000e+05 2.215999999999999914e-01
2.301700000000000000e+05 2.194000000000000117e-01
2.302300000000000000e+05 2.170999999999999874e-01
2.302800000000000000e+05 2.147000000000000020e-01
2.303400000000000000e+05 2.122999999999999887e-01
2.304000000000000000e+05 2.099999999999999922e-01
2.304600000000000000e+05 2.074999999999999900e-01
2.305200000000000000e+05 2.051000000000000045e-01
2.305700000000000000e+05 2.026999999999999913e-01
2.306300000000000000e+05 2.001999999999999891e-01
2.306900000000000000e+05 1.976999999999999869e-01
2.307500000000000000e+05 1.952000000000000124e-01
2.308100000000000000e+05 1.925999999999999934e-01
2.308600000000000000e+05 1.900999999999999912e-01
2.309200000000000000e+05 1.875000000000000000e-01
2.309800000000000000e+05 1.849999999999999978e-01
2.310400000000000000e+05 1.824000000000000066e-01
2.311000000000000000e+05 1.797999999999999876e-01
2.311500000000000000e+05 1.773000000000000131e-01
2.312100000000000000e+05 1.746999999999999942e-01
2.312700000000000000e+05 1.721000000000000030e-01
2.313300000000000000e+05 1.695000000000000118e-01
2.313900000000000000e+05 1.670000000000000095e-01
2.314400000000000000e+05 1.643999999999999906e-01
2.315000000000000000e+05 1.617999999999999994e-01
2.315600000000000000e+05 1.592999999999999972e-01
2.316200000000000000e+05 1.567999999999999949e-01
2.316800000000000000e+05 1.542999999999999927e-01
2.317300000000000000e+05 1.517999999999999905e-01
2.317900000000000000e+05 1.492999999999999883e-01
2.318500000000000000e+05 1.468000000000000138e-01
2.319100000000000000e+05 1.444000000000000006e-01
2.319700000000000000e+05 1.418999999999999984e-01
2.320200000000000000e+05 1.395000000000000129e-01
2.320800000000000000e+05 1.371999999999999886e-01
2.321400000000000000e+05 1.348000000000000032e-01
2.322000000000000000e+05 1.323999999999999899e-01
2.322600000000000000e+05 1.300999999999999934e-01
2.323100000000000000e+05 1.279000000000000137e-01
2.323700000000000000e+05 1.255999999999999894e-01
2.324300000000000000e+05 1.233000000000000068e-01
2.324900000000000000e+05 1.210999999999999993e-01
2.325500000000000000e+05 1.189000000000000057e-01
2.326000000000000000e+05 1.168000000000000010e-01
2.326600000000000000e+05 1.145999999999999935e-01
2.327200000000000000e+05 1.125000000000000028e-01
2.327800000000000000e+05 1.103999999999999981e-01
2.328400000000000000e+05 1.082999999999999935e-01
2.328900000000000000e+05 1.063000000000000056e-01
2.329500000000000000e+05 1.043000000000000038e-01
2.330100000000000000e+05 1.023000000000000020e-01
2.330700000000000000e+05 1.003000000000000003e-01
2.331300000000000000e+05 9.840000000000000135e-02
2.331800000000000000e+05 9.639999999999999958e-02
2.332400000000000000e+05 9.450000000000000067e-02
2.333000000000000000e+05 9.260000000000000175e-02
2.333600000000000000e+05 9.080000000000000571e-02
2.334200000000000000e+05 8.890000000000000679e-02
2.334700000000000000e+05 8.709999999999999687e-02
2.335300000000000000e+05 8.540000000000000369e-02
2.335900000000000000e+05 8.359999999999999376e-02
2.336500000000000000e+05 8.179999999999999771e-02
2.337100000000000000e+05 8.010000000000000453e-02
2.337600000000000000e+05 7.839999999999999747e-02
2.338200000000000000e+05 7.679999999999999327e-02
2.338800000000000000e+05 7.510000000000000009e-02
2.339400000000000000e+05 7.349999999999999589e-02
2.340000000000000000e+05 7.190000000000000557e-02
2.340500000000000000e+05 7.040000000000000424e-02
2.341100000000000000e+05 6.880000000000000004e-02
2.341700000000000000e+05 6.729999999999999871e-02
2.342300000000000000e+05 6.579999999999999738e-02
2.342900000000000000e+05 6.429999999999999605e-02
2.343400000000000000e+05 6.289999999999999758e-02
2.344000000000000000e+05 6.149999999999999911e-02
2.344600000000000000e+05 6.010000000000000064e-02
2.345200000000000000e+05 5.879999999999999810e-02
2.345800000000000000e+05 5.739999999999999963e-02
2.346300000000000000e+05 5.609999999999999709e-02
2.346900000000000000e+05 5.489999999999999741e-02
2.347500000000000000e+05 5.360000000000000181e-02
2.348100000000000000e+05 5.240000000000000213e-02
2.348700000000000000e+05 5.129999999999999838e-02
2.349200000000000000e+05 5.009999999999999870e-02
2.349800000000000000e+05 4.900000000000000189e-02
2.350400000000000000e+05 4.789999999999999813e-02
2.351000000000000000e+05 4.689999999999999725e-02
2.351600000000000000e+05 4.590000000000000330e-02
2.352100000000000000e+05 4.490000000000000241e-02
2.352700000000000000e+05 4.399999999999999745e-02
2.353300000000000000e+05 4.309999999999999942e-02
2.353900000000000000e+05 4.220000000000000140e-02
2.354500000000000000e+05 4.130000000000000338e-02
2.355000000000000000e+05 4.050000000000000128e-02
2.355600000000000000e+05 3.960000000000000325e-02
2.356200000000000000e+05 3.889999999999999708e-02
2.356800000000000000e+05 3.810000000000000192e-02
2.357400000000000000e+05 3.740000000000000269e-02
2.357900000000000000e+05 3.670000000000000345e-02
2.358500000000000000e+05 3.599999999999999728e-02
2.359100000000000000e+05 3.529999999999999805e-02
2.359700000000000000e+05 3.459999999999999881e-02
2.360300000000000000e+05 3.400000000000000244e-02
2.360800000000000000e+05 3.339999999999999913e-02
2.361400000000000000e+05 3.269999999999999990e-02
2.362000000000000000e+05 3.209999999999999659e-02
2.362600000000000000e+05 3.150000000000000022e-02
2.363200000000000000e+05 3.099999999999999978e-02
2.363700000000000000e+05 3.039999999999999994e-02
2.364300000000000000e+05 2.980000000000000010e-02
2.364900000000000000e+05 2.929999999999999966e-02
2.365500000000000000e+05 2.869999999999999982e-02
2.366100000000000000e+05 2.819999999999999937e-02
2.366600000000000000e+05 2.759999999999999953e-02
2.367200000000000000e+05 2.709999999999999909e-02
2.367800000000000000e+05 2.649999999999999925e-02
2.368400000000000000e+05 2.599999999999999881e-02
2.369000000000000000e+05 2.549999999999999836e-02
2.369500000000000000e+05 2.489999999999999852e-02
2.370100000000000000e+05 2.440000000000000155e-02
2.370700000000000000e+05 2.390000000000000110e-02
2.371300000000000000e+05 2.330000000000000127e-02
2.371900000000000000e+05 2.280000000000000082e-02
2.372400000000000000e+05 2.230000000000000038e-02
2.373000000000000000e+05 2.170000000000000054e-02
2.373600000000000000e+05 2.120000000000000009e-02
2.374200000000000000e+05 2.069999999999999965e-02
2.374800000000000000e+05 2.019999999999999921e-02
2.375300000000000000e+05 1.959999999999999937e-02
2.375900000000000000e+05 1.909999999999999892e-02
2.376500000000000000e+05 1.859999999999999848e-02
2.377100000000000000e+05 1.820000000000000090e-02
2.377700000000000000e+05 1.770000000000000046e-02
2.378200000000000000e+05 1.720000000000000001e-02
2.378800000000000000e+05 1.669999999999999957e-02
2.379400000000000000e+05 1.629999999999999852e-02
2.380000000000000000e+05 1.580000000000000154e-02
2.380600000000000000e+05 1.540000000000000049e-02
2.381100000000000000e+05 1.499999999999999944e-02
2.381700000000000000e+05 1.460000000000000013e-02
2.382300000000000000e+05 1.420000000000000082e-02
2.382900000000000000e+05 1.379999999999999977e-02
2.383500000000000000e+05 1.349999999999999985e-02
2.384000000000000000e+05 1.310000000000000053e-02
2.384600000000000000e+05 1.280000000000000061e-02
2.385200000000000000e+05 1.250000000000000069e-02
2.385800000000000000e+05 1.220000000000000077e-02
2.386400000000000000e+05 1.190000000000000085e-02
2.386900000000000000e+05 1.159999999999999920e-02
2.387500000000000000e+05 1.140000000000000041e-02
2.388100000000000000e+05 1.110000000000000049e-02
2.388700000000000000e+05 1.089999999999999997e-02
2.389300000000000000e+05 1.069999999999999944e-02
2.389800000000000000e+05 1.039999999999999952e-02
2.390400000000000000e+05 1.020000000000000073e-02
2.391000000000000000e+05 1.000000000000000021e-02
2.391600000000000000e+05 9.900000000000000813e-03
2.392200000000000000e+05 9.700000000000000289e-03
2.392700000000000000e+05 9.499999999999999764e-03
2.393300000000000000e+05 9.299999999999999239e-03
2.393900000000000000e+05 9.199999999999999845e-03
2.394500000000000000e+05 8.999999999999999320e-03
2.395100000000000000e+05 8.899999999999999925e-03
2.395600000000000000e+05 8.699999999999999400e-03
2.396200000000000000e+05 8.600000000000000006e-03
2.396800000000000000e+05 8.500000000000000611e-03
2.397400000000000000e+05 8.300000000000000086e-03
2.398000000000000000e+05 8.200000000000000691e-03
2.398500000000000000e+05 8.099999999999999561e-03
2.399100000000000000e+05 7.900000000000000772e-03
2.399700000000000000e+05 7.799999999999999642e-03
2.400300000000000000e+05 7.700000000000000247e-03
2.400900000000000000e+05 7.599999999999999985e-03
2.401400000000000000e+05 7.400000000000000328e-03
2.402000000000000000e+05 7.300000000000000065e-03
2.402600000000000000e+05 7.199999999999999803e-03
2.403200000000000000e+05 7.100000000000000408e-03
2.403800000000000000e+05 6.899999999999999883e-03
2.404300000000000000e+05 6.799999999999999621e-03
2.404900000000000000e+05 6.700000000000000226e-03
2.405500000000000000e+05 6.599999999999999964e-03
2.406100000000000000e+05 6.499999999999999702e-03
2.406700000000000000e+05 6.400000000000000307e-03
2.407200000000000000e+05 6.300000000000000044e-03
2.407800000000000000e+05 6.100000000000000387e-03
2.408400000000000000e+05 6.000000000000000125e-03
2.409000000000000000e+05 5.899999999999999863e-03
2.409600000000000000e+05 5.799999999999999600e-03
2.410100000000000000e+05 5.700000000000000205e-03
2.410700000000000000e+05 5.599999999999999943e-03
2.411300000000000000e+05 5.499999999999999681e-03
2.411900000000000000e+05 5.499999999999999681e-03
2.412500000000000000e+05 5.400000000000000286e-03
2.413000000000000000e+05 5.300000000000000024e-03
2.413600000000000000e+05 5.199999999999999761e-03
2.414200000000000000e+05 5.100000000000000366e-03
2.414800000000000000e+05 5.000000000000000104e-03
2.415400000000000000e+05 4.899999999999999842e-03
2.415900000000000000e+05 4.899999999999999842e-03
2.416500000000000000e+05 4.799999999999999580e-03
2.417100000000000000e+05 4.700000000000000185e-03
2.417700000000000000e+05 4.700000000000000185e-03
2.418300000000000000e+05 4.599999999999999922e-03
2.418800000000000000e+05 4.499999999999999660e-03
2.419400000000000000e+05 4.499999999999999660e-03
2.420000000000000000e+05 4.400000000000000265e-03
2.420600000000000000e+05 4.400000000000000265e-03
2.421200000000000000e+05 4.300000000000000003e-03
2.421700000000000000e+05 4.300000000000000003e-03
2.422300000000000000e+05 4.199999999999999740e-03
2.422900000000000000e+05 4.199999999999999740e-03
2.423500000000000000e+05 4.100000000000000346e-03
2.424100000000000000e+05 4.100000000000000346e-03
2.424600000000000000e+05 4.000000000000000083e-03
2.425200000000000000e+05 4.000000000000000083e-03
2.425800000000000000e+05 3.899999999999999821e-03
2.426400000000000000e+05 3.899999999999999821e-03
2.427000000000000000e+05 3.899999999999999821e-03
2.427500000000000000e+05 3.799999999999999992e-03
2.428100000000000000e+05 3.799999999999999992e-03
2.428700000000000000e+05 3.799999999999999992e-03
2.429300000000000000e+05 3.700000000000000164e-03
2.429900000000000000e+05 3.700000000000000164e-03
2.430400000000000000e+05 3.700000000000000164e-03
2.431000000000000000e+05 3.599999999999999901e-03
2.431600000000000000e+05 3.599999999999999901e-03
2.432200000000000000e+05 3.599999999999999901e-03
2.432800000000000000e+05 3.500000000000000073e-03
2.433300000000000000e+05 3.500000000000000073e-03
2.433900000000000000e+05 3.500000000000000073e-03
2.434500000000000000e+05 3.500000000000000073e-03
2.435100000000000000e+05 3.399999999999999811e-03
2.435700000000000000e+05 3.399999999999999811e-03
2.436200000000000000e+05 3.399999999999999811e-03
2.436800000000000000e+05 3.299999999999999982e-03
2.437400000000000000e+05 3.299999999999999982e-03
2.438000000000000000e+05 3.299999999999999982e-03
2.438600000000000000e+05 3.299999999999999982e-03
2.439100000000000000e+05 3.200000000000000153e-03
2.439700000000000000e+05 3.200000000000000153e-03
2.440300000000000000e+05 3.200000000000000153e-03
2.440900000000000000e+05 3.099999999999999891e-03
2.441500000000000000e+05 3.099999999999999891e-03
2.442000000000000000e+05 3.099999999999999891e-03
2.442600000000000000e+05 3.000000000000000062e-03
2.443200000000000000e+05 3.000000000000000062e-03
2.443800000000000000e+05 3.000000000000000062e-03
2.444400000000000000e+05 3.000000000000000062e-03
2.444900000000000000e+05 2.899999999999999800e-03
2.445500000000000000e+05 2.899999999999999800e-03
2.446100000000000000e+05 2.899999999999999800e-03
2.446700000000000000e+05 2.799999999999999972e-03
2.447300000000000000e+05 2.799999999999999972e-03
2.447800000000000000e+05 2.799999999999999972e-03
2.448400000000000000e+05 2.700000000000000143e-03
2.449000000000000000e+05 2.700000000000000143e-03
2.449600000000000000e+05 2.700000000000000143e-03
2.450200000000000000e+05 2.599999999999999881e-03
2.450700000000000000e+05 2.599999999999999881e-03
2.451300000000000000e+05 2.599999999999999881e-03
2.451900000000000000e+05 2.599999999999999881e-03
2.452500000000000000e+05 2.500000000000000052e-03
2.453100000000000000e+05 2.500000000000000052e-03
2.453600000000000000e+05 2.500000000000000052e-03
2.454200000000000000e+05 2.399999999999999790e-03
2.454800000000000000e+05 2.399999999999999790e-03
2.455400000000000000e+05 2.399999999999999790e-03
2.456000000000000000e+05 2.299999999999999961e-03
2.456500000000000000e+05 2.299999999999999961e-03
2.457100000000000000e+05 2.200000000000000133e-03
2.457700000000000000e+05 2.200000000000000133e-03
2.458300000000000000e+05 2.200000000000000133e-03
2.458900000000000000e+05 2.099999999999999870e-03
2.459400000000000000e+05 2.099999999999999870e-03
2.460000000000000000e+05 2.099999999999999870e-03
2.460600000000000000e+05 2.000000000000000042e-03
2.461200000000000000e+05 2.000000000000000042e-03
2.461800000000000000e+05 2.000000000000000042e-03
2.462300000000000000e+05 1.899999999999999996e-03
2.462900000000000000e+05 1.899999999999999996e-03
2.463500000000000000e+05 1.899999999999999996e-03
2.464100000000000000e+05 1.799999999999999951e-03
2.464700000000000000e+05 1.799999999999999951e-03
2.465200000000000000e+05 1.699999999999999905e-03
2.465800000000000000e+05 1.699999999999999905e-03
2.466400000000000000e+05 1.699999999999999905e-03
2.467000000000000000e+05 1.600000000000000077e-03
2.467600000000000000e+05 1.600000000000000077e-03
2.468100000000000000e+05 1.500000000000000031e-03
2.468700000000000000e+05 1.500000000000000031e-03
2.469300000000000000e+05 1.500000000000000031e-03
2.469900000000000000e+05 1.399999999999999986e-03
2.470500000000000000e+05 1.399999999999999986e-03
2.471000000000000000e+05 1.399999999999999986e-03
2.471600000000000000e+05 1.299999999999999940e-03
2.472200000000000000e+05 1.299999999999999940e-03
2.472800000000000000e+05 1.199999999999999895e-03
2.473400000000000000e+05 1.199999999999999895e-03
2.473900000000000000e+05 1.199999999999999895e-03
2.474500000000000000e+05 1.100000000000000066e-03
2.475100000000000000e+05 1.100000000000000066e-03
2.475700000000000000e+05 1.000000000000000021e-03
2.476300000000000000e+05 1.000000000000000021e-03
2.476800000000000000e+05 8.999999999999999754e-04
2.477400000000000000e+05 8.999999999999999754e-04
2.478000000000000000e+05 8.999999999999999754e-04
2.478600000000000000e+05 8.000000000000000383e-04
2.479200000000000000e+05 8.000000000000000383e-04
2.479700000000000000e+05 6.999999999999999929e-04
2.480300000000000000e+05 6.999999999999999929e-04
2.480900000000000000e+05 6.999999999999999929e-04
2.481500000000000000e+05 5.999999999999999474e-04
2.482100000000000000e+05 5.999999999999999474e-04
2.482600000000000000e+05 5.000000000000000104e-04
2.483200000000000000e+05 5.000000000000000104e-04
2.483800000000000000e+05 5.000000000000000104e-04
2.484400000000000000e+05 4.000000000000000192e-04
2.485000000000000000e+05 4.000000000000000192e-04
2.485500000000000000e+05 4.000000000000000192e-04
2.486100000000000000e+05 2.999999999999999737e-04
2.486700000000000000e+05 2.999999999999999737e-04
2.487300000000000000e+05 2.999999999999999737e-04
2.487900000000000000e+05 2.999999999999999737e-04
2.488400000000000000e+05 2.000000000000000096e-04
2.489000000000000000e+05 2.000000000000000096e-04
2.489600000000000000e+05 2.000000000000000096e-04
2.490200000000000000e+05 2.000000000000000096e-04
2.490800000000000000e+05 2.000000000000000096e-04
2.491300000000000000e+05 1.000000000000000048e-04
2.491900000000000000e+05 1.000000000000000048e-04
2.492500000000000000e+05 1.000000000000000048e-04
2.493100000000000000e+05 1.000000000000000048e-04
2.493700000000000000e+05 1.000000000000000048e-04
2.494200000000000000e+05 1.000000000000000048e-04
2.494800000000000000e+05 1.000000000000000048e-04
2.495400000000000000e+05 1.000000000000000048e-04
2.496000000000000000e+05 1.000000000000000048e-04
2.496600000000000000e+05 2.000000000000000096e-04
2.497100000000000000e+05 2.000000000000000096e-04
2.497700000000000000e+05 2.000000000000000096e-04
2.498300000000000000e+05 2.000000000000000096e-04
2.498900000000000000e+05 2.000000000000000096e-04
2.499500000000000000e+05 2.000000000000000096e-04
2.500000000000000000e+05 2.000000000000000096e-04
2.500600000000000000e+05 2.999999999999999737e-04
2.501200000000000000e+05 2.999999999999999737e-04
2.501800000000000000e+05 2.999999999999999737e-04
2.502400000000000000e+05 2.999999999999999737e-04
2.502900000000000000e+05 4.000000000000000192e-04
2.503500000000000000e+05 4.000000000000000192e-04
2.504100000000000000e+05 4.000000000000000192e-04
2.504700000000000000e+05 4.000000000000000192e-04
2.505300000000000000e+05 4.000000000000000192e-04
2.505800000000000000e+05 5.000000000000000104e-04
2.506400000000000000e+05 5.000000000000000104e-04
2.507000000000000000e+05 5.000000000000000104e-04
2.507600000000000000e+05 5.000000000000000104e-04
2.508200000000000000e+05 5.000000000000000104e-04
2.508700000000000000e+05 5.999999999999999474e-04
2.509300000000000000e+05 5.999999999999999474e-04
2.509900000000000000e+05 5.999999999999999474e-04
2.510500000000000000e+05 5.999999999999999474e-04
2.511100000000000000e+05 5.999999999999999474e-04
2.511600000000000000e+05 5.999999999999999474e-04
2.512200000000000000e+05 5.999999999999999474e-04
2.512800000000000000e+05 5.999999999999999474e-04
2.513400000000000000e+05 5.999999999999999474e-04
2.514000000000000000e+05 5.999999999999999474e-04
2.514500000000000000e+05 5.999999999999999474e-04
2.515100000000000000e+05 5.999999999999999474e-04
2.515700000000000000e+05 5.999999999999999474e-04
2.516300000000000000e+05 5.999999999999999474e-04
2.516900000000000000e+05 5.999999999999999474e-04
2.517400000000000000e+05 5.999999999999999474e-04
2.518000000000000000e+05 5.999999999999999474e-04
2.518600000000000000e+05 5.999999999999999474e-04
2.519200000000000000e+05 5.000000000000000104e-04
2.519800000000000000e+05 5.000000000000000104e-04
2.520300000000000000e+05 5.000000000000000104e-04
2.520900000000000000e+05 5.000000000000000104e-04
2.521500000000000000e+05 5.000000000000000104e-04
2.522100000000000000e+05 5.000000000000000104e-04
2.522700000000000000e+05 5.000000000000000104e-04
2.523200000000000000e+05 5.000000000000000104e-04
2.523800000000000000e+05 5.000000000000000104e-04
2.524400000000000000e+05 4.000000000000000192e-04
2.525000000000000000e+05 4.000000000000000192e-04
2.525600000000000000e+05 4.000000000000000192e-04
2.526100000000000000e+05 4.000000000000000192e-04
2.526700000000000000e+05 4.000000000000000192e-04
2.527300000000000000e+05 4.000000000000000192e-04
2.527900000000000000e+05 4.000000000000000192e-04
2.528500000000000000e+05 4.000000000000000192e-04
2.529000000000000000e+05 4.000000000000000192e-04
2.529600000000000000e+05 4.000000000000000192e-04
2.530200000000000000e+05 4.000000000000000192e-04
2.530800000000000000e+05 4.000000000000000192e-04
2.531400000000000000e+05 4.000000000000000192e-04
2.531900000000000000e+05 4.000000000000000192e-04
2.532500000000000000e+05 4.000000000000000192e-04
2.533100000000000000e+05 4.000000000000000192e-04
2.533700000000000000e+05 4.000000000000000192e-04
2.534300000000000000e+05 4.000000000000000192e-04
2.534800000000000000e+05 4.000000000000000192e-04
2.535400000000000000e+05 4.000000000000000192e-04
2.536000000000000000e+05 4.000000000000000192e-04
2.536600000000000000e+05 4.000000000000000192e-04
2.537200000000000000e+05 4.000000000000000192e-04
2.537700000000000000e+05 4.000000000000000192e-04
2.538300000000000000e+05 4.000000000000000192e-04
2.538900000000000000e+05 4.000000000000000192e-04
2.539500000000000000e+05 2.999999999999999737e-04
2.540100000000000000e+05 2.999999999999999737e-04
2.540600000000000000e+05 2.999999999999999737e-04
2.541200000000000000e+05 2.999999999999999737e-04
2.541800000000000000e+05 2.999999999999999737e-04
2.542400000000000000e+05 2.999999999999999737e-04
2.543000000000000000e+05 2.999999999999999737e-04
2.543500000000000000e+05 2.999999999999999737e-04
2.544100000000000000e+05 2.999999999999999737e-04
2.544700000000000000e+05 2.999999999999999737e-04
2.545300000000000000e+05 2.999999999999999737e-04
2.545900000000000000e+05 2.999999999999999737e-04
2.546400000000000000e+05 2.999999999999999737e-04
2.547000000000000000e+05 2.999999999999999737e-04
2.547600000000000000e+05 2.999999999999999737e-04
2.548200000000000000e+05 2.999999999999999737e-04
2.548800000000000000e+05 2.999999999999999737e-04
2.549300000000000000e+05 2.000000000000000096e-04
2.549900000000000000e+05 2.000000000000000096e-04
2.550500000000000000e+05 2.000000000000000096e-04
2.551100000000000000e+05 2.000000000000000096e-04
2.551700000000000000e+05 2.000000000000000096e-04
2.552200000000000000e+05 2.000000000000000096e-04
2.552800000000000000e+05 2.000000000000000096e-04
2.553400000000000000e+05 2.000000000000000096e-04
2.554000000000000000e+05 1.000000000000000048e-04
2.554600000000000000e+05 1.000000000000000048e-04
2.555100000000000000e+05 1.000000000000000048e-04
2.555700000000000000e+05 1.000000000000000048e-04
2.556300000000000000e+05 1.000000000000000048e-04
2.556900000000000000e+05 1.000000000000000048e-04
2.557500000000000000e+05 1.000000000000000048e-04
