# F2550W
2.141000000000000000e+05 1.000000000000000048e-04
2.141600000000000000e+05 1.000000000000000048e-04
2.142200000000000000e+05 1.000000000000000048e-04
2.142800000000000000e+05 1.000000000000000048e-04
2.143300000000000000e+05 1.000000000000000048e-04
2.143900000000000000e+05 2.000000000000000096e-04
2.144500000000000000e+05 2.000000000000000096e-04
2.145100000000000000e+05 2.000000000000000096e-04
2.145700000000000000e+05 2.000000000000000096e-04
2.146200000000000000e+05 2.000000000000000096e-04
2.146800000000000000e+05 2.999999999999999737e-04
2.147400000000000000e+05 2.999999999999999737e-04
2.148000000000000000e+05 2.999999999999999737e-04
2.148600000000000000e+05 2.999999999999999737e-04
2.149100000000000000e+05 2.999999999999999737e-04
2.149700000000000000e+05 2.999999999999999737e-04
2.150300000000000000e+05 4.000000000000000192e-04
2.150900000000000000e+05 4.000000000000000192e-04
2.151500000000000000e+05 4.000000000000000192e-04
2.152000000000000000e+05 4.000000000000000192e-04
2.152600000000000000e+05 4.000000000000000192e-04
2.153200000000000000e+05 4.000000000000000192e-04
2.153800000000000000e+05 4.000000000000000192e-04
2.154400000000000000e+05 4.000000000000000192e-04
2.154900000000000000e+05 4.000000000000000192e-04
2.155500000000000000e+05 4.000000000000000192e-04
2.156100000000000000e+05 4.000000000000000192e-04
2.156700000000000000e+05 4.000000000000000192e-04
2.157300000000000000e+05 4.000000000000000192e-04
2.157800000000000000e+05 4.000000000000000192e-04
2.158400000000000000e+05 4.000000000000000192e-04
2.159000000000000000e+05 4.000000000000000192e-04
2.159600000000000000e+05 4.000000000000000192e-04
2.160200000000000000e+05 4.000000000000000192e-04
2.160700000000000000e+05 4.000000000000000192e-04
2.161300000000000000e+05 4.000000000000000192e-04
2.161900000000000000e+05 4.000000000000000192e-04
2.162500000000000000e+05 4.000000000000000192e-04
2.163100000000000000e+05 4.000000000000000192e-04
2.163600000000000000e+05 2.999999999999999737e-04
2.164200000000000000e+05 2.999999999999999737e-04
2.164800000000000000e+05 2.999999999999999737e-04
2.165400000000000000e+05 2.999999999999999737e-04
2.166000000000000000e+05 2.999999999999999737e-04
2.166500000000000000e+05 2.999999999999999737e-04
2.167100000000000000e+05 2.999999999999999737e-04
2.167700000000000000e+05 2.999999999999999737e-04
2.168300000000000000e+05 2.999999999999999737e-04
2.168900000000000000e+05 2.999999999999999737e-04
2.169400000000000000e+05 2.999999999999999737e-04
2.170000000000000000e+05 2.999999999999999737e-04
2.170600000000000000e+05 2.999999999999999737e-04
2.171200000000000000e+05 2.999999999999999737e-04
2.171800000000000000e+05 2.999999999999999737e-04
2.172300000000000000e+05 2.999999999999999737e-04
2.172900000000000000e+05 2.999999999999999737e-04
2.173500000000000000e+05 2.999999999999999737e-04
2.174100000000000000e+05 2.999999999999999737e-04
2.174700000000000000e+05 2.999999999999999737e-04
2.175200000000000000e+05 2.999999999999999737e-04
2.175800000000000000e+05 2.999999999999999737e-04
2.176400000000000000e+05 2.999999999999999737e-04
2.177000000000000000e+05 2.999999999999999737e-04
2.177600000000000000e+05 2.999999999999999737e-04
2.178100000000000000e+05 2.999999999999999737e-04
2.178700000000000000e+05 2.999999999999999737e-04
2.179300000000000000e+05 2.999999999999999737e-04
2.179900000000000000e+05 4.000000000000000192e-04
2.180500000000000000e+05 4.000000000000000192e-04
2.181000000000000000e+05 4.000000000000000192e-04
2.181600000000000000e+05 4.000000000000000192e-04
2.182200000000000000e+05 4.000000000000000192e-04
2.182800000000000000e+05 4.000000000000000192e-04
2.183400000000000000e+05 4.000000000000000192e-04
2.183900000000000000e+05 5.000000000000000104e-04
2.184500000000000000e+05 5.000000000000000104e-04
2.185100000000000000e+05 5.000000000000000104e-04
2.185700000000000000e+05 5.000000000000000104e-04
2.186300000000000000e+05 5.000000000000000104e-04
2.186800000000000000e+05 5.999999999999999474e-04
2.187400000000000000e+05 5.999999999999999474e-04
2.188000000000000000e+05 5.999999999999999474e-04
2.188600000000000000e+05 5.999999999999999474e-04
2.189200000000000000e+05 6.999999999999999929e-04
2.189700000000000000e+05 6.999999999999999929e-04
2.190300000000000000e+05 6.999999999999999929e-04
2.190900000000000000e+05 6.999999999999999929e-04
2.191500000000000000e+05 8.000000000000000383e-04
2.192100000000000000e+05 8.000000000000000383e-04
2.192600000000000000e+05 8.000000000000000383e-04
2.193200000000000000e+05 8.000000000000000383e-04
2.193800000000000000e+05 8.999999999999999754e-04
2.194400000000000000e+05 8.999999999999999754e-04
2.195000000000000000e+05 8.999999999999999754e-04
2.195500000000000000e+05 1.000000000000000021e-03
2.196100000000000000e+05 1.000000000000000021e-03
2.196700000000000000e+05 1.000000000000000021e-03
2.197300000000000000e+05 1.000000000000000021e-03
2.197900000000000000e+05 1.100000000000000066e-03
2.198400000000000000e+05 1.100000000000000066e-03
2.199000000000000000e+05 1.100000000000000066e-03
2.199600000000000000e+05 1.199999999999999895e-03
2.200200000000000000e+05 1.199999999999999895e-03
2.200800000000000000e+05 1.199999999999999895e-03
2.201300000000000000e+05 1.199999999999999895e-03
2.201900000000000000e+05 1.299999999999999940e-03
2.202500000000000000e+05 1.299999999999999940e-03
2.203100000000000000e+05 1.299999999999999940e-03
2.203700000000000000e+05 1.299999999999999940e-03
2.204200000000000000e+05 1.299999999999999940e-03
2.204800000000000000e+05 1.399999999999999986e-03
2.205400000000000000e+05 1.399999999999999986e-03
2.206000000000000000e+05 1.399999999999999986e-03
2.206600000000000000e+05 1.399999999999999986e-03
2.207100000000000000e+05 1.399999999999999986e-03
2.207700000000000000e+05 1.399999999999999986e-03
2.208300000000000000e+05 1.500000000000000031e-03
2.208900000000000000e+05 1.500000000000000031e-03
2.209500000000000000e+05 1.500000000000000031e-03
2.210000000000000000e+05 1.500000000000000031e-03
2.210600000000000000e+05 1.500000000000000031e-03
2.211200000000000000e+05 1.500000000000000031e-03
2.211800000000000000e+05 1.500000000000000031e-03
2.212400000000000000e+05 1.500000000000000031e-03
2.212900000000000000e+05 1.500000000000000031e-03
2.213500000000000000e+05 1.500000000000000031e-03
2.214100000000000000e+05 1.500000000000000031e-03
2.214700000000000000e+05 1.500000000000000031e-03
2.215300000000000000e+05 1.500000000000000031e-03
2.215800000000000000e+05 1.500000000000000031e-03
2.216400000000000000e+05 1.500000000000000031e-03
2.217000000000000000e+05 1.500000000000000031e-03
2.217600000000000000e+05 1.500000000000000031e-03
2.218200000000000000e+05 1.600000000000000077e-03
2.218700000000000000e+05 1.600000000000000077e-03
2.219300000000000000e+05 1.600000000000000077e-03
2.219900000000000000e+05 1.600000000000000077e-03
2.220500000000000000e+05 1.600000000000000077e-03
2.221100000000000000e+05 1.600000000000000077e-03
2.221600000000000000e+05 1.600000000000000077e-03
2.222200000000000000e+05 1.600000000000000077e-03
2.222800000000000000e+05 1.600000000000000077e-03
2.223400000000000000e+05 1.600000000000000077e-03
2.224000000000000000e+05 1.699999999999999905e-03
2.224500000000000000e+05 1.699999999999999905e-03
2.225100000000000000e+05 1.699999999999999905e-03
2.225700000000000000e+05 1.699999999999999905e-03
2.226300000000000000e+05 1.699999999999999905e-03
2.226900000000000000e+05 1.799999999999999951e-03
2.227400000000000000e+05 1.799999999999999951e-03
2.228000000000000000e+05 1.799999999999999951e-03
2.228600000000000000e+05 1.899999999999999996e-03
2.229200000000000000e+05 1.899999999999999996e-03
2.229800000000000000e+05 1.899999999999999996e-03
2.230300000000000000e+05 2.000000000000000042e-03
2.230900000000000000e+05 2.000000000000000042e-03
2.231500000000000000e+05 2.099999999999999870e-03
2.232100000000000000e+05 2.099999999999999870e-03
2.232700000000000000e+05 2.200000000000000133e-03
2.233200000000000000e+05 2.299999999999999961e-03
2.233800000000000000e+05 2.299999999999999961e-03
2.234400000000000000e+05 2.399999999999999790e-03
2.235000000000000000e+05 2.500000000000000052e-03
2.235600000000000000e+05 2.500000000000000052e-03
2.236100000000000000e+05 2.599999999999999881e-03
2.236700000000000000e+05 2.700000000000000143e-03
2.237300000000000000e+05 2.799999999999999972e-03
2.237900000000000000e+05 2.899999999999999800e-03
2.238500000000000000e+05 2.899999999999999800e-03
2.239000000000000000e+05 3.000000000000000062e-03
2.239600000000000000e+05 3.099999999999999891e-03
2.240200000000000000e+05 3.200000000000000153e-03
2.240800000000000000e+05 3.299999999999999982e-03
2.241400000000000000e+05 3.399999999999999811e-03
2.241900000000000000e+05 3.599999999999999901e-03
2.242500000000000000e+05 3.700000000000000164e-03
2.243100000000000000e+05 3.799999999999999992e-03
2.243700000000000000e+05 3.899999999999999821e-03
2.244300000000000000e+05 4.000000000000000083e-03
2.244800000000000000e+05 4.100000000000000346e-03
2.245400000000000000e+05 4.199999999999999740e-03
2.246000000000000000e+05 4.400000000000000265e-03
2.246600000000000000e+05 4.499999999999999660e-03
2.247200000000000000e+05 4.599999999999999922e-03
2.247700000000000000e+05 4.700000000000000185e-03
2.248300000000000000e+05 4.799999999999999580e-03
2.248900000000000000e+05 5.000000000000000104e-03
2.249500000000000000e+05 5.100000000000000366e-03
2.250100000000000000e+05 5.199999999999999761e-03
2.250600000000000000e+05 5.300000000000000024e-03
2.251200000000000000e+05 5.499999999999999681e-03
2.251800000000000000e+05 5.599999999999999943e-03
2.252400000000000000e+05 5.700000000000000205e-03
2.253000000000000000e+05 5.799999999999999600e-03
2.253500000000000000e+05 6.000000000000000125e-03
2.254100000000000000e+05 6.100000000000000387e-03
2.254700000000000000e+05 6.199999999999999782e-03
2.255300000000000000e+05 6.300000000000000044e-03
2.255900000000000000e+05 6.499999999999999702e-03
2.256400000000000000e+05 6.599999999999999964e-03
2.257000000000000000e+05 6.700000000000000226e-03
2.257600000000000000e+05 6.899999999999999883e-03
2.258200000000000000e+05 7.000000000000000146e-03
2.258800000000000000e+05 7.100000000000000408e-03
2.259300000000000000e+05 7.300000000000000065e-03
2.259900000000000000e+05 7.400000000000000328e-03
2.260500000000000000e+05 7.499999999999999722e-03
2.261100000000000000e+05 7.700000000000000247e-03
2.261700000000000000e+05 7.799999999999999642e-03
2.262200000000000000e+05 8.000000000000000167e-03
2.262800000000000000e+05 8.099999999999999561e-03
2.263400000000000000e+05 8.300000000000000086e-03
2.264000000000000000e+05 8.500000000000000611e-03
2.264600000000000000e+05 8.699999999999999400e-03
2.265100000000000000e+05 8.800000000000000530e-03
2.265700000000000000e+05 8.999999999999999320e-03
2.266300000000000000e+05 9.199999999999999845e-03
2.266900000000000000e+05 9.400000000000000369e-03
2.267500000000000000e+05 9.599999999999999159e-03
2.268000000000000000e+05 9.799999999999999684e-03
2.268600000000000000e+05 1.009999999999999960e-02
2.269200000000000000e+05 1.030000000000000013e-02
2.269800000000000000e+05 1.050000000000000065e-02
2.270400000000000000e+05 1.080000000000000057e-02
2.270900000000000000e+05 1.110000000000000049e-02
2.271500000000000000e+05 1.129999999999999928e-02
2.272100000000000000e+05 1.159999999999999920e-02
2.272700000000000000e+05 1.190000000000000085e-02
2.273300000000000000e+05 1.220000000000000077e-02
2.273800000000000000e+05 1.250000000000000069e-02
2.274400000000000000e+05 1.290000000000000001e-02
2.275000000000000000e+05 1.319999999999999993e-02
2.275600000000000000e+05 1.349999999999999985e-02
2.276200000000000000e+05 1.389999999999999916e-02
2.276700000000000000e+05 1.430000000000000021e-02
2.277300000000000000e+05 1.469999999999999953e-02
2.277900000000000000e+05 1.499999999999999944e-02
2.278500000000000000e+05 1.549999999999999989e-02
2.279100000000000000e+05 1.590000000000000094e-02
2.279600000000000000e+05 1.629999999999999852e-02
2.280200000000000000e+05 1.669999999999999957e-02
2.280800000000000000e+05 1.720000000000000001e-02
2.281400000000000000e+05 1.760000000000000106e-02
2.282000000000000000e+05 1.810000000000000150e-02
2.282500000000000000e+05 1.859999999999999848e-02
2.283100000000000000e+05 1.909999999999999892e-02
2.283700000000000000e+05 1.959999999999999937e-02
2.284300000000000000e+05 2.009999999999999981e-02
2.284900000000000000e+05 2.060000000000000026e-02
2.285400000000000000e+05 2.120000000000000009e-02
2.286000000000000000e+05 2.170000000000000054e-02
2.286600000000000000e+05 2.230000000000000038e-02
2.287200000000000000e+05 2.280000000000000082e-02
2.287800000000000000e+05 2.340000000000000066e-02
2.288300000000000000e+05 2.400000000000000050e-02
2.288900000000000000e+05 2.460000000000000034e-02
2.289500000000000000e+05 2.520000000000000018e-02
2.290100000000000000e+05 2.580000000000000002e-02
2.290700000000000000e+05 2.649999999999999925e-02
2.291200000000000000e+05 2.719999999999999848e-02
2.291800000000000000e+05 2.779999999999999832e-02
2.292400000000000000e+05 2.850000000000000103e-02
2.293000000000000000e+05 2.920000000000000026e-02
2.293600000000000000e+05 2.989999999999999949e-02
2.294100000000000000e+05 3.059999999999999873e-02
2.294700000000000000e+05 3.139999999999999736e-02
2.295300000000000000e+05 3.209999999999999659e-02
2.295900000000000000e+05 3.289999999999999869e-02
2.296500000000000000e+05 3.370000000000000079e-02
2.297000000000000000e+05 3.450000000000000289e-02
2.297600000000000000e+05 3.529999999999999805e-02
2.298200000000000000e+05 3.610000000000000014e-02
2.298800000000000000e+05 3.699999999999999817e-02
2.299400000000000000e+05 3.780000000000000027e-02
2.299900000000000000e+05 3.869999999999999829e-02
2.300500000000000000e+05 3.960000000000000325e-02
2.301100000000000000e+05 4.050000000000000128e-02
2.301700000000000000e+05 4.139999999999999930e-02
2.302300000000000000e+05 4.240000000000000019e-02
2.302800000000000000e+05 4.340000000000000108e-02
2.303400000000000000e+05 4.440000000000000197e-02
2.304000000000000000e+05 4.540000000000000285e-02
2.304600000000000000e+05 4.649999999999999967e-02
2.305200000000000000e+05 4.760000000000000342e-02
2.305700000000000000e+05 4.859999999999999737e-02
2.306300000000000000e+05 4.979999999999999705e-02
2.306900000000000000e+05 5.090000000000000080e-02
2.307500000000000000e+05 5.210000000000000048e-02
2.308100000000000000e+05 5.330000000000000016e-02
2.308600000000000000e+05 5.449999999999999983e-02
2.309200000000000000e+05 5.580000000000000238e-02
2.309800000000000000e+05 5.700000000000000205e-02
2.310400000000000000e+05 5.840000000000000052e-02
2.311000000000000000e+05 5.970000000000000306e-02
2.311500000000000000e+05 6.110000000000000153e-02
2.312100000000000000e+05 6.239999999999999714e-02
2.312700000000000000e+05 6.389999999999999847e-02
2.313300000000000000e+05 6.529999999999999694e-02
2.313900000000000000e+05 6.679999999999999827e-02
2.314400000000000000e+05 6.829999999999999960e-02
2.315000000000000000e+05 6.980000000000000093e-02
2.315600000000000000e+05 7.130000000000000226e-02
2.316200000000000000e+05 7.290000000000000646e-02
2.316800000000000000e+05 7.449999999999999678e-02
2.317300000000000000e+05 7.610000000000000098e-02
2.317900000000000000e+05 7.770000000000000517e-02
2.318500000000000000e+05 7.939999999999999836e-02
2.319100000000000000e+05 8.100000000000000255e-02
2.319700000000000000e+05 8.269999999999999574e-02
2.320200000000000000e+05 8.440000000000000280e-02
2.320800000000000000e+05 8.609999999999999598e-02
2.321400000000000000e+05 8.790000000000000591e-02
2.322000000000000000e+05 8.959999999999999909e-02
2.322600000000000000e+05 9.139999999999999514e-02
2.323100000000000000e+05 9.320000000000000506e-02
2.323700000000000000e+05 9.489999999999999825e-02
2.324300000000000000e+05 9.669999999999999429e-02
2.324900000000000000e+05 9.850000000000000422e-02
2.325500000000000000e+05 1.003000000000000003e-01
2.326000000000000000e+05 1.021999999999999992e-01
2.326600000000000000e+05 1.039999999999999952e-01
2.327200000000000000e+05 1.058000000000000052e-01
2.327800000000000000e+05 1.077000000000000041e-01
2.328400000000000000e+05 1.095000000000000001e-01
2.328900000000000000e+05 1.113999999999999990e-01
2.329500000000000000e+05 1.131999999999999951e-01
2.330100000000000000e+05 1.150999999999999940e-01
2.330700000000000000e+05 1.169000000000000039e-01
2.331300000000000000e+05 1.188000000000000028e-01
2.331800000000000000e+05 1.207000000000000017e-01
2.332400000000000000e+05 1.224999999999999978e-01
2.333000000000000000e+05 1.243999999999999967e-01
2.333600000000000000e+05 1.262999999999999956e-01
2.334200000000000000e+05 1.280999999999999917e-01
2.334700000000000000e+05 1.300000000000000044e-01
2.335300000000000000e+05 1.318999999999999895e-01
2.335900000000000000e+05 1.337000000000000133e-01
2.336500000000000000e+05 1.355999999999999983e-01
2.337100000000000000e+05 1.373999999999999944e-01
2.337600000000000000e+05 1.393000000000000071e-01
2.338200000000000000e+05 1.411000000000000032e-01
2.338800000000000000e+05 1.428999999999999992e-01
2.339400000000000000e+05 1.448000000000000120e-01
2.340000000000000000e+05 1.466000000000000081e-01
2.340500000000000000e+05 1.484000000000000041e-01
2.341100000000000000e+05 1.502000000000000002e-01
2.341700000000000000e+05 1.519999999999999962e-01
2.342300000000000000e+05 1.537000000000000033e-01
2.342900000000000000e+05 1.554999999999999993e-01
2.343400000000000000e+05 1.572999999999999954e-01
2.344000000000000000e+05 1.590000000000000024e-01
2.344600000000000000e+05 1.607000000000000095e-01
2.345200000000000000e+05 1.623999999999999888e-01
2.345800000000000000e+05 1.640999999999999959e-01
2.346300000000000000e+05 1.658000000000000029e-01
2.346900000000000000e+05 1.673999999999999932e-01
2.347500000000000000e+05 1.690000000000000113e-01
2.348100000000000000e+05 1.706999999999999906e-01
2.348700000000000000e+05 1.721999999999999920e-01
2.349200000000000000e+05 1.738000000000000100e-01
2.349800000000000000e+05 1.754000000000000004e-01
2.350400000000000000e+05 1.769000000000000017e-01
2.351000000000000000e+05 1.784999999999999920e-01
2.351600000000000000e+05 1.801000000000000101e-01
2.352100000000000000e+05 1.816000000000000114e-01
2.352700000000000000e+05 1.831000000000000127e-01
2.353300000000000000e+05 1.845999999999999863e-01
2.353900000000000000e+05 1.860999999999999877e-01
2.354500000000000000e+05 1.875000000000000000e-01
2.355000000000000000e+05 1.889000000000000123e-01
2.355600000000000000e+05 1.902999999999999969e-01
2.356200000000000000e+05 1.915999999999999925e-01
2.356800000000000000e+05 1.928999999999999881e-01
2.357400000000000000e+05 1.942000000000000115e-01
2.357900000000000000e+05 1.955000000000000071e-01
2.358500000000000000e+05 1.967000000000000137e-01
2.359100000000000000e+05 1.978000000000000036e-01
2.359700000000000000e+05 1.990000000000000102e-01
2.360300000000000000e+05 2.001999999999999891e-01
2.360800000000000000e+05 2.011999999999999900e-01
2.361400000000000000e+05 2.023000000000000076e-01
2.362000000000000000e+05 2.033999999999999975e-01
2.362600000000000000e+05 2.043999999999999984e-01
2.363200000000000000e+05 2.053000000000000103e-01
2.363700000000000000e+05 2.063000000000000111e-01
2.364300000000000000e+05 2.071999999999999953e-01
2.364900000000000000e+05 2.081000000000000072e-01
2.365500000000000000e+05 2.089999999999999913e-01
2.366100000000000000e+05 2.099000000000000032e-01
2.366600000000000000e+05 2.106999999999999984e-01
2.367200000000000000e+05 2.114999999999999936e-01
2.367800000000000000e+05 2.122999999999999887e-01
2.368400000000000000e+05 2.129999999999999949e-01
2.369000000000000000e+05 2.137000000000000011e-01
2.369500000000000000e+05 2.144000000000000072e-01
2.370100000000000000e+05 2.151000000000000134e-01
2.370700000000000000e+05 2.157999999999999918e-01
2.371300000000000000e+05 2.164000000000000090e-01
2.371900000000000000e+05 2.169999999999999984e-01
2.372400000000000000e+05 2.175999999999999879e-01
2.373000000000000000e+05 2.182000000000000051e-01
2.373600000000000000e+05 2.187999999999999945e-01
2.374200000000000000e+05 2.194000000000000117e-01
2.374800000000000000e+05 2.199000000000000121e-01
2.375300000000000000e+05 2.204000000000000126e-01
2.375900000000000000e+05 2.209000000000000130e-01
2.376500000000000000e+05 2.214000000000000135e-01
2.377100000000000000e+05 2.217999999999999972e-01
2.377700000000000000e+05 2.222999999999999976e-01
2.378200000000000000e+05 2.227000000000000091e-01
2.378800000000000000e+05 2.232000000000000095e-01
2.379400000000000000e+05 2.235999999999999932e-01
2.380000000000000000e+05 2.240000000000000047e-01
2.380600000000000000e+05 2.243999999999999884e-01
2.381100000000000000e+05 2.247000000000000108e-01
2.381700000000000000e+05 2.250999999999999945e-01
2.382300000000000000e+05 2.253999999999999893e-01
2.382900000000000000e+05 2.258000000000000007e-01
2.383500000000000000e+05 2.260999999999999954e-01
2.384000000000000000e+05 2.263999999999999901e-01
2.384600000000000000e+05 2.267000000000000126e-01
2.385200000000000000e+05 2.270000000000000073e-01
2.385800000000000000e+05 2.273000000000000020e-01
2.386400000000000000e+05 2.275999999999999968e-01
2.386900000000000000e+05 2.278999999999999915e-01
2.387500000000000000e+05 2.280999999999999972e-01
2.388100000000000000e+05 2.283999999999999919e-01
2.388700000000000000e+05 2.285999999999999976e-01
2.389300000000000000e+05 2.288000000000000034e-01
2.389800000000000000e+05 2.290999999999999981e-01
2.390400000000000000e+05 2.293000000000000038e-01
2.391000000000000000e+05 2.295000000000000095e-01
2.391600000000000000e+05 2.296999999999999875e-01
2.392200000000000000e+05 2.298999999999999932e-01
2.392700000000000000e+05 2.300999999999999990e-01
2.393300000000000000e+05 2.301999999999999880e-01
2.393900000000000000e+05 2.303999999999999937e-01
2.394500000000000000e+05 2.305999999999999994e-01
2.395100000000000000e+05 2.306999999999999884e-01
2.395600000000000000e+05 2.308999999999999941e-01
2.396200000000000000e+05 2.310999999999999999e-01
2.396800000000000000e+05 2.311999999999999889e-01
2.397400000000000000e+05 2.313000000000000056e-01
2.398000000000000000e+05 2.315000000000000113e-01
2.398500000000000000e+05 2.316000000000000003e-01
2.399100000000000000e+05 2.316999999999999893e-01
2.399700000000000000e+05 2.318999999999999950e-01
2.400300000000000000e+05 2.318999999999999950e-01
2.400900000000000000e+05 2.318000000000000060e-01
2.401400000000000000e+05 2.316999999999999893e-01
2.402000000000000000e+05 2.316999999999999893e-01
2.402600000000000000e+05 2.316000000000000003e-01
2.403200000000000000e+05 2.315000000000000113e-01
2.403800000000000000e+05 2.313999999999999946e-01
2.404300000000000000e+05 2.313000000000000056e-01
2.404900000000000000e+05 2.311999999999999889e-01
2.405500000000000000e+05 2.310999999999999999e-01
2.406100000000000000e+05 2.310000000000000109e-01
2.406700000000000000e+05 2.308999999999999941e-01
2.407200000000000000e+05 2.308000000000000052e-01
2.407800000000000000e+05 2.306999999999999884e-01
2.408400000000000000e+05 2.305999999999999994e-01
2.409000000000000000e+05 2.305000000000000104e-01
2.409600000000000000e+05 2.303999999999999937e-01
2.410100000000000000e+05 2.303000000000000047e-01
2.410700000000000000e+05 2.301999999999999880e-01
2.411300000000000000e+05 2.300999999999999990e-01
2.411900000000000000e+05 2.300000000000000100e-01
2.412500000000000000e+05 2.298999999999999932e-01
2.413000000000000000e+05 2.298000000000000043e-01
2.413600000000000000e+05 2.296999999999999875e-01
2.414200000000000000e+05 2.295999999999999985e-01
2.414800000000000000e+05 2.295000000000000095e-01
2.415400000000000000e+05 2.293000000000000038e-01
2.415900000000000000e+05 2.291999999999999871e-01
2.416500000000000000e+05 2.290999999999999981e-01
2.417100000000000000e+05 2.290000000000000091e-01
2.417700000000000000e+05 2.288999999999999924e-01
2.418300000000000000e+05 2.286999999999999866e-01
2.418800000000000000e+05 2.285999999999999976e-01
2.419400000000000000e+05 2.285000000000000087e-01
2.420000000000000000e+05 2.283999999999999919e-01
2.420600000000000000e+05 2.281999999999999862e-01
2.421200000000000000e+05 2.280999999999999972e-01
2.421700000000000000e+05 2.278999999999999915e-01
2.422300000000000000e+05 2.278000000000000025e-01
2.422900000000000000e+05 2.277000000000000135e-01
2.423500000000000000e+05 2.275000000000000078e-01
2.424100000000000000e+05 2.273999999999999910e-01
2.424600000000000000e+05 2.273000000000000020e-01
2.425200000000000000e+05 2.270999999999999963e-01
2.425800000000000000e+05 2.270000000000000073e-01
2.426400000000000000e+05 2.268000000000000016e-01
2.427000000000000000e+05 2.267000000000000126e-01
2.427500000000000000e+05 2.265000000000000069e-01
2.428100000000000000e+05 2.263999999999999901e-01
2.428700000000000000e+05 2.263000000000000012e-01
2.429300000000000000e+05 2.260999999999999954e-01
2.429900000000000000e+05 2.260000000000000064e-01
2.430400000000000000e+05 2.258000000000000007e-01
2.431000000000000000e+05 2.257000000000000117e-01
2.431600000000000000e+05 2.255000000000000060e-01
2.432200000000000000e+05 2.253999999999999893e-01
2.432800000000000000e+05 2.252000000000000113e-01
2.433300000000000000e+05 2.250999999999999945e-01
2.433900000000000000e+05 2.250000000000000056e-01
2.434500000000000000e+05 2.247999999999999998e-01
2.435100000000000000e+05 2.247000000000000108e-01
2.435700000000000000e+05 2.245000000000000051e-01
2.436200000000000000e+05 2.243999999999999884e-01
2.436800000000000000e+05 2.242000000000000104e-01
2.437400000000000000e+05 2.240999999999999936e-01
2.438000000000000000e+05 2.240000000000000047e-01
2.438600000000000000e+05 2.237999999999999989e-01
2.439100000000000000e+05 2.237000000000000099e-01
2.439700000000000000e+05 2.235999999999999932e-01
2.440300000000000000e+05 2.233999999999999875e-01
2.440900000000000000e+05 2.232999999999999985e-01
2.441500000000000000e+05 2.232000000000000095e-01
2.442000000000000000e+05 2.230000000000000038e-01
2.442600000000000000e+05 2.228999999999999870e-01
2.443200000000000000e+05 2.227999999999999980e-01
2.443800000000000000e+05 2.225999999999999923e-01
2.444400000000000000e+05 2.225000000000000033e-01
2.444900000000000000e+05 2.223999999999999866e-01
2.445500000000000000e+05 2.222000000000000086e-01
2.446100000000000000e+05 2.220999999999999919e-01
2.446700000000000000e+05 2.220000000000000029e-01
2.447300000000000000e+05 2.218999999999999861e-01
2.447800000000000000e+05 2.217000000000000082e-01
2.448400000000000000e+05 2.215999999999999914e-01
2.449000000000000000e+05 2.215000000000000024e-01
2.449600000000000000e+05 2.214000000000000135e-01
2.450200000000000000e+05 2.212000000000000077e-01
2.450700000000000000e+05 2.210999999999999910e-01
2.451300000000000000e+05 2.210000000000000020e-01
2.451900000000000000e+05 2.209000000000000130e-01
2.452500000000000000e+05 2.207000000000000073e-01
2.453100000000000000e+05 2.205999999999999905e-01
2.453600000000000000e+05 2.205000000000000016e-01
2.454200000000000000e+05 2.204000000000000126e-01
2.454800000000000000e+05 2.202999999999999958e-01
2.455400000000000000e+05 2.200999999999999901e-01
2.456000000000000000e+05 2.200000000000000011e-01
2.456500000000000000e+05 2.199000000000000121e-01
2.457100000000000000e+05 2.197999999999999954e-01
2.457700000000000000e+05 2.195999999999999897e-01
2.458300000000000000e+05 2.195000000000000007e-01
2.458900000000000000e+05 2.194000000000000117e-01
2.459400000000000000e+05 2.192999999999999949e-01
2.460000000000000000e+05 2.190999999999999892e-01
2.460600000000000000e+05 2.190000000000000002e-01
2.461200000000000000e+05 2.189000000000000112e-01
2.461800000000000000e+05 2.187000000000000055e-01
2.462300000000000000e+05 2.185999999999999888e-01
2.462900000000000000e+05 2.184999999999999998e-01
2.463500000000000000e+05 2.182999999999999940e-01
2.464100000000000000e+05 2.182000000000000051e-01
2.464700000000000000e+05 2.179999999999999993e-01
2.465200000000000000e+05 2.179000000000000103e-01
2.465800000000000000e+05 2.177999999999999936e-01
2.466400000000000000e+05 2.175999999999999879e-01
2.467000000000000000e+05 2.174999999999999989e-01
2.467600000000000000e+05 2.172999999999999932e-01
2.468100000000000000e+05 2.172000000000000042e-01
2.468700000000000000e+05 2.169999999999999984e-01
2.469300000000000000e+05 2.169000000000000095e-01
2.469900000000000000e+05 2.167000000000000037e-01
2.470500000000000000e+05 2.164999999999999980e-01
2.471000000000000000e+05 2.164000000000000090e-01
2.471600000000000000e+05 2.162000000000000033e-01
2.472200000000000000e+05 2.160999999999999865e-01
2.472800000000000000e+05 2.159000000000000086e-01
2.473400000000000000e+05 2.157000000000000028e-01
2.473900000000000000e+05 2.156000000000000139e-01
2.474500000000000000e+05 2.154000000000000081e-01
2.475100000000000000e+05 2.152000000000000024e-01
2.475700000000000000e+05 2.151000000000000134e-01
2.476300000000000000e+05 2.149000000000000077e-01
2.476800000000000000e+05 2.147000000000000020e-01
2.477400000000000000e+05 2.144999999999999962e-01
2.478000000000000000e+05 2.144000000000000072e-01
2.478600000000000000e+05 2.142000000000000015e-01
2.479200000000000000e+05 2.139999999999999958e-01
2.479700000000000000e+05 2.137999999999999901e-01
2.480300000000000000e+05 2.136000000000000121e-01
2.480900000000000000e+05 2.134999999999999953e-01
2.481500000000000000e+05 2.132999999999999896e-01
2.482100000000000000e+05 2.131000000000000116e-01
2.482600000000000000e+05 2.129000000000000059e-01
2.483200000000000000e+05 2.127000000000000002e-01
2.483800000000000000e+05 2.124999999999999944e-01
2.484400000000000000e+05 2.122999999999999887e-01
2.485000000000000000e+05 2.121999999999999997e-01
2.485500000000000000e+05 2.119999999999999940e-01
2.486100000000000000e+05 2.117999999999999883e-01
2.486700000000000000e+05 2.116000000000000103e-01
2.487300000000000000e+05 2.114000000000000046e-01
2.487900000000000000e+05 2.111999999999999988e-01
2.488400000000000000e+05 2.109999999999999931e-01
2.489000000000000000e+05 2.107999999999999874e-01
2.489600000000000000e+05 2.106000000000000094e-01
2.490200000000000000e+05 2.104000000000000037e-01
2.490800000000000000e+05 2.101999999999999980e-01
2.491300000000000000e+05 2.099999999999999922e-01
2.491900000000000000e+05 2.097999999999999865e-01
2.492500000000000000e+05 2.096000000000000085e-01
2.493100000000000000e+05 2.094000000000000028e-01
2.493700000000000000e+05 2.091999999999999971e-01
2.494200000000000000e+05 2.089999999999999913e-01
2.494800000000000000e+05 2.088000000000000134e-01
2.495400000000000000e+05 2.084999999999999909e-01
2.496000000000000000e+05 2.083000000000000129e-01
2.496600000000000000e+05 2.081000000000000072e-01
2.497100000000000000e+05 2.079000000000000015e-01
2.497700000000000000e+05 2.076999999999999957e-01
2.498300000000000000e+05 2.074999999999999900e-01
2.498900000000000000e+05 2.073000000000000120e-01
2.499500000000000000e+05 2.071000000000000063e-01
2.500000000000000000e+05 2.068000000000000116e-01
2.500600000000000000e+05 2.066999999999999948e-01
2.501200000000000000e+05 2.064999999999999891e-01
2.501800000000000000e+05 2.063000000000000111e-01
2.502400000000000000e+05 2.061000000000000054e-01
2.502900000000000000e+05 2.058999999999999997e-01
2.503500000000000000e+05 2.056999999999999940e-01
2.504100000000000000e+05 2.056000000000000050e-01
2.504700000000000000e+05 2.053999999999999992e-01
2.505300000000000000e+05 2.051999999999999935e-01
2.505800000000000000e+05 2.049999999999999878e-01
2.506400000000000000e+05 2.048000000000000098e-01
2.507000000000000000e+05 2.046999999999999931e-01
2.507600000000000000e+05 2.044999999999999873e-01
2.508200000000000000e+05 2.043000000000000094e-01
2.508700000000000000e+05 2.041000000000000036e-01
2.509300000000000000e+05 2.038999999999999979e-01
2.509900000000000000e+05 2.036999999999999922e-01
2.510500000000000000e+05 2.036000000000000032e-01
2.511100000000000000e+05 2.033999999999999975e-01
2.511600000000000000e+05 2.031999999999999917e-01
2.512200000000000000e+05 2.030000000000000138e-01
2.512800000000000000e+05 2.028999999999999970e-01
2.513400000000000000e+05 2.026999999999999913e-01
2.514000000000000000e+05 2.025000000000000133e-01
2.514500000000000000e+05 2.023000000000000076e-01
2.515100000000000000e+05 2.021999999999999909e-01
2.515700000000000000e+05 2.020000000000000129e-01
2.516300000000000000e+05 2.018000000000000071e-01
2.516900000000000000e+05 2.016000000000000014e-01
2.517400000000000000e+05 2.015000000000000124e-01
2.518000000000000000e+05 2.013000000000000067e-01
2.518600000000000000e+05 2.011000000000000010e-01
2.519200000000000000e+05 2.010000000000000120e-01
2.519800000000000000e+05 2.008000000000000063e-01
2.520300000000000000e+05 2.006000000000000005e-01
2.520900000000000000e+05 2.005000000000000115e-01
2.521500000000000000e+05 2.003000000000000058e-01
2.522100000000000000e+05 2.001000000000000001e-01
2.522700000000000000e+05 2.000000000000000111e-01
2.523200000000000000e+05 1.998000000000000054e-01
2.523800000000000000e+05 1.995999999999999996e-01
2.524400000000000000e+05 1.995000000000000107e-01
2.525000000000000000e+05 1.993000000000000049e-01
2.525600000000000000e+05 1.990999999999999992e-01
2.526100000000000000e+05 1.990000000000000102e-01
2.526700000000000000e+05 1.988000000000000045e-01
2.527300000000000000e+05 1.985999999999999988e-01
2.527900000000000000e+05 1.985000000000000098e-01
2.528500000000000000e+05 1.983000000000000040e-01
2.529000000000000000e+05 1.980999999999999983e-01
2.529600000000000000e+05 1.978999999999999926e-01
2.530200000000000000e+05 1.978000000000000036e-01
2.530800000000000000e+05 1.975999999999999979e-01
2.531400000000000000e+05 1.973999999999999921e-01
2.531900000000000000e+05 1.973000000000000032e-01
2.532500000000000000e+05 1.970999999999999974e-01
2.533100000000000000e+05 1.968999999999999917e-01
2.533700000000000000e+05 1.967000000000000137e-01
2.534300000000000000e+05 1.965000000000000080e-01
2.534800000000000000e+05 1.963999999999999913e-01
2.535400000000000000e+05 1.962000000000000133e-01
2.536000000000000000e+05 1.960000000000000075e-01
2.536600000000000000e+05 1.958000000000000018e-01
2.537200000000000000e+05 1.957000000000000128e-01
2.537700000000000000e+05 1.955000000000000071e-01
2.538300000000000000e+05 1.953000000000000014e-01
2.538900000000000000e+05 1.950999999999999956e-01
2.539500000000000000e+05 1.950000000000000067e-01
2.540100000000000000e+05 1.948000000000000009e-01
2.540600000000000000e+05 1.945999999999999952e-01
2.541200000000000000e+05 1.943999999999999895e-01
2.541800000000000000e+05 1.942000000000000115e-01
2.542400000000000000e+05 1.940999999999999948e-01
2.543000000000000000e+05 1.938999999999999890e-01
2.543500000000000000e+05 1.937000000000000111e-01
2.544100000000000000e+05 1.935000000000000053e-01
2.544700000000000000e+05 1.933999999999999886e-01
2.545300000000000000e+05 1.932000000000000106e-01
2.545900000000000000e+05 1.930000000000000049e-01
2.546400000000000000e+05 1.927999999999999992e-01
2.547000000000000000e+05 1.927000000000000102e-01
2.547600000000000000e+05 1.925000000000000044e-01
2.548200000000000000e+05 1.922999999999999987e-01
2.548800000000000000e+05 1.922000000000000097e-01
2.549300000000000000e+05 1.920000000000000040e-01
2.549900000000000000e+05 1.917999999999999983e-01
2.550500000000000000e+05 1.915999999999999925e-01
2.551100000000000000e+05 1.912999999999999978e-01
2.551700000000000000e+05 1.910000000000000031e-01
2.552200000000000000e+05 1.907999999999999974e-01
2.552800000000000000e+05 1.905000000000000027e-01
2.553400000000000000e+05 1.902000000000000079e-01
2.554000000000000000e+05 1.900000000000000022e-01
2.554600000000000000e+05 1.897000000000000075e-01
2.555100000000000000e+05 1.894000000000000128e-01
2.555700000000000000e+05 1.892000000000000071e-01
2.556300000000000000e+05 1.889000000000000123e-01
2.556900000000000000e+05 1.885999999999999899e-01
2.557500000000000000e+05 1.884000000000000119e-01
2.558000000000000000e+05 1.880999999999999894e-01
2.558600000000000000e+05 1.877999999999999947e-01
2.559200000000000000e+05 1.875999999999999890e-01
2.559800000000000000e+05 1.872999999999999943e-01
2.560400000000000000e+05 1.869999999999999996e-01
2.560900000000000000e+05 1.867999999999999938e-01
2.561500000000000000e+05 1.864999999999999991e-01
2.562100000000000000e+05 1.862000000000000044e-01
2.562700000000000000e+05 1.859999999999999987e-01
2.563300000000000000e+05 1.857000000000000040e-01
2.563800000000000000e+05 1.854000000000000092e-01
2.564400000000000000e+05 1.852000000000000035e-01
2.565000000000000000e+05 1.849000000000000088e-01
2.565600000000000000e+05 1.845999999999999863e-01
2.566200000000000000e+05 1.844000000000000083e-01
2.566700000000000000e+05 1.841000000000000136e-01
2.567300000000000000e+05 1.837999999999999912e-01
2.567900000000000000e+05 1.836000000000000132e-01
2.568500000000000000e+05 1.832999999999999907e-01
2.569100000000000000e+05 1.829999999999999960e-01
2.569600000000000000e+05 1.827999999999999903e-01
2.570200000000000000e+05 1.824999999999999956e-01
2.570800000000000000e+05 1.822000000000000008e-01
2.571400000000000000e+05 1.819000000000000061e-01
2.572000000000000000e+05 1.817000000000000004e-01
2.572500000000000000e+05 1.814000000000000057e-01
2.573100000000000000e+05 1.811000000000000110e-01
2.573700000000000000e+05 1.809000000000000052e-01
2.574300000000000000e+05 1.806000000000000105e-01
2.574900000000000000e+05 1.802999999999999881e-01
2.575400000000000000e+05 1.799999999999999933e-01
2.576000000000000000e+05 1.797999999999999876e-01
2.576600000000000000e+05 1.794999999999999929e-01
2.577200000000000000e+05 1.791999999999999982e-01
2.577800000000000000e+05 1.789000000000000035e-01
2.578300000000000000e+05 1.786000000000000087e-01
2.578900000000000000e+05 1.784000000000000030e-01
2.579500000000000000e+05 1.781000000000000083e-01
2.580100000000000000e+05 1.778000000000000136e-01
2.580700000000000000e+05 1.774999999999999911e-01
2.581200000000000000e+05 1.771999999999999964e-01
2.581800000000000000e+05 1.769000000000000017e-01
2.582400000000000000e+05 1.766999999999999960e-01
2.583000000000000000e+05 1.764000000000000012e-01
2.583600000000000000e+05 1.761000000000000065e-01
2.584100000000000000e+05 1.758000000000000118e-01
2.584700000000000000e+05 1.754999999999999893e-01
2.585300000000000000e+05 1.751999999999999946e-01
2.585900000000000000e+05 1.748999999999999999e-01
2.586500000000000000e+05 1.746000000000000052e-01
2.587000000000000000e+05 1.743000000000000105e-01
2.587600000000000000e+05 1.739999999999999880e-01
2.588200000000000000e+05 1.736999999999999933e-01
2.588800000000000000e+05 1.733999999999999986e-01
2.589400000000000000e+05 1.731000000000000039e-01
2.589900000000000000e+05 1.728000000000000091e-01
2.590500000000000000e+05 1.724999999999999867e-01
2.591100000000000000e+05 1.721999999999999920e-01
2.591700000000000000e+05 1.718999999999999972e-01
2.592300000000000000e+05 1.716000000000000025e-01
2.592800000000000000e+05 1.713000000000000078e-01
2.593400000000000000e+05 1.708999999999999964e-01
2.594000000000000000e+05 1.706000000000000016e-01
2.594600000000000000e+05 1.703000000000000069e-01
2.595200000000000000e+05 1.700000000000000122e-01
2.595700000000000000e+05 1.696000000000000008e-01
2.596300000000000000e+05 1.693000000000000060e-01
2.596900000000000000e+05 1.690000000000000113e-01
2.597500000000000000e+05 1.685999999999999999e-01
2.598100000000000000e+05 1.683000000000000052e-01
2.598600000000000000e+05 1.680000000000000104e-01
2.599200000000000000e+05 1.675999999999999990e-01
2.599800000000000000e+05 1.673000000000000043e-01
2.600400000000000000e+05 1.668000000000000038e-01
2.601000000000000000e+05 1.663999999999999924e-01
2.601500000000000000e+05 1.658999999999999919e-01
2.602100000000000000e+05 1.655000000000000082e-01
2.602700000000000000e+05 1.650000000000000078e-01
2.603300000000000000e+05 1.645000000000000073e-01
2.603900000000000000e+05 1.640999999999999959e-01
2.604400000000000000e+05 1.635999999999999954e-01
2.605000000000000000e+05 1.630999999999999950e-01
2.605600000000000000e+05 1.627000000000000113e-01
2.606200000000000000e+05 1.622000000000000108e-01
2.606800000000000000e+05 1.617000000000000104e-01
2.607300000000000000e+05 1.612000000000000099e-01
2.607900000000000000e+05 1.607000000000000095e-01
2.608500000000000000e+05 1.602000000000000091e-01
2.609100000000000000e+05 1.597999999999999976e-01
2.609700000000000000e+05 1.592999999999999972e-01
2.610200000000000000e+05 1.587999999999999967e-01
2.610800000000000000e+05 1.582999999999999963e-01
2.611400000000000000e+05 1.577999999999999958e-01
2.612000000000000000e+05 1.572999999999999954e-01
2.612600000000000000e+05 1.567999999999999949e-01
2.613100000000000000e+05 1.562999999999999945e-01
2.613700000000000000e+05 1.557999999999999940e-01
2.614300000000000000e+05 1.552999999999999936e-01
2.614900000000000000e+05 1.547999999999999932e-01
2.615500000000000000e+05 1.542999999999999927e-01
2.616000000000000000e+05 1.537999999999999923e-01
2.616600000000000000e+05 1.532999999999999918e-01
2.617200000000000000e+05 1.527999999999999914e-01
2.617800000000000000e+05 1.522999999999999909e-01
2.618400000000000000e+05 1.517999999999999905e-01
2.618900000000000000e+05 1.512999999999999901e-01
2.619500000000000000e+05 1.507999999999999896e-01
2.620100000000000000e+05 1.502999999999999892e-01
2.620700000000000000e+05 1.497999999999999887e-01
2.621300000000000000e+05 1.492999999999999883e-01
2.621800000000000000e+05 1.487999999999999878e-01
2.622400000000000000e+05 1.482999999999999874e-01
2.623000000000000000e+05 1.477999999999999869e-01
2.623600000000000000e+05 1.472999999999999865e-01
2.624200000000000000e+05 1.468000000000000138e-01
2.624700000000000000e+05 1.463000000000000134e-01
2.625300000000000000e+05 1.458000000000000129e-01
2.625900000000000000e+05 1.453000000000000125e-01
2.626500000000000000e+05 1.448000000000000120e-01
2.627100000000000000e+05 1.444000000000000006e-01
2.627600000000000000e+05 1.439000000000000001e-01
2.628200000000000000e+05 1.433999999999999997e-01
2.628800000000000000e+05 1.428999999999999992e-01
2.629400000000000000e+05 1.424999999999999878e-01
2.630000000000000000e+05 1.419999999999999873e-01
2.630500000000000000e+05 1.414999999999999869e-01
2.631100000000000000e+05 1.409999999999999865e-01
2.631700000000000000e+05 1.406000000000000028e-01
2.632300000000000000e+05 1.401000000000000023e-01
2.632900000000000000e+05 1.396999999999999909e-01
2.633400000000000000e+05 1.391999999999999904e-01
2.634000000000000000e+05 1.388000000000000067e-01
2.634600000000000000e+05 1.383000000000000063e-01
2.635200000000000000e+05 1.378999999999999948e-01
2.635800000000000000e+05 1.373999999999999944e-01
2.636300000000000000e+05 1.370000000000000107e-01
2.636900000000000000e+05 1.365000000000000102e-01
2.637500000000000000e+05 1.360999999999999988e-01
2.638100000000000000e+05 1.356999999999999873e-01
2.638700000000000000e+05 1.351999999999999869e-01
2.639200000000000000e+05 1.348000000000000032e-01
2.639800000000000000e+05 1.343999999999999917e-01
2.640400000000000000e+05 1.340000000000000080e-01
2.641000000000000000e+05 1.335999999999999965e-01
2.641600000000000000e+05 1.330999999999999961e-01
2.642100000000000000e+05 1.327000000000000124e-01
2.642700000000000000e+05 1.323000000000000009e-01
2.643300000000000000e+05 1.318999999999999895e-01
2.643900000000000000e+05 1.315000000000000058e-01
2.644500000000000000e+05 1.310999999999999943e-01
2.645000000000000000e+05 1.307000000000000106e-01
2.645600000000000000e+05 1.302999999999999992e-01
2.646200000000000000e+05 1.298999999999999877e-01
2.646800000000000000e+05 1.295000000000000040e-01
2.647400000000000000e+05 1.290999999999999925e-01
2.647900000000000000e+05 1.287000000000000088e-01
2.648500000000000000e+05 1.282999999999999974e-01
2.649100000000000000e+05 1.279000000000000137e-01
2.649700000000000000e+05 1.275000000000000022e-01
2.650300000000000000e+05 1.272000000000000075e-01
2.650800000000000000e+05 1.269000000000000128e-01
2.651400000000000000e+05 1.267000000000000071e-01
2.652000000000000000e+05 1.264000000000000123e-01
2.652600000000000000e+05 1.260999999999999899e-01
2.653200000000000000e+05 1.257999999999999952e-01
2.653700000000000000e+05 1.255000000000000004e-01
2.654300000000000000e+05 1.252999999999999947e-01
2.654900000000000000e+05 1.250000000000000000e-01
2.655500000000000000e+05 1.247000000000000053e-01
2.656100000000000000e+05 1.244999999999999996e-01
2.656600000000000000e+05 1.242000000000000048e-01
2.657200000000000000e+05 1.238999999999999962e-01
2.657800000000000000e+05 1.236000000000000015e-01
2.658400000000000000e+05 1.233999999999999958e-01
2.659000000000000000e+05 1.231000000000000011e-01
2.659500000000000000e+05 1.228000000000000064e-01
2.660100000000000000e+05 1.224999999999999978e-01
2.660700000000000000e+05 1.223000000000000059e-01
2.661300000000000000e+05 1.219999999999999973e-01
2.661900000000000000e+05 1.217000000000000026e-01
2.662400000000000000e+05 1.214999999999999969e-01
2.663000000000000000e+05 1.212000000000000022e-01
2.663600000000000000e+05 1.208999999999999936e-01
2.664200000000000000e+05 1.205999999999999989e-01
2.664800000000000000e+05 1.203000000000000042e-01
2.665300000000000000e+05 1.199999999999999956e-01
2.665900000000000000e+05 1.198000000000000037e-01
2.666500000000000000e+05 1.194999999999999951e-01
2.667100000000000000e+05 1.192000000000000004e-01
2.667700000000000000e+05 1.189000000000000057e-01
2.668200000000000000e+05 1.185999999999999971e-01
2.668800000000000000e+05 1.183000000000000024e-01
2.669400000000000000e+05 1.179999999999999938e-01
2.670000000000000000e+05 1.176999999999999991e-01
2.670600000000000000e+05 1.174000000000000044e-01
2.671100000000000000e+05 1.170999999999999958e-01
2.671700000000000000e+05 1.168000000000000010e-01
2.672300000000000000e+05 1.165000000000000063e-01
2.672900000000000000e+05 1.161999999999999977e-01
2.673500000000000000e+05 1.159000000000000030e-01
2.674000000000000000e+05 1.155000000000000054e-01
2.674600000000000000e+05 1.151999999999999968e-01
2.675200000000000000e+05 1.149000000000000021e-01
2.675800000000000000e+05 1.145999999999999935e-01
2.676400000000000000e+05 1.142999999999999988e-01
2.676900000000000000e+05 1.139000000000000012e-01
2.677500000000000000e+05 1.136000000000000065e-01
2.678100000000000000e+05 1.132999999999999979e-01
2.678700000000000000e+05 1.129000000000000004e-01
2.679300000000000000e+05 1.126000000000000056e-01
2.679800000000000000e+05 1.121999999999999942e-01
2.680400000000000000e+05 1.118999999999999995e-01
2.681000000000000000e+05 1.116000000000000048e-01
2.681600000000000000e+05 1.111999999999999933e-01
2.682200000000000000e+05 1.108999999999999986e-01
2.682700000000000000e+05 1.105000000000000010e-01
2.683300000000000000e+05 1.102000000000000063e-01
2.683900000000000000e+05 1.097999999999999948e-01
2.684500000000000000e+05 1.095000000000000001e-01
2.685100000000000000e+05 1.092000000000000054e-01
2.685600000000000000e+05 1.087999999999999939e-01
2.686200000000000000e+05 1.084999999999999992e-01
2.686800000000000000e+05 1.081000000000000016e-01
2.687400000000000000e+05 1.078000000000000069e-01
2.688000000000000000e+05 1.073999999999999955e-01
2.688500000000000000e+05 1.071000000000000008e-01
2.689100000000000000e+05 1.068000000000000060e-01
2.689700000000000000e+05 1.063999999999999946e-01
2.690300000000000000e+05 1.060999999999999999e-01
2.690900000000000000e+05 1.057000000000000023e-01
2.691400000000000000e+05 1.053999999999999937e-01
2.692000000000000000e+05 1.050999999999999990e-01
2.692600000000000000e+05 1.048000000000000043e-01
2.693200000000000000e+05 1.044999999999999957e-01
2.693800000000000000e+05 1.040999999999999981e-01
2.694300000000000000e+05 1.038000000000000034e-01
2.694900000000000000e+05 1.034999999999999948e-01
2.695500000000000000e+05 1.032000000000000001e-01
2.696100000000000000e+05 1.029000000000000054e-01
2.696700000000000000e+05 1.025999999999999968e-01
2.697200000000000000e+05 1.023000000000000020e-01
2.697800000000000000e+05 1.019999999999999934e-01
2.698400000000000000e+05 1.016999999999999987e-01
2.699000000000000000e+05 1.014000000000000040e-01
2.699600000000000000e+05 1.010999999999999954e-01
2.700100000000000000e+05 1.009000000000000036e-01
2.700700000000000000e+05 1.006999999999999978e-01
2.701300000000000000e+05 1.005000000000000060e-01
2.701900000000000000e+05 1.001999999999999974e-01
2.702500000000000000e+05 1.000000000000000056e-01
2.703000000000000000e+05 9.979999999999999982e-02
2.703600000000000000e+05 9.959999999999999409e-02
2.704200000000000000e+05 9.940000000000000224e-02
2.704800000000000000e+05 9.919999999999999651e-02
2.705400000000000000e+05 9.900000000000000466e-02
2.705900000000000000e+05 9.879999999999999893e-02
2.706500000000000000e+05 9.869999999999999607e-02
2.707100000000000000e+05 9.850000000000000422e-02
2.707700000000000000e+05 9.829999999999999849e-02
2.708300000000000000e+05 9.810000000000000664e-02
2.708800000000000000e+05 9.790000000000000091e-02
2.709400000000000000e+05 9.779999999999999805e-02
2.710000000000000000e+05 9.760000000000000620e-02
2.710600000000000000e+05 9.740000000000000047e-02
2.711200000000000000e+05 9.719999999999999474e-02
2.711700000000000000e+05 9.710000000000000575e-02
2.712300000000000000e+05 9.690000000000000002e-02
2.712900000000000000e+05 9.669999999999999429e-02
2.713500000000000000e+05 9.660000000000000531e-02
2.714100000000000000e+05 9.639999999999999958e-02
2.714600000000000000e+05 9.619999999999999385e-02
2.715200000000000000e+05 9.610000000000000486e-02
2.715800000000000000e+05 9.589999999999999913e-02
2.716400000000000000e+05 9.579999999999999627e-02
2.717000000000000000e+05 9.560000000000000442e-02
2.717500000000000000e+05 9.539999999999999869e-02
2.718100000000000000e+05 9.529999999999999583e-02
2.718700000000000000e+05 9.510000000000000397e-02
2.719300000000000000e+05 9.500000000000000111e-02
2.719900000000000000e+05 9.479999999999999538e-02
2.720400000000000000e+05 9.460000000000000353e-02
2.721000000000000000e+05 9.450000000000000067e-02
2.721600000000000000e+05 9.429999999999999494e-02
2.722200000000000000e+05 9.420000000000000595e-02
2.722800000000000000e+05 9.400000000000000022e-02
2.723300000000000000e+05 9.379999999999999449e-02
2.723900000000000000e+05 9.370000000000000551e-02
2.724500000000000000e+05 9.349999999999999978e-02
2.725100000000000000e+05 9.339999999999999691e-02
2.725700000000000000e+05 9.320000000000000506e-02
2.726200000000000000e+05 9.299999999999999933e-02
2.726800000000000000e+05 9.289999999999999647e-02
2.727400000000000000e+05 9.270000000000000462e-02
2.728000000000000000e+05 9.260000000000000175e-02
2.728600000000000000e+05 9.239999999999999603e-02
2.729100000000000000e+05 9.220000000000000417e-02
2.729700000000000000e+05 9.210000000000000131e-02
2.730300000000000000e+05 9.189999999999999558e-02
2.730900000000000000e+05 9.170000000000000373e-02
2.731500000000000000e+05 9.160000000000000087e-02
2.732000000000000000e+05 9.139999999999999514e-02
2.732600000000000000e+05 9.130000000000000615e-02
2.733200000000000000e+05 9.110000000000000042e-02
2.733800000000000000e+05 9.089999999999999469e-02
2.734400000000000000e+05 9.080000000000000571e-02
2.734900000000000000e+05 9.059999999999999998e-02
2.735500000000000000e+05 9.039999999999999425e-02
2.736100000000000000e+05 9.030000000000000526e-02
2.736700000000000000e+05 9.009999999999999953e-02
2.737300000000000000e+05 8.989999999999999380e-02
2.737800000000000000e+05 8.970000000000000195e-02
2.738400000000000000e+05 8.959999999999999909e-02
2.739000000000000000e+05 8.939999999999999336e-02
2.739600000000000000e+05 8.920000000000000151e-02
2.740200000000000000e+05 8.909999999999999865e-02
2.740700000000000000e+05 8.890000000000000679e-02
2.741300000000000000e+05 8.870000000000000107e-02
2.741900000000000000e+05 8.849999999999999534e-02
2.742500000000000000e+05 8.830000000000000349e-02
2.743100000000000000e+05 8.820000000000000062e-02
2.743600000000000000e+05 8.799999999999999489e-02
2.744200000000000000e+05 8.780000000000000304e-02
2.744800000000000000e+05 8.759999999999999731e-02
2.745400000000000000e+05 8.749999999999999445e-02
2.746000000000000000e+05 8.730000000000000260e-02
2.746500000000000000e+05 8.709999999999999687e-02
2.747100000000000000e+05 8.690000000000000502e-02
2.747700000000000000e+05 8.669999999999999929e-02
2.748300000000000000e+05 8.649999999999999356e-02
2.748900000000000000e+05 8.640000000000000457e-02
2.749400000000000000e+05 8.619999999999999885e-02
2.750000000000000000e+05 8.599999999999999312e-02
2.750600000000000000e+05 8.559999999999999554e-02
2.751200000000000000e+05 8.530000000000000082e-02
2.751800000000000000e+05 8.500000000000000611e-02
2.752300000000000000e+05 8.459999999999999465e-02
2.752900000000000000e+05 8.429999999999999993e-02
2.753500000000000000e+05 8.390000000000000235e-02
2.754100000000000000e+05 8.359999999999999376e-02
2.754700000000000000e+05 8.329999999999999905e-02
2.755200000000000000e+05 8.290000000000000147e-02
2.755800000000000000e+05 8.260000000000000675e-02
2.756400000000000000e+05 8.219999999999999529e-02
2.757000000000000000e+05 8.190000000000000058e-02
2.757600000000000000e+05 8.160000000000000586e-02
2.758100000000000000e+05 8.119999999999999440e-02
2.758700000000000000e+05 8.089999999999999969e-02
2.759300000000000000e+05 8.050000000000000211e-02
2.759900000000000000e+05 8.019999999999999352e-02
2.760500000000000000e+05 7.989999999999999880e-02
2.761000000000000000e+05 7.950000000000000122e-02
2.761600000000000000e+05 7.920000000000000651e-02
2.762200000000000000e+05 7.889999999999999791e-02
2.762800000000000000e+05 7.850000000000000033e-02
2.763400000000000000e+05 7.820000000000000562e-02
2.763900000000000000e+05 7.779999999999999416e-02
2.764500000000000000e+05 7.749999999999999944e-02
2.765100000000000000e+05 7.720000000000000473e-02
2.765700000000000000e+05 7.679999999999999327e-02
2.766300000000000000e+05 7.649999999999999856e-02
2.766800000000000000e+05 7.620000000000000384e-02
2.767400000000000000e+05 7.580000000000000626e-02
2.768000000000000000e+05 7.549999999999999767e-02
2.768600000000000000e+05 7.520000000000000295e-02
2.769200000000000000e+05 7.480000000000000537e-02
2.769700000000000000e+05 7.449999999999999678e-02
2.770300000000000000e+05 7.420000000000000207e-02
2.770900000000000000e+05 7.389999999999999347e-02
2.771500000000000000e+05 7.349999999999999589e-02
2.772100000000000000e+05 7.320000000000000118e-02
2.772600000000000000e+05 7.290000000000000646e-02
2.773200000000000000e+05 7.249999999999999500e-02
2.773800000000000000e+05 7.220000000000000029e-02
2.774400000000000000e+05 7.190000000000000557e-02
2.775000000000000000e+05 7.159999999999999698e-02
2.775500000000000000e+05 7.119999999999999940e-02
2.776100000000000000e+05 7.090000000000000469e-02
2.776700000000000000e+05 7.059999999999999609e-02
2.777300000000000000e+05 7.019999999999999851e-02
2.777900000000000000e+05 6.990000000000000380e-02
2.778400000000000000e+05 6.959999999999999520e-02
2.779000000000000000e+05 6.930000000000000049e-02
2.779600000000000000e+05 6.890000000000000291e-02
2.780200000000000000e+05 6.859999999999999432e-02
2.780800000000000000e+05 6.829999999999999960e-02
2.781300000000000000e+05 6.800000000000000488e-02
2.781900000000000000e+05 6.759999999999999343e-02
2.782500000000000000e+05 6.729999999999999871e-02
2.783100000000000000e+05 6.700000000000000400e-02
2.783700000000000000e+05 6.669999999999999540e-02
2.784200000000000000e+05 6.629999999999999782e-02
2.784800000000000000e+05 6.600000000000000311e-02
2.785400000000000000e+05 6.569999999999999452e-02
2.786000000000000000e+05 6.539999999999999980e-02
2.786600000000000000e+05 6.500000000000000222e-02
2.787100000000000000e+05 6.469999999999999363e-02
2.787700000000000000e+05 6.439999999999999891e-02
2.788300000000000000e+05 6.400000000000000133e-02
2.788900000000000000e+05 6.370000000000000662e-02
2.789500000000000000e+05 6.339999999999999802e-02
2.790000000000000000e+05 6.310000000000000331e-02
2.790600000000000000e+05 6.270000000000000573e-02
2.791200000000000000e+05 6.239999999999999714e-02
2.791800000000000000e+05 6.210000000000000242e-02
2.792400000000000000e+05 6.169999999999999790e-02
2.792900000000000000e+05 6.140000000000000319e-02
2.793500000000000000e+05 6.110000000000000153e-02
2.794100000000000000e+05 6.069999999999999701e-02
2.794700000000000000e+05 6.040000000000000230e-02
2.795300000000000000e+05 6.010000000000000064e-02
2.795800000000000000e+05 5.979999999999999899e-02
2.796400000000000000e+05 5.940000000000000141e-02
2.797000000000000000e+05 5.909999999999999976e-02
2.797600000000000000e+05 5.879999999999999810e-02
2.798200000000000000e+05 5.840000000000000052e-02
2.798700000000000000e+05 5.809999999999999887e-02
2.799300000000000000e+05 5.779999999999999721e-02
2.799900000000000000e+05 5.739999999999999963e-02
2.800500000000000000e+05 5.720000000000000084e-02
2.801100000000000000e+05 5.689999999999999919e-02
2.801600000000000000e+05 5.670000000000000040e-02
2.802200000000000000e+05 5.650000000000000161e-02
2.802800000000000000e+05 5.619999999999999996e-02
2.803400000000000000e+05 5.600000000000000117e-02
2.804000000000000000e+05 5.569999999999999951e-02
2.804500000000000000e+05 5.550000000000000072e-02
2.805100000000000000e+05 5.530000000000000193e-02
2.805700000000000000e+05 5.500000000000000028e-02
2.806300000000000000e+05 5.480000000000000149e-02
2.806900000000000000e+05 5.449999999999999983e-02
2.807400000000000000e+05 5.430000000000000104e-02
2.808000000000000000e+05 5.410000000000000225e-02
2.808600000000000000e+05 5.380000000000000060e-02
2.809200000000000000e+05 5.360000000000000181e-02
2.809800000000000000e+05 5.330000000000000016e-02
2.810300000000000000e+05 5.310000000000000137e-02
2.810900000000000000e+05 5.290000000000000258e-02
2.811500000000000000e+05 5.260000000000000092e-02
2.812100000000000000e+05 5.240000000000000213e-02
2.812700000000000000e+05 5.210000000000000048e-02
2.813200000000000000e+05 5.190000000000000169e-02
2.813800000000000000e+05 5.170000000000000290e-02
2.814400000000000000e+05 5.140000000000000124e-02
2.815000000000000000e+05 5.120000000000000245e-02
2.815600000000000000e+05 5.090000000000000080e-02
2.816100000000000000e+05 5.070000000000000201e-02
2.816700000000000000e+05 5.050000000000000322e-02
2.817300000000000000e+05 5.020000000000000157e-02
2.817900000000000000e+05 5.000000000000000278e-02
2.818500000000000000e+05 4.970000000000000112e-02
2.819000000000000000e+05 4.950000000000000233e-02
2.819600000000000000e+05 4.929999999999999660e-02
2.820200000000000000e+05 4.900000000000000189e-02
2.820800000000000000e+05 4.880000000000000310e-02
2.821400000000000000e+05 4.850000000000000144e-02
2.821900000000000000e+05 4.830000000000000265e-02
2.822500000000000000e+05 4.800000000000000100e-02
2.823100000000000000e+05 4.780000000000000221e-02
2.823700000000000000e+05 4.760000000000000342e-02
2.824300000000000000e+05 4.730000000000000177e-02
2.824800000000000000e+05 4.710000000000000298e-02
2.825400000000000000e+05 4.680000000000000132e-02
2.826000000000000000e+05 4.660000000000000253e-02
2.826600000000000000e+05 4.630000000000000088e-02
2.827200000000000000e+05 4.610000000000000209e-02
2.827700000000000000e+05 4.590000000000000330e-02
2.828300000000000000e+05 4.560000000000000164e-02
2.828900000000000000e+05 4.540000000000000285e-02
2.829500000000000000e+05 4.510000000000000120e-02
2.830100000000000000e+05 4.490000000000000241e-02
2.830600000000000000e+05 4.460000000000000075e-02
2.831200000000000000e+05 4.440000000000000197e-02
2.831800000000000000e+05 4.420000000000000318e-02
2.832400000000000000e+05 4.390000000000000152e-02
2.833000000000000000e+05 4.370000000000000273e-02
2.833500000000000000e+05 4.340000000000000108e-02
2.834100000000000000e+05 4.320000000000000229e-02
2.834700000000000000e+05 4.290000000000000063e-02
2.835300000000000000e+05 4.270000000000000184e-02
2.835900000000000000e+05 4.240000000000000019e-02
2.836400000000000000e+05 4.220000000000000140e-02
2.837000000000000000e+05 4.189999999999999974e-02
2.837600000000000000e+05 4.170000000000000095e-02
2.838200000000000000e+05 4.139999999999999930e-02
2.838800000000000000e+05 4.120000000000000051e-02
2.839300000000000000e+05 4.089999999999999886e-02
2.839900000000000000e+05 4.070000000000000007e-02
2.840500000000000000e+05 4.039999999999999841e-02
2.841100000000000000e+05 4.019999999999999962e-02
2.841700000000000000e+05 3.989999999999999797e-02
2.842200000000000000e+05 3.969999999999999918e-02
2.842800000000000000e+05 3.939999999999999752e-02
2.843400000000000000e+05 3.919999999999999873e-02
2.844000000000000000e+05 3.889999999999999708e-02
2.844600000000000000e+05 3.869999999999999829e-02
2.845100000000000000e+05 3.839999999999999664e-02
2.845700000000000000e+05 3.819999999999999785e-02
2.846300000000000000e+05 3.790000000000000313e-02
2.846900000000000000e+05 3.769999999999999740e-02
2.847500000000000000e+05 3.740000000000000269e-02
2.848000000000000000e+05 3.719999999999999696e-02
2.848600000000000000e+05 3.690000000000000224e-02
2.849200000000000000e+05 3.670000000000000345e-02
2.849800000000000000e+05 3.640000000000000180e-02
2.850400000000000000e+05 3.629999999999999893e-02
2.850900000000000000e+05 3.620000000000000301e-02
2.851500000000000000e+05 3.620000000000000301e-02
2.852100000000000000e+05 3.610000000000000014e-02
2.852700000000000000e+05 3.610000000000000014e-02
2.853300000000000000e+05 3.599999999999999728e-02
2.853800000000000000e+05 3.590000000000000135e-02
2.854400000000000000e+05 3.590000000000000135e-02
2.855000000000000000e+05 3.579999999999999849e-02
2.855600000000000000e+05 3.579999999999999849e-02
2.856200000000000000e+05 3.570000000000000256e-02
2.856700000000000000e+05 3.570000000000000256e-02
2.857300000000000000e+05 3.559999999999999970e-02
2.857900000000000000e+05 3.549999999999999684e-02
2.858500000000000000e+05 3.549999999999999684e-02
2.859100000000000000e+05 3.540000000000000091e-02
2.859600000000000000e+05 3.540000000000000091e-02
2.860200000000000000e+05 3.529999999999999805e-02
2.860800000000000000e+05 3.520000000000000212e-02
2.861400000000000000e+05 3.520000000000000212e-02
2.862000000000000000e+05 3.509999999999999926e-02
2.862500000000000000e+05 3.509999999999999926e-02
2.863100000000000000e+05 3.500000000000000333e-02
2.863700000000000000e+05 3.490000000000000047e-02
2.864300000000000000e+05 3.490000000000000047e-02
2.864900000000000000e+05 3.479999999999999760e-02
2.865400000000000000e+05 3.479999999999999760e-02
2.866000000000000000e+05 3.470000000000000168e-02
2.866600000000000000e+05 3.470000000000000168e-02
2.867200000000000000e+05 3.459999999999999881e-02
2.867800000000000000e+05 3.450000000000000289e-02
2.868300000000000000e+05 3.450000000000000289e-02
2.868900000000000000e+05 3.440000000000000002e-02
2.869500000000000000e+05 3.440000000000000002e-02
2.870100000000000000e+05 3.429999999999999716e-02
2.870700000000000000e+05 3.420000000000000123e-02
2.871200000000000000e+05 3.420000000000000123e-02
2.871800000000000000e+05 3.409999999999999837e-02
2.872400000000000000e+05 3.409999999999999837e-02
2.873000000000000000e+05 3.400000000000000244e-02
2.873600000000000000e+05 3.389999999999999958e-02
2.874100000000000000e+05 3.389999999999999958e-02
2.874700000000000000e+05 3.379999999999999671e-02
2.875300000000000000e+05 3.379999999999999671e-02
2.875900000000000000e+05 3.370000000000000079e-02
2.876500000000000000e+05 3.359999999999999792e-02
2.877000000000000000e+05 3.359999999999999792e-02
2.877600000000000000e+05 3.350000000000000200e-02
2.878200000000000000e+05 3.350000000000000200e-02
2.878800000000000000e+05 3.339999999999999913e-02
2.879400000000000000e+05 3.330000000000000321e-02
2.879900000000000000e+05 3.330000000000000321e-02
2.880500000000000000e+05 3.320000000000000034e-02
2.881100000000000000e+05 3.320000000000000034e-02
2.881700000000000000e+05 3.309999999999999748e-02
2.882300000000000000e+05 3.309999999999999748e-02
2.882800000000000000e+05 3.300000000000000155e-02
2.883400000000000000e+05 3.289999999999999869e-02
2.884000000000000000e+05 3.289999999999999869e-02
2.884600000000000000e+05 3.280000000000000276e-02
2.885200000000000000e+05 3.280000000000000276e-02
2.885700000000000000e+05 3.269999999999999990e-02
2.886300000000000000e+05 3.259999999999999704e-02
2.886900000000000000e+05 3.259999999999999704e-02
2.887500000000000000e+05 3.250000000000000111e-02
2.888100000000000000e+05 3.250000000000000111e-02
2.888600000000000000e+05 3.239999999999999825e-02
2.889200000000000000e+05 3.239999999999999825e-02
2.889800000000000000e+05 3.230000000000000232e-02
2.890400000000000000e+05 3.219999999999999946e-02
2.891000000000000000e+05 3.219999999999999946e-02
2.891500000000000000e+05 3.209999999999999659e-02
2.892100000000000000e+05 3.209999999999999659e-02
2.892700000000000000e+05 3.200000000000000067e-02
2.893300000000000000e+05 3.189999999999999780e-02
2.893900000000000000e+05 3.189999999999999780e-02
2.894400000000000000e+05 3.180000000000000188e-02
2.895000000000000000e+05 3.180000000000000188e-02
2.895600000000000000e+05 3.169999999999999901e-02
2.896200000000000000e+05 3.160000000000000309e-02
2.896800000000000000e+05 3.160000000000000309e-02
2.897300000000000000e+05 3.150000000000000022e-02
2.897900000000000000e+05 3.150000000000000022e-02
2.898500000000000000e+05 3.139999999999999736e-02
2.899100000000000000e+05 3.130000000000000143e-02
2.899700000000000000e+05 3.130000000000000143e-02
2.900200000000000000e+05 3.119999999999999857e-02
2.900800000000000000e+05 3.099999999999999978e-02
2.901400000000000000e+05 3.080000000000000099e-02
2.902000000000000000e+05 3.070000000000000159e-02
2.902600000000000000e+05 3.049999999999999933e-02
2.903100000000000000e+05 3.030000000000000054e-02
2.903700000000000000e+05 3.020000000000000115e-02
2.904300000000000000e+05 2.999999999999999889e-02
2.904900000000000000e+05 2.980000000000000010e-02
2.905500000000000000e+05 2.970000000000000070e-02
2.906000000000000000e+05 2.949999999999999845e-02
2.906600000000000000e+05 2.929999999999999966e-02
2.907200000000000000e+05 2.910000000000000087e-02
2.907800000000000000e+05 2.900000000000000147e-02
2.908400000000000000e+05 2.879999999999999921e-02
2.908900000000000000e+05 2.860000000000000042e-02
2.909500000000000000e+05 2.850000000000000103e-02
2.910100000000000000e+05 2.829999999999999877e-02
2.910700000000000000e+05 2.809999999999999998e-02
2.911300000000000000e+05 2.790000000000000119e-02
2.911800000000000000e+05 2.779999999999999832e-02
2.912400000000000000e+05 2.759999999999999953e-02
2.913000000000000000e+05 2.740000000000000074e-02
2.913600000000000000e+05 2.719999999999999848e-02
2.914200000000000000e+05 2.709999999999999909e-02
2.914700000000000000e+05 2.690000000000000030e-02
2.915300000000000000e+05 2.670000000000000151e-02
2.915900000000000000e+05 2.649999999999999925e-02
2.916500000000000000e+05 2.639999999999999986e-02
2.917100000000000000e+05 2.620000000000000107e-02
2.917600000000000000e+05 2.599999999999999881e-02
2.918200000000000000e+05 2.580000000000000002e-02
2.918800000000000000e+05 2.570000000000000062e-02
2.919400000000000000e+05 2.549999999999999836e-02
2.920000000000000000e+05 2.529999999999999957e-02
2.920500000000000000e+05 2.510000000000000078e-02
2.921100000000000000e+05 2.489999999999999852e-02
2.921700000000000000e+05 2.479999999999999913e-02
2.922300000000000000e+05 2.460000000000000034e-02
2.922900000000000000e+05 2.440000000000000155e-02
2.923400000000000000e+05 2.419999999999999929e-02
2.924000000000000000e+05 2.400000000000000050e-02
2.924600000000000000e+05 2.390000000000000110e-02
2.925200000000000000e+05 2.369999999999999885e-02
2.925800000000000000e+05 2.350000000000000006e-02
2.926300000000000000e+05 2.330000000000000127e-02
2.926900000000000000e+05 2.309999999999999901e-02
2.927500000000000000e+05 2.290000000000000022e-02
2.928100000000000000e+05 2.280000000000000082e-02
2.928700000000000000e+05 2.259999999999999856e-02
2.929200000000000000e+05 2.239999999999999977e-02
2.929800000000000000e+05 2.220000000000000098e-02
2.930400000000000000e+05 2.199999999999999872e-02
2.931000000000000000e+05 2.179999999999999993e-02
2.931600000000000000e+05 2.160000000000000114e-02
2.932100000000000000e+05 2.149999999999999828e-02
2.932700000000000000e+05 2.129999999999999949e-02
2.933300000000000000e+05 2.110000000000000070e-02
2.933900000000000000e+05 2.089999999999999844e-02
2.934500000000000000e+05 2.069999999999999965e-02
2.935000000000000000e+05 2.050000000000000086e-02
2.935600000000000000e+05 2.029999999999999860e-02
2.936200000000000000e+05 2.009999999999999981e-02
2.936800000000000000e+05 2.000000000000000042e-02
2.937400000000000000e+05 1.980000000000000163e-02
2.937900000000000000e+05 1.959999999999999937e-02
2.938500000000000000e+05 1.940000000000000058e-02
2.939100000000000000e+05 1.919999999999999832e-02
2.939700000000000000e+05 1.899999999999999953e-02
2.940300000000000000e+05 1.880000000000000074e-02
2.940800000000000000e+05 1.859999999999999848e-02
2.941400000000000000e+05 1.839999999999999969e-02
2.942000000000000000e+05 1.830000000000000029e-02
2.942600000000000000e+05 1.810000000000000150e-02
2.943200000000000000e+05 1.789999999999999925e-02
2.943700000000000000e+05 1.770000000000000046e-02
2.944300000000000000e+05 1.750000000000000167e-02
2.944900000000000000e+05 1.729999999999999941e-02
2.945500000000000000e+05 1.710000000000000062e-02
2.946100000000000000e+05 1.700000000000000122e-02
2.946600000000000000e+05 1.679999999999999896e-02
2.947200000000000000e+05 1.660000000000000017e-02
2.947800000000000000e+05 1.640000000000000138e-02
2.948400000000000000e+05 1.619999999999999912e-02
2.949000000000000000e+05 1.600000000000000033e-02
2.949500000000000000e+05 1.580000000000000154e-02
2.950100000000000000e+05 1.569999999999999868e-02
2.950700000000000000e+05 1.559999999999999928e-02
2.951300000000000000e+05 1.540000000000000049e-02
2.951900000000000000e+05 1.529999999999999936e-02
2.952400000000000000e+05 1.519999999999999997e-02
2.953000000000000000e+05 1.510000000000000057e-02
2.953600000000000000e+05 1.499999999999999944e-02
2.954200000000000000e+05 1.490000000000000005e-02
2.954800000000000000e+05 1.480000000000000066e-02
2.955300000000000000e+05 1.460000000000000013e-02
2.955900000000000000e+05 1.450000000000000074e-02
2.956500000000000000e+05 1.439999999999999961e-02
2.957100000000000000e+05 1.430000000000000021e-02
2.957700000000000000e+05 1.420000000000000082e-02
2.958200000000000000e+05 1.409999999999999969e-02
2.958800000000000000e+05 1.400000000000000029e-02
2.959400000000000000e+05 1.389999999999999916e-02
2.960000000000000000e+05 1.379999999999999977e-02
2.960600000000000000e+05 1.359999999999999924e-02
2.961100000000000000e+05 1.349999999999999985e-02
2.961700000000000000e+05 1.340000000000000045e-02
2.962300000000000000e+05 1.329999999999999932e-02
2.962900000000000000e+05 1.319999999999999993e-02
2.963500000000000000e+05 1.310000000000000053e-02
2.964000000000000000e+05 1.299999999999999940e-02
2.964600000000000000e+05 1.290000000000000001e-02
2.965200000000000000e+05 1.280000000000000061e-02
2.965800000000000000e+05 1.269999999999999948e-02
2.966400000000000000e+05 1.260000000000000009e-02
2.966900000000000000e+05 1.250000000000000069e-02
2.967500000000000000e+05 1.239999999999999956e-02
2.968100000000000000e+05 1.230000000000000017e-02
2.968700000000000000e+05 1.220000000000000077e-02
2.969300000000000000e+05 1.209999999999999964e-02
2.969800000000000000e+05 1.200000000000000025e-02
2.970400000000000000e+05 1.190000000000000085e-02
2.971000000000000000e+05 1.179999999999999973e-02
2.971600000000000000e+05 1.170000000000000033e-02
2.972200000000000000e+05 1.159999999999999920e-02
2.972700000000000000e+05 1.149999999999999981e-02
2.973300000000000000e+05 1.140000000000000041e-02
2.973900000000000000e+05 1.129999999999999928e-02
2.974500000000000000e+05 1.119999999999999989e-02
2.975100000000000000e+05 1.110000000000000049e-02
2.975600000000000000e+05 1.099999999999999936e-02
2.976200000000000000e+05 1.089999999999999997e-02
2.976800000000000000e+05 1.080000000000000057e-02
2.977400000000000000e+05 1.069999999999999944e-02
2.978000000000000000e+05 1.060000000000000005e-02
2.978500000000000000e+05 1.050000000000000065e-02
2.979100000000000000e+05 1.039999999999999952e-02
2.979700000000000000e+05 1.030000000000000013e-02
2.980300000000000000e+05 1.020000000000000073e-02
2.980900000000000000e+05 1.020000000000000073e-02
2.981400000000000000e+05 1.009999999999999960e-02
2.982000000000000000e+05 1.000000000000000021e-02
2.982600000000000000e+05 9.900000000000000813e-03
2.983200000000000000e+05 9.799999999999999684e-03
2.983800000000000000e+05 9.700000000000000289e-03
2.984300000000000000e+05 9.599999999999999159e-03
2.984900000000000000e+05 9.499999999999999764e-03
2.985500000000000000e+05 9.400000000000000369e-03
2.986100000000000000e+05 9.299999999999999239e-03
2.986700000000000000e+05 9.199999999999999845e-03
2.987200000000000000e+05 9.100000000000000450e-03
2.987800000000000000e+05 9.100000000000000450e-03
2.988400000000000000e+05 8.999999999999999320e-03
2.989000000000000000e+05 8.899999999999999925e-03
2.989600000000000000e+05 8.800000000000000530e-03
2.990100000000000000e+05 8.699999999999999400e-03
2.990700000000000000e+05 8.600000000000000006e-03
2.991300000000000000e+05 8.500000000000000611e-03
2.991900000000000000e+05 8.399999999999999481e-03
2.992500000000000000e+05 8.300000000000000086e-03
2.993000000000000000e+05 8.200000000000000691e-03
2.993600000000000000e+05 8.200000000000000691e-03
2.994200000000000000e+05 8.099999999999999561e-03
2.994800000000000000e+05 8.000000000000000167e-03
2.995400000000000000e+05 7.900000000000000772e-03
2.995900000000000000e+05 7.799999999999999642e-03
2.996500000000000000e+05 7.700000000000000247e-03
2.997100000000000000e+05 7.599999999999999985e-03
2.997700000000000000e+05 7.499999999999999722e-03
2.998300000000000000e+05 7.499999999999999722e-03
2.998800000000000000e+05 7.400000000000000328e-03
2.999400000000000000e+05 7.300000000000000065e-03
