# F435W
3.527000000000000000e+03 8.650200000000000629e-05
3.528000000000000000e+03 9.709969999999999463e-05
3.529000000000000000e+03 1.077670000000000001e-04
3.530000000000000000e+03 1.185040000000000025e-04
3.531000000000000000e+03 1.293070000000000005e-04
3.532000000000000000e+03 1.401779999999999986e-04
3.533000000000000000e+03 1.511179999999999989e-04
3.534000000000000000e+03 1.621279999999999900e-04
3.535000000000000000e+03 1.732070000000000105e-04
3.536000000000000000e+03 1.843539999999999903e-04
3.537000000000000000e+03 1.955720000000000039e-04
3.538000000000000000e+03 2.068589999999999925e-04
3.539000000000000000e+03 2.182139999999999948e-04
3.540000000000000000e+03 2.296400000000000036e-04
3.541000000000000000e+03 2.410830000000000091e-04
3.542000000000000000e+03 2.525900000000000194e-04
3.543000000000000000e+03 2.641629999999999846e-04
3.544000000000000000e+03 2.757999999999999818e-04
3.545000000000000000e+03 2.875010000000000109e-04
3.546000000000000000e+03 2.992690000000000107e-04
3.547000000000000000e+03 3.111000000000000267e-04
3.548000000000000000e+03 3.229980000000000134e-04
3.549000000000000000e+03 3.349599999999999778e-04
3.550000000000000000e+03 3.469839999999999969e-04
3.551000000000000000e+03 3.590889999999999902e-04
3.552000000000000000e+03 3.712580000000000155e-04
3.553000000000000000e+03 3.834940000000000115e-04
3.554000000000000000e+03 3.957950000000000010e-04
3.555000000000000000e+03 4.081619999999999996e-04
3.556000000000000000e+03 4.205960000000000232e-04
3.557000000000000000e+03 4.330949999999999861e-04
3.558000000000000000e+03 4.456609999999999738e-04
3.559000000000000000e+03 4.582930000000000250e-04
3.560000000000000000e+03 4.709909999999999770e-04
3.561000000000000000e+03 4.889630000000000278e-04
3.562000000000000000e+03 5.070219999999999849e-04
3.563000000000000000e+03 5.251750000000000125e-04
3.564000000000000000e+03 5.434170000000000320e-04
3.565000000000000000e+03 5.617499999999999664e-04
3.566000000000000000e+03 5.801740000000000326e-04
3.567000000000000000e+03 5.986879999999999979e-04
3.568000000000000000e+03 6.172940000000000024e-04
3.569000000000000000e+03 6.359900000000000145e-04
3.570000000000000000e+03 6.547770000000000500e-04
3.571000000000000000e+03 6.736770000000000215e-04
3.572000000000000000e+03 6.926709999999999551e-04
3.573000000000000000e+03 7.117550000000000049e-04
3.574000000000000000e+03 7.309309999999999852e-04
3.575000000000000000e+03 7.501979999999999890e-04
3.576000000000000000e+03 7.695609999999999864e-04
3.577000000000000000e+03 7.890139999999999914e-04
3.578000000000000000e+03 8.085619999999999743e-04
3.579000000000000000e+03 8.281999999999999649e-04
3.580000000000000000e+03 8.479330000000000417e-04
3.581000000000000000e+03 9.033869999999999617e-04
3.582000000000000000e+03 9.591149999999999676e-04
3.583000000000000000e+03 1.015110000000000057e-03
3.584000000000000000e+03 1.071370000000000091e-03
3.585000000000000000e+03 1.127900000000000040e-03
3.586000000000000000e+03 1.184699999999999902e-03
3.587000000000000000e+03 1.241759999999999956e-03
3.588000000000000000e+03 1.299100000000000081e-03
3.589000000000000000e+03 1.356699999999999963e-03
3.590000000000000000e+03 1.414569999999999977e-03
3.591000000000000000e+03 1.537610000000000018e-03
3.592000000000000000e+03 1.661249999999999966e-03
3.593000000000000000e+03 1.785490000000000037e-03
3.594000000000000000e+03 1.910330000000000014e-03
3.595000000000000000e+03 2.035770000000000114e-03
3.596000000000000000e+03 2.161800000000000180e-03
3.597000000000000000e+03 2.288450000000000033e-03
3.598000000000000000e+03 2.415689999999999851e-03
3.599000000000000000e+03 2.543530000000000010e-03
3.600000000000000000e+03 2.671970000000000074e-03
3.601000000000000000e+03 2.858610000000000144e-03
3.602000000000000000e+03 3.046249999999999913e-03
3.603000000000000000e+03 3.234920000000000070e-03
3.604000000000000000e+03 3.424560000000000104e-03
3.605000000000000000e+03 3.615220000000000152e-03
3.606000000000000000e+03 3.806869999999999959e-03
3.607000000000000000e+03 3.999540000000000213e-03
3.608000000000000000e+03 4.193210000000000166e-03
3.609000000000000000e+03 4.387880000000000252e-03
3.610000000000000000e+03 4.583549999999999604e-03
3.611000000000000000e+03 4.773409999999999632e-03
3.612000000000000000e+03 4.964210000000000150e-03
3.613000000000000000e+03 5.155970000000000171e-03
3.614000000000000000e+03 5.348659999999999873e-03
3.615000000000000000e+03 5.542319999999999885e-03
3.616000000000000000e+03 5.736930000000000328e-03
3.617000000000000000e+03 5.932480000000000392e-03
3.618000000000000000e+03 6.128980000000000018e-03
3.619000000000000000e+03 6.326449999999999955e-03
3.620000000000000000e+03 6.524860000000000382e-03
3.621000000000000000e+03 6.738359999999999662e-03
3.622000000000000000e+03 6.952859999999999943e-03
3.623000000000000000e+03 7.168390000000000178e-03
3.624000000000000000e+03 7.384889999999999857e-03
3.625000000000000000e+03 7.602420000000000358e-03
3.626000000000000000e+03 7.820930000000000243e-03
3.627000000000000000e+03 8.040459999999999274e-03
3.628000000000000000e+03 8.260999999999999246e-03
3.629000000000000000e+03 8.482540000000000219e-03
3.630000000000000000e+03 8.705090000000000397e-03
3.631000000000000000e+03 9.086149999999999435e-03
3.632000000000000000e+03 9.468999999999999986e-03
3.633000000000000000e+03 9.853630000000000375e-03
3.634000000000000000e+03 1.024010000000000024e-02
3.635000000000000000e+03 1.062830000000000025e-02
3.636000000000000000e+03 1.101839999999999938e-02
3.637000000000000000e+03 1.141020000000000055e-02
3.638000000000000000e+03 1.180379999999999971e-02
3.639000000000000000e+03 1.219920000000000032e-02
3.640000000000000000e+03 1.259650000000000006e-02
3.641000000000000000e+03 1.318100000000000001e-02
3.642000000000000000e+03 1.376840000000000008e-02
3.643000000000000000e+03 1.435870000000000028e-02
3.644000000000000000e+03 1.495179999999999947e-02
3.645000000000000000e+03 1.554780000000000051e-02
3.646000000000000000e+03 1.614669999999999994e-02
3.647000000000000000e+03 1.674849999999999950e-02
3.648000000000000000e+03 1.735309999999999978e-02
3.649000000000000000e+03 1.796060000000000018e-02
3.650000000000000000e+03 1.857090000000000130e-02
3.651000000000000000e+03 1.905969999999999887e-02
3.652000000000000000e+03 1.955070000000000072e-02
3.653000000000000000e+03 2.004389999999999991e-02
3.654000000000000000e+03 2.053929999999999992e-02
3.655000000000000000e+03 2.103690000000000074e-02
3.656000000000000000e+03 2.153659999999999949e-02
3.657000000000000000e+03 2.203849999999999906e-02
3.658000000000000000e+03 2.254269999999999885e-02
3.659000000000000000e+03 2.304909999999999945e-02
3.660000000000000000e+03 2.355760000000000146e-02
3.661000000000000000e+03 2.380320000000000005e-02
3.662000000000000000e+03 2.404970000000000024e-02
3.663000000000000000e+03 2.429709999999999856e-02
3.664000000000000000e+03 2.454539999999999847e-02
3.665000000000000000e+03 2.479459999999999997e-02
3.666000000000000000e+03 2.504460000000000020e-02
3.667000000000000000e+03 2.529570000000000082e-02
3.668000000000000000e+03 2.554760000000000017e-02
3.669000000000000000e+03 2.580040000000000111e-02
3.670000000000000000e+03 2.605400000000000077e-02
3.671000000000000000e+03 2.649030000000000135e-02
3.672000000000000000e+03 2.692840000000000164e-02
3.673000000000000000e+03 2.736819999999999878e-02
3.674000000000000000e+03 2.780979999999999910e-02
3.675000000000000000e+03 2.825309999999999974e-02
3.676000000000000000e+03 2.869820000000000010e-02
3.677000000000000000e+03 2.914490000000000136e-02
3.678000000000000000e+03 2.959349999999999828e-02
3.679000000000000000e+03 3.004389999999999838e-02
3.680000000000000000e+03 3.049589999999999940e-02
3.681000000000000000e+03 3.121439999999999979e-02
3.682000000000000000e+03 3.193590000000000317e-02
3.683000000000000000e+03 3.266059999999999797e-02
3.684000000000000000e+03 3.338839999999999864e-02
3.685000000000000000e+03 3.411929999999999824e-02
3.686000000000000000e+03 3.485329999999999678e-02
3.687000000000000000e+03 3.559040000000000120e-02
3.688000000000000000e+03 3.633059999999999762e-02
3.689000000000000000e+03 3.707409999999999872e-02
3.690000000000000000e+03 3.782049999999999995e-02
3.691000000000000000e+03 3.860410000000000230e-02
3.692000000000000000e+03 3.939100000000000240e-02
3.693000000000000000e+03 4.018069999999999975e-02
3.694000000000000000e+03 4.097379999999999772e-02
3.695000000000000000e+03 4.176980000000000276e-02
3.696000000000000000e+03 4.256879999999999692e-02
3.697000000000000000e+03 4.337099999999999983e-02
3.698000000000000000e+03 4.417619999999999880e-02
3.699000000000000000e+03 4.498449999999999671e-02
3.700000000000000000e+03 4.579609999999999931e-02
3.701000000000000000e+03 4.628809999999999869e-02
3.702000000000000000e+03 4.678210000000000007e-02
3.703000000000000000e+03 4.727810000000000346e-02
3.704000000000000000e+03 4.777580000000000021e-02
3.705000000000000000e+03 4.827510000000000134e-02
3.706000000000000000e+03 4.877660000000000329e-02
3.707000000000000000e+03 4.927970000000000267e-02
3.708000000000000000e+03 4.978470000000000117e-02
3.709000000000000000e+03 5.029139999999999999e-02
3.710000000000000000e+03 5.079990000000000200e-02
3.711000000000000000e+03 5.137449999999999656e-02
3.712000000000000000e+03 5.195110000000000006e-02
3.713000000000000000e+03 5.252980000000000149e-02
3.714000000000000000e+03 5.311090000000000255e-02
3.715000000000000000e+03 5.369419999999999749e-02
3.716000000000000000e+03 5.427970000000000017e-02
3.717000000000000000e+03 5.486710000000000198e-02
3.718000000000000000e+03 5.545690000000000341e-02
3.719000000000000000e+03 5.604869999999999991e-02
3.720000000000000000e+03 5.664319999999999772e-02
3.721000000000000000e+03 5.721350000000000047e-02
3.722000000000000000e+03 5.778609999999999997e-02
3.723000000000000000e+03 5.836079999999999740e-02
3.724000000000000000e+03 5.893759999999999971e-02
3.725000000000000000e+03 5.951639999999999708e-02
3.726000000000000000e+03 6.009729999999999933e-02
3.727000000000000000e+03 6.068019999999999664e-02
3.728000000000000000e+03 6.126530000000000170e-02
3.729000000000000000e+03 6.185229999999999895e-02
3.730000000000000000e+03 6.244149999999999701e-02
3.731000000000000000e+03 6.369879999999999987e-02
3.732000000000000000e+03 6.496140000000000247e-02
3.733000000000000000e+03 6.622949999999999671e-02
3.734000000000000000e+03 6.750299999999999356e-02
3.735000000000000000e+03 6.878209999999999880e-02
3.736000000000000000e+03 7.006629999999999803e-02
3.737000000000000000e+03 7.135629999999999751e-02
3.738000000000000000e+03 7.265169999999999961e-02
3.739000000000000000e+03 7.395259999999999334e-02
3.740000000000000000e+03 7.525909999999999545e-02
3.741000000000000000e+03 7.627860000000000196e-02
3.742000000000000000e+03 7.730220000000000147e-02
3.743000000000000000e+03 7.832959999999999923e-02
3.744000000000000000e+03 7.936129999999999574e-02
3.745000000000000000e+03 8.039659999999999862e-02
3.746000000000000000e+03 8.143620000000000025e-02
3.747000000000000000e+03 8.247949999999999726e-02
3.748000000000000000e+03 8.352710000000000690e-02
3.749000000000000000e+03 8.457860000000000378e-02
3.750000000000000000e+03 8.563389999999999891e-02
3.751000000000000000e+03 8.651390000000000469e-02
3.752000000000000000e+03 8.739719999999999434e-02
3.753000000000000000e+03 8.828360000000000374e-02
3.754000000000000000e+03 8.917369999999999464e-02
3.755000000000000000e+03 9.006709999999999716e-02
3.756000000000000000e+03 9.096379999999999744e-02
3.757000000000000000e+03 9.186360000000000359e-02
3.758000000000000000e+03 9.276710000000000511e-02
3.759000000000000000e+03 9.367359999999999576e-02
3.760000000000000000e+03 9.458389999999999853e-02
3.761000000000000000e+03 9.510059999999999347e-02
3.762000000000000000e+03 9.561890000000000667e-02
3.763000000000000000e+03 9.613889999999999936e-02
3.764000000000000000e+03 9.666030000000000455e-02
3.765000000000000000e+03 9.718340000000000312e-02
3.766000000000000000e+03 9.770810000000000606e-02
3.767000000000000000e+03 9.823419999999999375e-02
3.768000000000000000e+03 9.876179999999999681e-02
3.769000000000000000e+03 9.929119999999999613e-02
3.770000000000000000e+03 9.982209999999999694e-02
3.771000000000000000e+03 1.005950000000000039e-01
3.772000000000000000e+03 1.013700000000000018e-01
3.773000000000000000e+03 1.021480000000000027e-01
3.774000000000000000e+03 1.029280000000000056e-01
3.775000000000000000e+03 1.037109999999999976e-01
3.776000000000000000e+03 1.044960000000000055e-01
3.777000000000000000e+03 1.052840000000000026e-01
3.778000000000000000e+03 1.060750000000000026e-01
3.779000000000000000e+03 1.068680000000000047e-01
3.780000000000000000e+03 1.076639999999999958e-01
3.781000000000000000e+03 1.084549999999999959e-01
3.782000000000000000e+03 1.092479999999999979e-01
3.783000000000000000e+03 1.100440000000000029e-01
3.784000000000000000e+03 1.108439999999999981e-01
3.785000000000000000e+03 1.116469999999999962e-01
3.786000000000000000e+03 1.124519999999999964e-01
3.787000000000000000e+03 1.132610000000000006e-01
3.788000000000000000e+03 1.140720000000000067e-01
3.789000000000000000e+03 1.148870000000000030e-01
3.790000000000000000e+03 1.157050000000000023e-01
3.791000000000000000e+03 1.165000000000000063e-01
3.792000000000000000e+03 1.172979999999999995e-01
3.793000000000000000e+03 1.180999999999999966e-01
3.794000000000000000e+03 1.189039999999999958e-01
3.795000000000000000e+03 1.197109999999999980e-01
3.796000000000000000e+03 1.205210000000000031e-01
3.797000000000000000e+03 1.213339999999999974e-01
3.798000000000000000e+03 1.221499999999999947e-01
3.799000000000000000e+03 1.229699999999999960e-01
3.800000000000000000e+03 1.237919999999999993e-01
3.801000000000000000e+03 1.238989999999999952e-01
3.802000000000000000e+03 1.240060000000000051e-01
3.803000000000000000e+03 1.241130000000000011e-01
3.804000000000000000e+03 1.242189999999999961e-01
3.805000000000000000e+03 1.243260000000000060e-01
3.806000000000000000e+03 1.244320000000000009e-01
3.807000000000000000e+03 1.245389999999999969e-01
3.808000000000000000e+03 1.246450000000000058e-01
3.809000000000000000e+03 1.247510000000000008e-01
3.810000000000000000e+03 1.248569999999999958e-01
3.811000000000000000e+03 1.260989999999999889e-01
3.812000000000000000e+03 1.273440000000000127e-01
3.813000000000000000e+03 1.285940000000000139e-01
3.814000000000000000e+03 1.298469999999999902e-01
3.815000000000000000e+03 1.311049999999999993e-01
3.816000000000000000e+03 1.323660000000000114e-01
3.817000000000000000e+03 1.336320000000000008e-01
3.818000000000000000e+03 1.349009999999999931e-01
3.819000000000000000e+03 1.361749999999999905e-01
3.820000000000000000e+03 1.374519999999999909e-01
3.821000000000000000e+03 1.379710000000000103e-01
3.822000000000000000e+03 1.384920000000000040e-01
3.823000000000000000e+03 1.390129999999999977e-01
3.824000000000000000e+03 1.395359999999999934e-01
3.825000000000000000e+03 1.400599999999999901e-01
3.826000000000000000e+03 1.405849999999999878e-01
3.827000000000000000e+03 1.411119999999999874e-01
3.828000000000000000e+03 1.416399999999999881e-01
3.829000000000000000e+03 1.421699999999999908e-01
3.830000000000000000e+03 1.426999999999999935e-01
3.831000000000000000e+03 1.439259999999999984e-01
3.832000000000000000e+03 1.451560000000000072e-01
3.833000000000000000e+03 1.463899999999999924e-01
3.834000000000000000e+03 1.476280000000000092e-01
3.835000000000000000e+03 1.488710000000000033e-01
3.836000000000000000e+03 1.501180000000000014e-01
3.837000000000000000e+03 1.513700000000000045e-01
3.838000000000000000e+03 1.526260000000000117e-01
3.839000000000000000e+03 1.538859999999999950e-01
3.840000000000000000e+03 1.551500000000000101e-01
3.841000000000000000e+03 1.557510000000000006e-01
3.842000000000000000e+03 1.563539999999999930e-01
3.843000000000000000e+03 1.569579999999999864e-01
3.844000000000000000e+03 1.575640000000000096e-01
3.845000000000000000e+03 1.581710000000000060e-01
3.846000000000000000e+03 1.587800000000000045e-01
3.847000000000000000e+03 1.593910000000000049e-01
3.848000000000000000e+03 1.600030000000000063e-01
3.849000000000000000e+03 1.606170000000000098e-01
3.850000000000000000e+03 1.612319999999999864e-01
3.851000000000000000e+03 1.621060000000000001e-01
3.852000000000000000e+03 1.629819999999999880e-01
3.853000000000000000e+03 1.638600000000000056e-01
3.854000000000000000e+03 1.647419999999999995e-01
3.855000000000000000e+03 1.656259999999999954e-01
3.856000000000000000e+03 1.665129999999999943e-01
3.857000000000000000e+03 1.674029999999999963e-01
3.858000000000000000e+03 1.682960000000000012e-01
3.859000000000000000e+03 1.691920000000000091e-01
3.860000000000000000e+03 1.700899999999999912e-01
3.861000000000000000e+03 1.705810000000000104e-01
3.862000000000000000e+03 1.710730000000000028e-01
3.863000000000000000e+03 1.715649999999999953e-01
3.864000000000000000e+03 1.720589999999999897e-01
3.865000000000000000e+03 1.725540000000000129e-01
3.866000000000000000e+03 1.730500000000000094e-01
3.867000000000000000e+03 1.735460000000000058e-01
3.868000000000000000e+03 1.740440000000000043e-01
3.869000000000000000e+03 1.745430000000000037e-01
3.870000000000000000e+03 1.750430000000000041e-01
3.871000000000000000e+03 1.757670000000000066e-01
3.872000000000000000e+03 1.764920000000000100e-01
3.873000000000000000e+03 1.772199999999999886e-01
3.874000000000000000e+03 1.779489999999999961e-01
3.875000000000000000e+03 1.786810000000000065e-01
3.876000000000000000e+03 1.794139999999999902e-01
3.877000000000000000e+03 1.801500000000000046e-01
3.878000000000000000e+03 1.808879999999999932e-01
3.879000000000000000e+03 1.816280000000000117e-01
3.880000000000000000e+03 1.823700000000000043e-01
3.881000000000000000e+03 1.827630000000000088e-01
3.882000000000000000e+03 1.831560000000000132e-01
3.883000000000000000e+03 1.835499999999999909e-01
3.884000000000000000e+03 1.839449999999999974e-01
3.885000000000000000e+03 1.843400000000000039e-01
3.886000000000000000e+03 1.847350000000000103e-01
3.887000000000000000e+03 1.851319999999999910e-01
3.888000000000000000e+03 1.855279999999999985e-01
3.889000000000000000e+03 1.859250000000000069e-01
3.890000000000000000e+03 1.863229999999999886e-01
3.891000000000000000e+03 1.873779999999999890e-01
3.892000000000000000e+03 1.884359999999999924e-01
3.893000000000000000e+03 1.894979999999999998e-01
3.894000000000000000e+03 1.905630000000000102e-01
3.895000000000000000e+03 1.916309999999999958e-01
3.896000000000000000e+03 1.927030000000000132e-01
3.897000000000000000e+03 1.937780000000000058e-01
3.898000000000000000e+03 1.948570000000000024e-01
3.899000000000000000e+03 1.959390000000000021e-01
3.900000000000000000e+03 1.970240000000000047e-01
3.901000000000000000e+03 1.974990000000000079e-01
3.902000000000000000e+03 1.979740000000000111e-01
3.903000000000000000e+03 1.984509999999999885e-01
3.904000000000000000e+03 1.989279999999999937e-01
3.905000000000000000e+03 1.994059999999999999e-01
3.906000000000000000e+03 1.998840000000000061e-01
3.907000000000000000e+03 2.003639999999999866e-01
3.908000000000000000e+03 2.008439999999999948e-01
3.909000000000000000e+03 2.013250000000000040e-01
3.910000000000000000e+03 2.018069999999999864e-01
3.911000000000000000e+03 2.029690000000000105e-01
3.912000000000000000e+03 2.041350000000000109e-01
3.913000000000000000e+03 2.053039999999999865e-01
3.914000000000000000e+03 2.064779999999999949e-01
3.915000000000000000e+03 2.076540000000000052e-01
3.916000000000000000e+03 2.088349999999999929e-01
3.917000000000000000e+03 2.100190000000000112e-01
3.918000000000000000e+03 2.112080000000000068e-01
3.919000000000000000e+03 2.123990000000000045e-01
3.920000000000000000e+03 2.135950000000000071e-01
3.921000000000000000e+03 2.144560000000000077e-01
3.922000000000000000e+03 2.153200000000000114e-01
3.923000000000000000e+03 2.161859999999999893e-01
3.924000000000000000e+03 2.170539999999999969e-01
3.925000000000000000e+03 2.179250000000000076e-01
3.926000000000000000e+03 2.187979999999999925e-01
3.927000000000000000e+03 2.196730000000000071e-01
3.928000000000000000e+03 2.205509999999999970e-01
3.929000000000000000e+03 2.214309999999999889e-01
3.930000000000000000e+03 2.223150000000000126e-01
3.931000000000000000e+03 2.230300000000000060e-01
3.932000000000000000e+03 2.237470000000000014e-01
3.933000000000000000e+03 2.244659999999999989e-01
3.934000000000000000e+03 2.251869999999999983e-01
3.935000000000000000e+03 2.259089999999999987e-01
3.936000000000000000e+03 2.266330000000000011e-01
3.937000000000000000e+03 2.273580000000000045e-01
3.938000000000000000e+03 2.280860000000000110e-01
3.939000000000000000e+03 2.288149999999999906e-01
3.940000000000000000e+03 2.295449999999999990e-01
3.941000000000000000e+03 2.301630000000000065e-01
3.942000000000000000e+03 2.307819999999999871e-01
3.943000000000000000e+03 2.314019999999999966e-01
3.944000000000000000e+03 2.320230000000000070e-01
3.945000000000000000e+03 2.326459999999999917e-01
3.946000000000000000e+03 2.332700000000000051e-01
3.947000000000000000e+03 2.338949999999999918e-01
3.948000000000000000e+03 2.345220000000000082e-01
3.949000000000000000e+03 2.351499999999999979e-01
3.950000000000000000e+03 2.357779999999999876e-01
3.951000000000000000e+03 2.363329999999999875e-01
3.952000000000000000e+03 2.368899999999999895e-01
3.953000000000000000e+03 2.374469999999999914e-01
3.954000000000000000e+03 2.380049999999999943e-01
3.955000000000000000e+03 2.385639999999999983e-01
3.956000000000000000e+03 2.391250000000000042e-01
3.957000000000000000e+03 2.396860000000000102e-01
3.958000000000000000e+03 2.402479999999999893e-01
3.959000000000000000e+03 2.408109999999999973e-01
3.960000000000000000e+03 2.413750000000000062e-01
3.961000000000000000e+03 2.416619999999999879e-01
3.962000000000000000e+03 2.419489999999999974e-01
3.963000000000000000e+03 2.422370000000000079e-01
3.964000000000000000e+03 2.425229999999999886e-01
3.965000000000000000e+03 2.428099999999999981e-01
3.966000000000000000e+03 2.430970000000000075e-01
3.967000000000000000e+03 2.433829999999999882e-01
3.968000000000000000e+03 2.436689999999999967e-01
3.969000000000000000e+03 2.439560000000000062e-01
3.970000000000000000e+03 2.442419999999999869e-01
3.971000000000000000e+03 2.446389999999999953e-01
3.972000000000000000e+03 2.450360000000000038e-01
3.973000000000000000e+03 2.454340000000000133e-01
3.974000000000000000e+03 2.458319999999999950e-01
3.975000000000000000e+03 2.462300000000000044e-01
3.976000000000000000e+03 2.466289999999999871e-01
3.977000000000000000e+03 2.470289999999999986e-01
3.978000000000000000e+03 2.474290000000000100e-01
3.979000000000000000e+03 2.478279999999999927e-01
3.980000000000000000e+03 2.482290000000000052e-01
3.981000000000000000e+03 2.485539999999999972e-01
3.982000000000000000e+03 2.488789999999999891e-01
3.983000000000000000e+03 2.492040000000000088e-01
3.984000000000000000e+03 2.495290000000000008e-01
3.985000000000000000e+03 2.498529999999999918e-01
3.986000000000000000e+03 2.501789999999999847e-01
3.987000000000000000e+03 2.505029999999999757e-01
3.988000000000000000e+03 2.508279999999999954e-01
3.989000000000000000e+03 2.511530000000000151e-01
3.990000000000000000e+03 2.514779999999999793e-01
3.991000000000000000e+03 2.519129999999999980e-01
3.992000000000000000e+03 2.523500000000000187e-01
3.993000000000000000e+03 2.527860000000000107e-01
3.994000000000000000e+03 2.532229999999999759e-01
3.995000000000000000e+03 2.536610000000000253e-01
3.996000000000000000e+03 2.540999999999999925e-01
3.997000000000000000e+03 2.545379999999999865e-01
3.998000000000000000e+03 2.549779999999999824e-01
3.999000000000000000e+03 2.554170000000000051e-01
4.000000000000000000e+03 2.558570000000000011e-01
4.001000000000000000e+03 2.558469999999999911e-01
4.002000000000000000e+03 2.558360000000000078e-01
4.003000000000000000e+03 2.558259999999999978e-01
4.004000000000000000e+03 2.558150000000000146e-01
4.005000000000000000e+03 2.558030000000000026e-01
4.006000000000000000e+03 2.557900000000000174e-01
4.007000000000000000e+03 2.557780000000000054e-01
4.008000000000000000e+03 2.557650000000000201e-01
4.009000000000000000e+03 2.557519999999999794e-01
4.010000000000000000e+03 2.557389999999999941e-01
4.011000000000000000e+03 2.567209999999999770e-01
4.012000000000000000e+03 2.577059999999999906e-01
4.013000000000000000e+03 2.586930000000000063e-01
4.014000000000000000e+03 2.596809999999999952e-01
4.015000000000000000e+03 2.606709999999999861e-01
4.016000000000000000e+03 2.616620000000000057e-01
4.017000000000000000e+03 2.626550000000000273e-01
4.018000000000000000e+03 2.636490000000000222e-01
4.019000000000000000e+03 2.646450000000000191e-01
4.020000000000000000e+03 2.656430000000000180e-01
4.021000000000000000e+03 2.656649999999999845e-01
4.022000000000000000e+03 2.656870000000000065e-01
4.023000000000000000e+03 2.657079999999999997e-01
4.024000000000000000e+03 2.657300000000000217e-01
4.025000000000000000e+03 2.657510000000000150e-01
4.026000000000000000e+03 2.657709999999999795e-01
4.027000000000000000e+03 2.657909999999999995e-01
4.028000000000000000e+03 2.658099999999999907e-01
4.029000000000000000e+03 2.658300000000000107e-01
4.030000000000000000e+03 2.658490000000000020e-01
4.031000000000000000e+03 2.668780000000000041e-01
4.032000000000000000e+03 2.679099999999999815e-01
4.033000000000000000e+03 2.689429999999999876e-01
4.034000000000000000e+03 2.699779999999999958e-01
4.035000000000000000e+03 2.710139999999999771e-01
4.036000000000000000e+03 2.720529999999999893e-01
4.037000000000000000e+03 2.730920000000000014e-01
4.038000000000000000e+03 2.741339999999999888e-01
4.039000000000000000e+03 2.751770000000000049e-01
4.040000000000000000e+03 2.762220000000000231e-01
4.041000000000000000e+03 2.759559999999999791e-01
4.042000000000000000e+03 2.756899999999999906e-01
4.043000000000000000e+03 2.754229999999999734e-01
4.044000000000000000e+03 2.751560000000000117e-01
4.045000000000000000e+03 2.748880000000000212e-01
4.046000000000000000e+03 2.746179999999999732e-01
4.047000000000000000e+03 2.743479999999999808e-01
4.048000000000000000e+03 2.740779999999999883e-01
4.049000000000000000e+03 2.738070000000000226e-01
4.050000000000000000e+03 2.735349999999999726e-01
4.051000000000000000e+03 2.746350000000000180e-01
4.052000000000000000e+03 2.757350000000000079e-01
4.053000000000000000e+03 2.768369999999999997e-01
4.054000000000000000e+03 2.779400000000000204e-01
4.055000000000000000e+03 2.790449999999999875e-01
4.056000000000000000e+03 2.801520000000000121e-01
4.057000000000000000e+03 2.812589999999999812e-01
4.058000000000000000e+03 2.823689999999999811e-01
4.059000000000000000e+03 2.834789999999999810e-01
4.060000000000000000e+03 2.845909999999999829e-01
4.061000000000000000e+03 2.845559999999999756e-01
4.062000000000000000e+03 2.845190000000000219e-01
4.063000000000000000e+03 2.844829999999999859e-01
4.064000000000000000e+03 2.844459999999999766e-01
4.065000000000000000e+03 2.844090000000000229e-01
4.066000000000000000e+03 2.843720000000000137e-01
4.067000000000000000e+03 2.843339999999999756e-01
4.068000000000000000e+03 2.842959999999999932e-01
4.069000000000000000e+03 2.842580000000000107e-01
4.070000000000000000e+03 2.842189999999999994e-01
4.071000000000000000e+03 2.847540000000000071e-01
4.072000000000000000e+03 2.852890000000000148e-01
4.073000000000000000e+03 2.858240000000000225e-01
4.074000000000000000e+03 2.863600000000000034e-01
4.075000000000000000e+03 2.868970000000000131e-01
4.076000000000000000e+03 2.874360000000000248e-01
4.077000000000000000e+03 2.879740000000000077e-01
4.078000000000000000e+03 2.885130000000000194e-01
4.079000000000000000e+03 2.890519999999999756e-01
4.080000000000000000e+03 2.895929999999999893e-01
4.081000000000000000e+03 2.888459999999999916e-01
4.082000000000000000e+03 2.880980000000000207e-01
4.083000000000000000e+03 2.873479999999999923e-01
4.084000000000000000e+03 2.865969999999999906e-01
4.085000000000000000e+03 2.858450000000000157e-01
4.086000000000000000e+03 2.850909999999999833e-01
4.087000000000000000e+03 2.843359999999999776e-01
4.088000000000000000e+03 2.835799999999999987e-01
4.089000000000000000e+03 2.828220000000000178e-01
4.090000000000000000e+03 2.820630000000000082e-01
4.091000000000000000e+03 2.830210000000000226e-01
4.092000000000000000e+03 2.839800000000000102e-01
4.093000000000000000e+03 2.849409999999999998e-01
4.094000000000000000e+03 2.859030000000000182e-01
4.095000000000000000e+03 2.868660000000000099e-01
4.096000000000000000e+03 2.878299999999999748e-01
4.097000000000000000e+03 2.887959999999999972e-01
4.098000000000000000e+03 2.897629999999999928e-01
4.099000000000000000e+03 2.907310000000000172e-01
4.100000000000000000e+03 2.917000000000000148e-01
4.101000000000000000e+03 2.909649999999999737e-01
4.102000000000000000e+03 2.902290000000000147e-01
4.103000000000000000e+03 2.894920000000000271e-01
4.104000000000000000e+03 2.887529999999999819e-01
4.105000000000000000e+03 2.880139999999999922e-01
4.106000000000000000e+03 2.872730000000000006e-01
4.107000000000000000e+03 2.865320000000000089e-01
4.108000000000000000e+03 2.857899999999999885e-01
4.109000000000000000e+03 2.850469999999999948e-01
4.110000000000000000e+03 2.843019999999999992e-01
4.111000000000000000e+03 2.848910000000000053e-01
4.112000000000000000e+03 2.854820000000000135e-01
4.113000000000000000e+03 2.860739999999999950e-01
4.114000000000000000e+03 2.866659999999999764e-01
4.115000000000000000e+03 2.872580000000000133e-01
4.116000000000000000e+03 2.878510000000000235e-01
4.117000000000000000e+03 2.884450000000000069e-01
4.118000000000000000e+03 2.890389999999999904e-01
4.119000000000000000e+03 2.896349999999999758e-01
4.120000000000000000e+03 2.902310000000000167e-01
4.121000000000000000e+03 2.900320000000000120e-01
4.122000000000000000e+03 2.898330000000000073e-01
4.123000000000000000e+03 2.896329999999999738e-01
4.124000000000000000e+03 2.894329999999999958e-01
4.125000000000000000e+03 2.892319999999999891e-01
4.126000000000000000e+03 2.890309999999999824e-01
4.127000000000000000e+03 2.888310000000000044e-01
4.128000000000000000e+03 2.886290000000000244e-01
4.129000000000000000e+03 2.884280000000000177e-01
4.130000000000000000e+03 2.882259999999999822e-01
4.131000000000000000e+03 2.893740000000000201e-01
4.132000000000000000e+03 2.905249999999999777e-01
4.133000000000000000e+03 2.916759999999999908e-01
4.134000000000000000e+03 2.928290000000000060e-01
4.135000000000000000e+03 2.939809999999999923e-01
4.136000000000000000e+03 2.951360000000000094e-01
4.137000000000000000e+03 2.962919999999999998e-01
4.138000000000000000e+03 2.974490000000000189e-01
4.139000000000000000e+03 2.986070000000000113e-01
4.140000000000000000e+03 2.997670000000000057e-01
4.141000000000000000e+03 2.994280000000000275e-01
4.142000000000000000e+03 2.990900000000000225e-01
4.143000000000000000e+03 2.987500000000000155e-01
4.144000000000000000e+03 2.984080000000000066e-01
4.145000000000000000e+03 2.980670000000000264e-01
4.146000000000000000e+03 2.977239999999999887e-01
4.147000000000000000e+03 2.973810000000000064e-01
4.148000000000000000e+03 2.970369999999999955e-01
4.149000000000000000e+03 2.966909999999999825e-01
4.150000000000000000e+03 2.963450000000000251e-01
4.151000000000000000e+03 2.969410000000000105e-01
4.152000000000000000e+03 2.975369999999999959e-01
4.153000000000000000e+03 2.981340000000000101e-01
4.154000000000000000e+03 2.987299999999999955e-01
4.155000000000000000e+03 2.993279999999999830e-01
4.156000000000000000e+03 2.999260000000000259e-01
4.157000000000000000e+03 3.005240000000000133e-01
4.158000000000000000e+03 3.011240000000000028e-01
4.159000000000000000e+03 3.017219999999999902e-01
4.160000000000000000e+03 3.023210000000000064e-01
4.161000000000000000e+03 3.019439999999999902e-01
4.162000000000000000e+03 3.015660000000000007e-01
4.163000000000000000e+03 3.011860000000000093e-01
4.164000000000000000e+03 3.008069999999999911e-01
4.165000000000000000e+03 3.004269999999999996e-01
4.166000000000000000e+03 3.000459999999999794e-01
4.167000000000000000e+03 2.996659999999999879e-01
4.168000000000000000e+03 2.992839999999999945e-01
4.169000000000000000e+03 2.989009999999999723e-01
4.170000000000000000e+03 2.985189999999999788e-01
4.171000000000000000e+03 2.994109999999999827e-01
4.172000000000000000e+03 3.003060000000000174e-01
4.173000000000000000e+03 3.012000000000000233e-01
4.174000000000000000e+03 3.020950000000000024e-01
4.175000000000000000e+03 3.029910000000000103e-01
4.176000000000000000e+03 3.038890000000000202e-01
4.177000000000000000e+03 3.047869999999999746e-01
4.178000000000000000e+03 3.056860000000000133e-01
4.179000000000000000e+03 3.065860000000000252e-01
4.180000000000000000e+03 3.074859999999999816e-01
4.181000000000000000e+03 3.071209999999999773e-01
4.182000000000000000e+03 3.067549999999999999e-01
4.183000000000000000e+03 3.063879999999999937e-01
4.184000000000000000e+03 3.060209999999999875e-01
4.185000000000000000e+03 3.056530000000000080e-01
4.186000000000000000e+03 3.052849999999999731e-01
4.187000000000000000e+03 3.049160000000000204e-01
4.188000000000000000e+03 3.045459999999999834e-01
4.189000000000000000e+03 3.041769999999999752e-01
4.190000000000000000e+03 3.038049999999999917e-01
4.191000000000000000e+03 3.044709999999999916e-01
4.192000000000000000e+03 3.051369999999999916e-01
4.193000000000000000e+03 3.058029999999999915e-01
4.194000000000000000e+03 3.064700000000000202e-01
4.195000000000000000e+03 3.071360000000000201e-01
4.196000000000000000e+03 3.078040000000000220e-01
4.197000000000000000e+03 3.084709999999999952e-01
4.198000000000000000e+03 3.091389999999999971e-01
4.199000000000000000e+03 3.098069999999999991e-01
4.200000000000000000e+03 3.104759999999999742e-01
4.201000000000000000e+03 3.102800000000000002e-01
4.202000000000000000e+03 3.100829999999999975e-01
4.203000000000000000e+03 3.098870000000000235e-01
4.204000000000000000e+03 3.096900000000000208e-01
4.205000000000000000e+03 3.094939999999999913e-01
4.206000000000000000e+03 3.092960000000000154e-01
4.207000000000000000e+03 3.090999999999999859e-01
4.208000000000000000e+03 3.089020000000000099e-01
4.209000000000000000e+03 3.087050000000000072e-01
4.210000000000000000e+03 3.085069999999999757e-01
4.211000000000000000e+03 3.099350000000000160e-01
4.212000000000000000e+03 3.113639999999999741e-01
4.213000000000000000e+03 3.127949999999999897e-01
4.214000000000000000e+03 3.142269999999999786e-01
4.215000000000000000e+03 3.156590000000000229e-01
4.216000000000000000e+03 3.170910000000000117e-01
4.217000000000000000e+03 3.185259999999999758e-01
4.218000000000000000e+03 3.199600000000000222e-01
4.219000000000000000e+03 3.213969999999999883e-01
4.220000000000000000e+03 3.228340000000000098e-01
4.221000000000000000e+03 3.221550000000000247e-01
4.222000000000000000e+03 3.214759999999999840e-01
4.223000000000000000e+03 3.207969999999999988e-01
4.224000000000000000e+03 3.201169999999999849e-01
4.225000000000000000e+03 3.194370000000000265e-01
4.226000000000000000e+03 3.187559999999999838e-01
4.227000000000000000e+03 3.180749999999999966e-01
4.228000000000000000e+03 3.173940000000000095e-01
4.229000000000000000e+03 3.167119999999999935e-01
4.230000000000000000e+03 3.160290000000000044e-01
4.231000000000000000e+03 3.177300000000000124e-01
4.232000000000000000e+03 3.194319999999999937e-01
4.233000000000000000e+03 3.211339999999999750e-01
4.234000000000000000e+03 3.228360000000000118e-01
4.235000000000000000e+03 3.245390000000000219e-01
4.236000000000000000e+03 3.262430000000000052e-01
4.237000000000000000e+03 3.279480000000000173e-01
4.238000000000000000e+03 3.296529999999999738e-01
4.239000000000000000e+03 3.313599999999999879e-01
4.240000000000000000e+03 3.330670000000000019e-01
4.241000000000000000e+03 3.318019999999999858e-01
4.242000000000000000e+03 3.305370000000000252e-01
4.243000000000000000e+03 3.292720000000000091e-01
4.244000000000000000e+03 3.280069999999999930e-01
4.245000000000000000e+03 3.267410000000000037e-01
4.246000000000000000e+03 3.254750000000000143e-01
4.247000000000000000e+03 3.242079999999999962e-01
4.248000000000000000e+03 3.229409999999999781e-01
4.249000000000000000e+03 3.216729999999999867e-01
4.250000000000000000e+03 3.204060000000000241e-01
4.251000000000000000e+03 3.217979999999999730e-01
4.252000000000000000e+03 3.231890000000000041e-01
4.253000000000000000e+03 3.245810000000000084e-01
4.254000000000000000e+03 3.259739999999999860e-01
4.255000000000000000e+03 3.273670000000000191e-01
4.256000000000000000e+03 3.287610000000000254e-01
4.257000000000000000e+03 3.301560000000000050e-01
4.258000000000000000e+03 3.315509999999999846e-01
4.259000000000000000e+03 3.329469999999999930e-01
4.260000000000000000e+03 3.343419999999999725e-01
4.261000000000000000e+03 3.329300000000000037e-01
4.262000000000000000e+03 3.315170000000000061e-01
4.263000000000000000e+03 3.301020000000000065e-01
4.264000000000000000e+03 3.286859999999999782e-01
4.265000000000000000e+03 3.272709999999999786e-01
4.266000000000000000e+03 3.258539999999999770e-01
4.267000000000000000e+03 3.244369999999999754e-01
4.268000000000000000e+03 3.230180000000000273e-01
4.269000000000000000e+03 3.215990000000000237e-01
4.270000000000000000e+03 3.201789999999999914e-01
4.271000000000000000e+03 3.213759999999999950e-01
4.272000000000000000e+03 3.225729999999999986e-01
4.273000000000000000e+03 3.237709999999999755e-01
4.274000000000000000e+03 3.249679999999999791e-01
4.275000000000000000e+03 3.261660000000000115e-01
4.276000000000000000e+03 3.273639999999999883e-01
4.277000000000000000e+03 3.285629999999999939e-01
4.278000000000000000e+03 3.297619999999999996e-01
4.279000000000000000e+03 3.309630000000000072e-01
4.280000000000000000e+03 3.321620000000000128e-01
4.281000000000000000e+03 3.311729999999999952e-01
4.282000000000000000e+03 3.301839999999999775e-01
4.283000000000000000e+03 3.291939999999999866e-01
4.284000000000000000e+03 3.282050000000000245e-01
4.285000000000000000e+03 3.272149999999999781e-01
4.286000000000000000e+03 3.262260000000000160e-01
4.287000000000000000e+03 3.252360000000000251e-01
4.288000000000000000e+03 3.242450000000000054e-01
4.289000000000000000e+03 3.232550000000000145e-01
4.290000000000000000e+03 3.222639999999999949e-01
4.291000000000000000e+03 3.223449999999999926e-01
4.292000000000000000e+03 3.224259999999999904e-01
4.293000000000000000e+03 3.225060000000000149e-01
4.294000000000000000e+03 3.225859999999999839e-01
4.295000000000000000e+03 3.226669999999999816e-01
4.296000000000000000e+03 3.227479999999999793e-01
4.297000000000000000e+03 3.228280000000000038e-01
4.298000000000000000e+03 3.229090000000000016e-01
4.299000000000000000e+03 3.229909999999999726e-01
4.300000000000000000e+03 3.230709999999999971e-01
4.301000000000000000e+03 3.219409999999999772e-01
4.302000000000000000e+03 3.208119999999999861e-01
4.303000000000000000e+03 3.196809999999999929e-01
4.304000000000000000e+03 3.185509999999999731e-01
4.305000000000000000e+03 3.174199999999999799e-01
4.306000000000000000e+03 3.162889999999999868e-01
4.307000000000000000e+03 3.151579999999999937e-01
4.308000000000000000e+03 3.140279999999999738e-01
4.309000000000000000e+03 3.128960000000000075e-01
4.310000000000000000e+03 3.117650000000000143e-01
4.311000000000000000e+03 3.131090000000000262e-01
4.312000000000000000e+03 3.144549999999999845e-01
4.313000000000000000e+03 3.158030000000000004e-01
4.314000000000000000e+03 3.171499999999999875e-01
4.315000000000000000e+03 3.184989999999999766e-01
4.316000000000000000e+03 3.198480000000000212e-01
4.317000000000000000e+03 3.211970000000000103e-01
4.318000000000000000e+03 3.225480000000000014e-01
4.319000000000000000e+03 3.238989999999999925e-01
4.320000000000000000e+03 3.252499999999999836e-01
4.321000000000000000e+03 3.251240000000000241e-01
4.322000000000000000e+03 3.249960000000000071e-01
4.323000000000000000e+03 3.248690000000000189e-01
4.324000000000000000e+03 3.247419999999999751e-01
4.325000000000000000e+03 3.246149999999999869e-01
4.326000000000000000e+03 3.244870000000000254e-01
4.327000000000000000e+03 3.243599999999999817e-01
4.328000000000000000e+03 3.242320000000000202e-01
4.329000000000000000e+03 3.241060000000000052e-01
4.330000000000000000e+03 3.239779999999999882e-01
4.331000000000000000e+03 3.247680000000000011e-01
4.332000000000000000e+03 3.255600000000000160e-01
4.333000000000000000e+03 3.263510000000000022e-01
4.334000000000000000e+03 3.271419999999999884e-01
4.335000000000000000e+03 3.279340000000000033e-01
4.336000000000000000e+03 3.287249999999999894e-01
4.337000000000000000e+03 3.295159999999999756e-01
4.338000000000000000e+03 3.303070000000000173e-01
4.339000000000000000e+03 3.310989999999999767e-01
4.340000000000000000e+03 3.318909999999999916e-01
4.341000000000000000e+03 3.310759999999999814e-01
4.342000000000000000e+03 3.302599999999999980e-01
4.343000000000000000e+03 3.294440000000000146e-01
4.344000000000000000e+03 3.286279999999999757e-01
4.345000000000000000e+03 3.278119999999999923e-01
4.346000000000000000e+03 3.269949999999999801e-01
4.347000000000000000e+03 3.261780000000000235e-01
4.348000000000000000e+03 3.253610000000000113e-01
4.349000000000000000e+03 3.245439999999999992e-01
4.350000000000000000e+03 3.237260000000000137e-01
4.351000000000000000e+03 3.250859999999999861e-01
4.352000000000000000e+03 3.264449999999999852e-01
4.353000000000000000e+03 3.278039999999999843e-01
4.354000000000000000e+03 3.291649999999999854e-01
4.355000000000000000e+03 3.305239999999999845e-01
4.356000000000000000e+03 3.318840000000000123e-01
4.357000000000000000e+03 3.332439999999999847e-01
4.358000000000000000e+03 3.346040000000000125e-01
4.359000000000000000e+03 3.359650000000000136e-01
4.360000000000000000e+03 3.373240000000000127e-01
4.361000000000000000e+03 3.371179999999999732e-01
4.362000000000000000e+03 3.369090000000000140e-01
4.363000000000000000e+03 3.367020000000000013e-01
4.364000000000000000e+03 3.364940000000000153e-01
4.365000000000000000e+03 3.362870000000000026e-01
4.366000000000000000e+03 3.360790000000000166e-01
4.367000000000000000e+03 3.358720000000000039e-01
4.368000000000000000e+03 3.356640000000000179e-01
4.369000000000000000e+03 3.354559999999999764e-01
4.370000000000000000e+03 3.352490000000000192e-01
4.371000000000000000e+03 3.359509999999999996e-01
4.372000000000000000e+03 3.366529999999999800e-01
4.373000000000000000e+03 3.373559999999999892e-01
4.374000000000000000e+03 3.380580000000000251e-01
4.375000000000000000e+03 3.387609999999999788e-01
4.376000000000000000e+03 3.394650000000000167e-01
4.377000000000000000e+03 3.401669999999999972e-01
4.378000000000000000e+03 3.408709999999999796e-01
4.379000000000000000e+03 3.415750000000000175e-01
4.380000000000000000e+03 3.422780000000000267e-01
4.381000000000000000e+03 3.417009999999999770e-01
4.382000000000000000e+03 3.411239999999999828e-01
4.383000000000000000e+03 3.405469999999999886e-01
4.384000000000000000e+03 3.399699999999999944e-01
4.385000000000000000e+03 3.393930000000000002e-01
4.386000000000000000e+03 3.388160000000000061e-01
4.387000000000000000e+03 3.382390000000000119e-01
4.388000000000000000e+03 3.376620000000000177e-01
4.389000000000000000e+03 3.370850000000000235e-01
4.390000000000000000e+03 3.365079999999999738e-01
4.391000000000000000e+03 3.374820000000000042e-01
4.392000000000000000e+03 3.384570000000000078e-01
4.393000000000000000e+03 3.394309999999999827e-01
4.394000000000000000e+03 3.404050000000000131e-01
4.395000000000000000e+03 3.413800000000000168e-01
4.396000000000000000e+03 3.423550000000000204e-01
4.397000000000000000e+03 3.433289999999999953e-01
4.398000000000000000e+03 3.443039999999999989e-01
4.399000000000000000e+03 3.452779999999999738e-01
4.400000000000000000e+03 3.462520000000000042e-01
4.401000000000000000e+03 3.462060000000000137e-01
4.402000000000000000e+03 3.461589999999999945e-01
4.403000000000000000e+03 3.461130000000000040e-01
4.404000000000000000e+03 3.460670000000000135e-01
4.405000000000000000e+03 3.460210000000000230e-01
4.406000000000000000e+03 3.459740000000000038e-01
4.407000000000000000e+03 3.459269999999999845e-01
4.408000000000000000e+03 3.458820000000000228e-01
4.409000000000000000e+03 3.458359999999999768e-01
4.410000000000000000e+03 3.457899999999999863e-01
4.411000000000000000e+03 3.460779999999999967e-01
4.412000000000000000e+03 3.463669999999999805e-01
4.413000000000000000e+03 3.466569999999999929e-01
4.414000000000000000e+03 3.469459999999999766e-01
4.415000000000000000e+03 3.472350000000000159e-01
4.416000000000000000e+03 3.475239999999999996e-01
4.417000000000000000e+03 3.478129999999999833e-01
4.418000000000000000e+03 3.481020000000000225e-01
4.419000000000000000e+03 3.483919999999999795e-01
4.420000000000000000e+03 3.486810000000000187e-01
4.421000000000000000e+03 3.475039999999999796e-01
4.422000000000000000e+03 3.463269999999999960e-01
4.423000000000000000e+03 3.451509999999999856e-01
4.424000000000000000e+03 3.439749999999999752e-01
4.425000000000000000e+03 3.427990000000000204e-01
4.426000000000000000e+03 3.416230000000000100e-01
4.427000000000000000e+03 3.404479999999999729e-01
4.428000000000000000e+03 3.392729999999999912e-01
4.429000000000000000e+03 3.380980000000000096e-01
4.430000000000000000e+03 3.369229999999999725e-01
4.431000000000000000e+03 3.373599999999999932e-01
4.432000000000000000e+03 3.377979999999999872e-01
4.433000000000000000e+03 3.382350000000000079e-01
4.434000000000000000e+03 3.386719999999999731e-01
4.435000000000000000e+03 3.391089999999999938e-01
4.436000000000000000e+03 3.395449999999999857e-01
4.437000000000000000e+03 3.399820000000000064e-01
4.438000000000000000e+03 3.404200000000000004e-01
4.439000000000000000e+03 3.408559999999999923e-01
4.440000000000000000e+03 3.412919999999999843e-01
4.441000000000000000e+03 3.404209999999999736e-01
4.442000000000000000e+03 3.395500000000000185e-01
4.443000000000000000e+03 3.386770000000000058e-01
4.444000000000000000e+03 3.378039999999999932e-01
4.445000000000000000e+03 3.369309999999999805e-01
4.446000000000000000e+03 3.360589999999999966e-01
4.447000000000000000e+03 3.351859999999999840e-01
4.448000000000000000e+03 3.343119999999999981e-01
4.449000000000000000e+03 3.334380000000000122e-01
4.450000000000000000e+03 3.325649999999999995e-01
4.451000000000000000e+03 3.333050000000000179e-01
4.452000000000000000e+03 3.340440000000000076e-01
4.453000000000000000e+03 3.347840000000000260e-01
4.454000000000000000e+03 3.355239999999999889e-01
4.455000000000000000e+03 3.362629999999999786e-01
4.456000000000000000e+03 3.370020000000000238e-01
4.457000000000000000e+03 3.377410000000000134e-01
4.458000000000000000e+03 3.384789999999999743e-01
4.459000000000000000e+03 3.392180000000000195e-01
4.460000000000000000e+03 3.399559999999999804e-01
4.461000000000000000e+03 3.395119999999999805e-01
4.462000000000000000e+03 3.390659999999999785e-01
4.463000000000000000e+03 3.386219999999999786e-01
4.464000000000000000e+03 3.381770000000000054e-01
4.465000000000000000e+03 3.377319999999999767e-01
4.466000000000000000e+03 3.372859999999999747e-01
4.467000000000000000e+03 3.368410000000000015e-01
4.468000000000000000e+03 3.363949999999999996e-01
4.469000000000000000e+03 3.359500000000000264e-01
4.470000000000000000e+03 3.355040000000000244e-01
4.471000000000000000e+03 3.361859999999999848e-01
4.472000000000000000e+03 3.368680000000000008e-01
4.473000000000000000e+03 3.375489999999999879e-01
4.474000000000000000e+03 3.382310000000000039e-01
4.475000000000000000e+03 3.389130000000000198e-01
4.476000000000000000e+03 3.395940000000000070e-01
4.477000000000000000e+03 3.402749999999999941e-01
4.478000000000000000e+03 3.409570000000000101e-01
4.479000000000000000e+03 3.416370000000000240e-01
4.480000000000000000e+03 3.423189999999999844e-01
4.481000000000000000e+03 3.420480000000000187e-01
4.482000000000000000e+03 3.417780000000000262e-01
4.483000000000000000e+03 3.415079999999999782e-01
4.484000000000000000e+03 3.412370000000000125e-01
4.485000000000000000e+03 3.409659999999999913e-01
4.486000000000000000e+03 3.406959999999999988e-01
4.487000000000000000e+03 3.404249999999999776e-01
4.488000000000000000e+03 3.401549999999999851e-01
4.489000000000000000e+03 3.398840000000000194e-01
4.490000000000000000e+03 3.396140000000000270e-01
4.491000000000000000e+03 3.402220000000000244e-01
4.492000000000000000e+03 3.408309999999999951e-01
4.493000000000000000e+03 3.414380000000000193e-01
4.494000000000000000e+03 3.420469999999999899e-01
4.495000000000000000e+03 3.426540000000000141e-01
4.496000000000000000e+03 3.432629999999999848e-01
4.497000000000000000e+03 3.438700000000000090e-01
4.498000000000000000e+03 3.444780000000000064e-01
4.499000000000000000e+03 3.450860000000000039e-01
4.500000000000000000e+03 3.456919999999999993e-01
4.501000000000000000e+03 3.447279999999999789e-01
4.502000000000000000e+03 3.437640000000000140e-01
4.503000000000000000e+03 3.427999999999999936e-01
4.504000000000000000e+03 3.418350000000000000e-01
4.505000000000000000e+03 3.408720000000000083e-01
4.506000000000000000e+03 3.399079999999999879e-01
4.507000000000000000e+03 3.389440000000000230e-01
4.508000000000000000e+03 3.379809999999999759e-01
4.509000000000000000e+03 3.370179999999999843e-01
4.510000000000000000e+03 3.360540000000000194e-01
4.511000000000000000e+03 3.366000000000000103e-01
4.512000000000000000e+03 3.371460000000000012e-01
4.513000000000000000e+03 3.376910000000000189e-01
4.514000000000000000e+03 3.382370000000000099e-01
4.515000000000000000e+03 3.387820000000000276e-01
4.516000000000000000e+03 3.393269999999999897e-01
4.517000000000000000e+03 3.398729999999999807e-01
4.518000000000000000e+03 3.404170000000000251e-01
4.519000000000000000e+03 3.409610000000000141e-01
4.520000000000000000e+03 3.415059999999999762e-01
4.521000000000000000e+03 3.407789999999999986e-01
4.522000000000000000e+03 3.400520000000000209e-01
4.523000000000000000e+03 3.393260000000000165e-01
4.524000000000000000e+03 3.385989999999999833e-01
4.525000000000000000e+03 3.378729999999999789e-01
4.526000000000000000e+03 3.371460000000000012e-01
4.527000000000000000e+03 3.364190000000000236e-01
4.528000000000000000e+03 3.356919999999999904e-01
4.529000000000000000e+03 3.349650000000000127e-01
4.530000000000000000e+03 3.342379999999999796e-01
4.531000000000000000e+03 3.357850000000000001e-01
4.532000000000000000e+03 3.373320000000000207e-01
4.533000000000000000e+03 3.388780000000000125e-01
4.534000000000000000e+03 3.404229999999999756e-01
4.535000000000000000e+03 3.419690000000000230e-01
4.536000000000000000e+03 3.435139999999999860e-01
4.537000000000000000e+03 3.450590000000000046e-01
4.538000000000000000e+03 3.466029999999999944e-01
4.539000000000000000e+03 3.481469999999999843e-01
4.540000000000000000e+03 3.496909999999999741e-01
4.541000000000000000e+03 3.503299999999999748e-01
4.542000000000000000e+03 3.509700000000000042e-01
4.543000000000000000e+03 3.516099999999999781e-01
4.544000000000000000e+03 3.522489999999999788e-01
4.545000000000000000e+03 3.528879999999999795e-01
4.546000000000000000e+03 3.535269999999999802e-01
4.547000000000000000e+03 3.541659999999999808e-01
4.548000000000000000e+03 3.548049999999999815e-01
4.549000000000000000e+03 3.554439999999999822e-01
4.550000000000000000e+03 3.560820000000000096e-01
4.551000000000000000e+03 3.563529999999999753e-01
4.552000000000000000e+03 3.566230000000000233e-01
4.553000000000000000e+03 3.568930000000000158e-01
4.554000000000000000e+03 3.571630000000000082e-01
4.555000000000000000e+03 3.574320000000000275e-01
4.556000000000000000e+03 3.577020000000000199e-01
4.557000000000000000e+03 3.579720000000000124e-01
4.558000000000000000e+03 3.582409999999999761e-01
4.559000000000000000e+03 3.585099999999999953e-01
4.560000000000000000e+03 3.587790000000000146e-01
4.561000000000000000e+03 3.594579999999999997e-01
4.562000000000000000e+03 3.601360000000000117e-01
4.563000000000000000e+03 3.608149999999999968e-01
4.564000000000000000e+03 3.614939999999999820e-01
4.565000000000000000e+03 3.621719999999999939e-01
4.566000000000000000e+03 3.628500000000000059e-01
4.567000000000000000e+03 3.635289999999999910e-01
4.568000000000000000e+03 3.642070000000000030e-01
4.569000000000000000e+03 3.648850000000000149e-01
4.570000000000000000e+03 3.655630000000000268e-01
4.571000000000000000e+03 3.651420000000000221e-01
4.572000000000000000e+03 3.647210000000000174e-01
4.573000000000000000e+03 3.642989999999999839e-01
4.574000000000000000e+03 3.638790000000000080e-01
4.575000000000000000e+03 3.634569999999999745e-01
4.576000000000000000e+03 3.630360000000000253e-01
4.577000000000000000e+03 3.626139999999999919e-01
4.578000000000000000e+03 3.621929999999999872e-01
4.579000000000000000e+03 3.617730000000000112e-01
4.580000000000000000e+03 3.613509999999999778e-01
4.581000000000000000e+03 3.609470000000000178e-01
4.582000000000000000e+03 3.605430000000000024e-01
4.583000000000000000e+03 3.601400000000000157e-01
4.584000000000000000e+03 3.597360000000000002e-01
4.585000000000000000e+03 3.593319999999999848e-01
4.586000000000000000e+03 3.589289999999999980e-01
4.587000000000000000e+03 3.585249999999999826e-01
4.588000000000000000e+03 3.581210000000000226e-01
4.589000000000000000e+03 3.577179999999999804e-01
4.590000000000000000e+03 3.573140000000000205e-01
4.591000000000000000e+03 3.554919999999999747e-01
4.592000000000000000e+03 3.536710000000000131e-01
4.593000000000000000e+03 3.518499999999999961e-01
4.594000000000000000e+03 3.500280000000000058e-01
4.595000000000000000e+03 3.482080000000000175e-01
4.596000000000000000e+03 3.463860000000000272e-01
4.597000000000000000e+03 3.445639999999999814e-01
4.598000000000000000e+03 3.427430000000000199e-01
4.599000000000000000e+03 3.409209999999999741e-01
4.600000000000000000e+03 3.391000000000000125e-01
4.601000000000000000e+03 3.402330000000000076e-01
4.602000000000000000e+03 3.413660000000000028e-01
4.603000000000000000e+03 3.424989999999999979e-01
4.604000000000000000e+03 3.436310000000000198e-01
4.605000000000000000e+03 3.447629999999999861e-01
4.606000000000000000e+03 3.458950000000000080e-01
4.607000000000000000e+03 3.470260000000000011e-01
4.608000000000000000e+03 3.481580000000000230e-01
4.609000000000000000e+03 3.492890000000000161e-01
4.610000000000000000e+03 3.504209999999999825e-01
4.611000000000000000e+03 3.500539999999999763e-01
4.612000000000000000e+03 3.496870000000000256e-01
4.613000000000000000e+03 3.493200000000000194e-01
4.614000000000000000e+03 3.489530000000000132e-01
4.615000000000000000e+03 3.485869999999999802e-01
4.616000000000000000e+03 3.482199999999999740e-01
4.617000000000000000e+03 3.478530000000000233e-01
4.618000000000000000e+03 3.474869999999999903e-01
4.619000000000000000e+03 3.471199999999999841e-01
4.620000000000000000e+03 3.467540000000000067e-01
4.621000000000000000e+03 3.468160000000000132e-01
4.622000000000000000e+03 3.468780000000000197e-01
4.623000000000000000e+03 3.469409999999999994e-01
4.624000000000000000e+03 3.470039999999999791e-01
4.625000000000000000e+03 3.470650000000000124e-01
4.626000000000000000e+03 3.471279999999999921e-01
4.627000000000000000e+03 3.471890000000000254e-01
4.628000000000000000e+03 3.472509999999999764e-01
4.629000000000000000e+03 3.473140000000000116e-01
4.630000000000000000e+03 3.473749999999999893e-01
4.631000000000000000e+03 3.472720000000000251e-01
4.632000000000000000e+03 3.471699999999999786e-01
4.633000000000000000e+03 3.470659999999999856e-01
4.634000000000000000e+03 3.469639999999999946e-01
4.635000000000000000e+03 3.468609999999999749e-01
4.636000000000000000e+03 3.467569999999999819e-01
4.637000000000000000e+03 3.466540000000000177e-01
4.638000000000000000e+03 3.465509999999999979e-01
4.639000000000000000e+03 3.464470000000000049e-01
4.640000000000000000e+03 3.463439999999999852e-01
4.641000000000000000e+03 3.463999999999999857e-01
4.642000000000000000e+03 3.464550000000000129e-01
4.643000000000000000e+03 3.465110000000000134e-01
4.644000000000000000e+03 3.465659999999999852e-01
4.645000000000000000e+03 3.466230000000000144e-01
4.646000000000000000e+03 3.466779999999999862e-01
4.647000000000000000e+03 3.467330000000000134e-01
4.648000000000000000e+03 3.467879999999999852e-01
4.649000000000000000e+03 3.468439999999999857e-01
4.650000000000000000e+03 3.468990000000000129e-01
4.651000000000000000e+03 3.464599999999999902e-01
4.652000000000000000e+03 3.460219999999999962e-01
4.653000000000000000e+03 3.455840000000000023e-01
4.654000000000000000e+03 3.451449999999999796e-01
4.655000000000000000e+03 3.447069999999999856e-01
4.656000000000000000e+03 3.442680000000000184e-01
4.657000000000000000e+03 3.438300000000000245e-01
4.658000000000000000e+03 3.433919999999999750e-01
4.659000000000000000e+03 3.429539999999999811e-01
4.660000000000000000e+03 3.425159999999999871e-01
4.661000000000000000e+03 3.426870000000000194e-01
4.662000000000000000e+03 3.428570000000000229e-01
4.663000000000000000e+03 3.430270000000000263e-01
4.664000000000000000e+03 3.431980000000000031e-01
4.665000000000000000e+03 3.433689999999999798e-01
4.666000000000000000e+03 3.435400000000000120e-01
4.667000000000000000e+03 3.437100000000000155e-01
4.668000000000000000e+03 3.438800000000000190e-01
4.669000000000000000e+03 3.440500000000000225e-01
4.670000000000000000e+03 3.442209999999999992e-01
4.671000000000000000e+03 3.434940000000000215e-01
4.672000000000000000e+03 3.427660000000000151e-01
4.673000000000000000e+03 3.420389999999999819e-01
4.674000000000000000e+03 3.413109999999999755e-01
4.675000000000000000e+03 3.405839999999999979e-01
4.676000000000000000e+03 3.398579999999999934e-01
4.677000000000000000e+03 3.391299999999999870e-01
4.678000000000000000e+03 3.384039999999999826e-01
4.679000000000000000e+03 3.376759999999999762e-01
4.680000000000000000e+03 3.369489999999999985e-01
4.681000000000000000e+03 3.370690000000000075e-01
4.682000000000000000e+03 3.371899999999999897e-01
4.683000000000000000e+03 3.373110000000000275e-01
4.684000000000000000e+03 3.374309999999999810e-01
4.685000000000000000e+03 3.375509999999999899e-01
4.686000000000000000e+03 3.376709999999999989e-01
4.687000000000000000e+03 3.377910000000000079e-01
4.688000000000000000e+03 3.379119999999999902e-01
4.689000000000000000e+03 3.380310000000000259e-01
4.690000000000000000e+03 3.381520000000000081e-01
4.691000000000000000e+03 3.377589999999999759e-01
4.692000000000000000e+03 3.373659999999999992e-01
4.693000000000000000e+03 3.369739999999999958e-01
4.694000000000000000e+03 3.365810000000000191e-01
4.695000000000000000e+03 3.361890000000000156e-01
4.696000000000000000e+03 3.357959999999999834e-01
4.697000000000000000e+03 3.354030000000000067e-01
4.698000000000000000e+03 3.350110000000000032e-01
4.699000000000000000e+03 3.346180000000000265e-01
4.700000000000000000e+03 3.342249999999999943e-01
4.701000000000000000e+03 3.344840000000000035e-01
4.702000000000000000e+03 3.347410000000000108e-01
4.703000000000000000e+03 3.349989999999999912e-01
4.704000000000000000e+03 3.352580000000000005e-01
4.705000000000000000e+03 3.355159999999999809e-01
4.706000000000000000e+03 3.357740000000000169e-01
4.707000000000000000e+03 3.360319999999999974e-01
4.708000000000000000e+03 3.362890000000000046e-01
4.709000000000000000e+03 3.365469999999999851e-01
4.710000000000000000e+03 3.368039999999999923e-01
4.711000000000000000e+03 3.366480000000000028e-01
4.712000000000000000e+03 3.364920000000000133e-01
4.713000000000000000e+03 3.363349999999999951e-01
4.714000000000000000e+03 3.361799999999999788e-01
4.715000000000000000e+03 3.360230000000000161e-01
4.716000000000000000e+03 3.358670000000000266e-01
4.717000000000000000e+03 3.357100000000000084e-01
4.718000000000000000e+03 3.355529999999999902e-01
4.719000000000000000e+03 3.353960000000000274e-01
4.720000000000000000e+03 3.352399999999999824e-01
4.721000000000000000e+03 3.345819999999999905e-01
4.722000000000000000e+03 3.339239999999999986e-01
4.723000000000000000e+03 3.332660000000000067e-01
4.724000000000000000e+03 3.326080000000000148e-01
4.725000000000000000e+03 3.319500000000000228e-01
4.726000000000000000e+03 3.312919999999999754e-01
4.727000000000000000e+03 3.306330000000000102e-01
4.728000000000000000e+03 3.299739999999999895e-01
4.729000000000000000e+03 3.293170000000000264e-01
4.730000000000000000e+03 3.286580000000000057e-01
4.731000000000000000e+03 3.290560000000000151e-01
4.732000000000000000e+03 3.294540000000000246e-01
4.733000000000000000e+03 3.298530000000000073e-01
4.734000000000000000e+03 3.302510000000000168e-01
4.735000000000000000e+03 3.306479999999999975e-01
4.736000000000000000e+03 3.310460000000000069e-01
4.737000000000000000e+03 3.314440000000000164e-01
4.738000000000000000e+03 3.318420000000000258e-01
4.739000000000000000e+03 3.322399999999999798e-01
4.740000000000000000e+03 3.326370000000000160e-01
4.741000000000000000e+03 3.324389999999999845e-01
4.742000000000000000e+03 3.322410000000000085e-01
4.743000000000000000e+03 3.320420000000000038e-01
4.744000000000000000e+03 3.318450000000000011e-01
4.745000000000000000e+03 3.316459999999999964e-01
4.746000000000000000e+03 3.314480000000000204e-01
4.747000000000000000e+03 3.312499999999999889e-01
4.748000000000000000e+03 3.310509999999999842e-01
4.749000000000000000e+03 3.308530000000000082e-01
4.750000000000000000e+03 3.306549999999999767e-01
4.751000000000000000e+03 3.310029999999999917e-01
4.752000000000000000e+03 3.313519999999999799e-01
4.753000000000000000e+03 3.316999999999999948e-01
4.754000000000000000e+03 3.320489999999999831e-01
4.755000000000000000e+03 3.323969999999999980e-01
4.756000000000000000e+03 3.327459999999999862e-01
4.757000000000000000e+03 3.330949999999999744e-01
4.758000000000000000e+03 3.334429999999999894e-01
4.759000000000000000e+03 3.337910000000000044e-01
4.760000000000000000e+03 3.341399999999999926e-01
4.761000000000000000e+03 3.343249999999999833e-01
4.762000000000000000e+03 3.345110000000000028e-01
4.763000000000000000e+03 3.346970000000000223e-01
4.764000000000000000e+03 3.348820000000000130e-01
4.765000000000000000e+03 3.350670000000000037e-01
4.766000000000000000e+03 3.352530000000000232e-01
4.767000000000000000e+03 3.354380000000000139e-01
4.768000000000000000e+03 3.356230000000000047e-01
4.769000000000000000e+03 3.358090000000000241e-01
4.770000000000000000e+03 3.359940000000000149e-01
4.771000000000000000e+03 3.362680000000000113e-01
4.772000000000000000e+03 3.365429999999999811e-01
4.773000000000000000e+03 3.368169999999999775e-01
4.774000000000000000e+03 3.370920000000000027e-01
4.775000000000000000e+03 3.373659999999999992e-01
4.776000000000000000e+03 3.376419999999999977e-01
4.777000000000000000e+03 3.379159999999999942e-01
4.778000000000000000e+03 3.381910000000000194e-01
4.779000000000000000e+03 3.384659999999999891e-01
4.780000000000000000e+03 3.387399999999999856e-01
4.781000000000000000e+03 3.373220000000000107e-01
4.782000000000000000e+03 3.359030000000000071e-01
4.783000000000000000e+03 3.344860000000000055e-01
4.784000000000000000e+03 3.330670000000000019e-01
4.785000000000000000e+03 3.316490000000000271e-01
4.786000000000000000e+03 3.302320000000000255e-01
4.787000000000000000e+03 3.288139999999999952e-01
4.788000000000000000e+03 3.273969999999999936e-01
4.789000000000000000e+03 3.259799999999999920e-01
4.790000000000000000e+03 3.245629999999999904e-01
4.791000000000000000e+03 3.219730000000000092e-01
4.792000000000000000e+03 3.193840000000000012e-01
4.793000000000000000e+03 3.167949999999999933e-01
4.794000000000000000e+03 3.142059999999999853e-01
4.795000000000000000e+03 3.116169999999999773e-01
4.796000000000000000e+03 3.090280000000000249e-01
4.797000000000000000e+03 3.064390000000000169e-01
4.798000000000000000e+03 3.038509999999999822e-01
4.799000000000000000e+03 3.012630000000000030e-01
4.800000000000000000e+03 2.986750000000000238e-01
4.801000000000000000e+03 2.924050000000000260e-01
4.802000000000000000e+03 2.861339999999999995e-01
4.803000000000000000e+03 2.798640000000000017e-01
4.804000000000000000e+03 2.735940000000000039e-01
4.805000000000000000e+03 2.673229999999999773e-01
4.806000000000000000e+03 2.610520000000000063e-01
4.807000000000000000e+03 2.547809999999999797e-01
4.808000000000000000e+03 2.485100000000000087e-01
4.809000000000000000e+03 2.422380000000000089e-01
4.810000000000000000e+03 2.359670000000000101e-01
4.811000000000000000e+03 2.294680000000000053e-01
4.812000000000000000e+03 2.229700000000000015e-01
4.813000000000000000e+03 2.164709999999999968e-01
4.814000000000000000e+03 2.099709999999999910e-01
4.815000000000000000e+03 2.034719999999999862e-01
4.816000000000000000e+03 1.969720000000000082e-01
4.817000000000000000e+03 1.904720000000000024e-01
4.818000000000000000e+03 1.839719999999999966e-01
4.819000000000000000e+03 1.774709999999999899e-01
4.820000000000000000e+03 1.709690000000000099e-01
4.821000000000000000e+03 1.642579999999999874e-01
4.822000000000000000e+03 1.575469999999999926e-01
4.823000000000000000e+03 1.508339999999999959e-01
4.824000000000000000e+03 1.441209999999999991e-01
4.825000000000000000e+03 1.374070000000000014e-01
4.826000000000000000e+03 1.306920000000000026e-01
4.827000000000000000e+03 1.239770000000000039e-01
4.828000000000000000e+03 1.172610000000000041e-01
4.829000000000000000e+03 1.105440000000000034e-01
4.830000000000000000e+03 1.038260000000000016e-01
4.831000000000000000e+03 9.884529999999999705e-02
4.832000000000000000e+03 9.386369999999999436e-02
4.833000000000000000e+03 8.888150000000000217e-02
4.834000000000000000e+03 8.389810000000000323e-02
4.835000000000000000e+03 7.891420000000000379e-02
4.836000000000000000e+03 7.392940000000000622e-02
4.837000000000000000e+03 6.894379999999999953e-02
4.838000000000000000e+03 6.395729999999999471e-02
4.839000000000000000e+03 5.897020000000000040e-02
4.840000000000000000e+03 5.398229999999999695e-02
4.841000000000000000e+03 5.123060000000000114e-02
4.842000000000000000e+03 4.847909999999999719e-02
4.843000000000000000e+03 4.572810000000000069e-02
4.844000000000000000e+03 4.297720000000000012e-02
4.845000000000000000e+03 4.022649999999999837e-02
4.846000000000000000e+03 3.747600000000000237e-02
4.847000000000000000e+03 3.472589999999999705e-02
4.848000000000000000e+03 3.197590000000000154e-02
4.849000000000000000e+03 2.922630000000000020e-02
4.850000000000000000e+03 2.647680000000000172e-02
4.851000000000000000e+03 2.515039999999999984e-02
4.852000000000000000e+03 2.382420000000000024e-02
4.853000000000000000e+03 2.249819999999999945e-02
4.854000000000000000e+03 2.117230000000000154e-02
4.855000000000000000e+03 1.984649999999999956e-02
4.856000000000000000e+03 1.852089999999999986e-02
4.857000000000000000e+03 1.719549999999999898e-02
4.858000000000000000e+03 1.587020000000000097e-02
4.859000000000000000e+03 1.454500000000000064e-02
4.860000000000000000e+03 1.322000000000000085e-02
4.861000000000000000e+03 1.258210000000000058e-02
4.862000000000000000e+03 1.194409999999999916e-02
4.863000000000000000e+03 1.130590000000000067e-02
4.864000000000000000e+03 1.066749999999999990e-02
4.865000000000000000e+03 1.002899999999999972e-02
4.866000000000000000e+03 9.390320000000000611e-03
4.867000000000000000e+03 8.751510000000000539e-03
4.868000000000000000e+03 8.112529999999999741e-03
4.869000000000000000e+03 7.473389999999999894e-03
4.870000000000000000e+03 6.834090000000000130e-03
4.871000000000000000e+03 6.534120000000000032e-03
4.872000000000000000e+03 6.234149999999999935e-03
4.873000000000000000e+03 5.934219999999999599e-03
4.874000000000000000e+03 5.634300000000000072e-03
4.875000000000000000e+03 5.334400000000000426e-03
4.876000000000000000e+03 5.034509999999999853e-03
4.877000000000000000e+03 4.734640000000000029e-03
4.878000000000000000e+03 4.434780000000000146e-03
4.879000000000000000e+03 4.134950000000000084e-03
4.880000000000000000e+03 3.835139999999999903e-03
4.881000000000000000e+03 3.725210000000000066e-03
4.882000000000000000e+03 3.615269999999999855e-03
4.883000000000000000e+03 3.505340000000000018e-03
4.884000000000000000e+03 3.395410000000000181e-03
4.885000000000000000e+03 3.285460000000000030e-03
4.886000000000000000e+03 3.175519999999999819e-03
4.887000000000000000e+03 3.065580000000000041e-03
4.888000000000000000e+03 2.955639999999999830e-03
4.889000000000000000e+03 2.845680000000000171e-03
4.890000000000000000e+03 2.735739999999999960e-03
4.891000000000000000e+03 2.626059999999999939e-03
4.892000000000000000e+03 2.516350000000000097e-03
4.893000000000000000e+03 2.406629999999999880e-03
4.894000000000000000e+03 2.296869999999999901e-03
4.895000000000000000e+03 2.187099999999999982e-03
4.896000000000000000e+03 2.077289999999999866e-03
4.897000000000000000e+03 1.967459999999999869e-03
4.898000000000000000e+03 1.857609999999999990e-03
4.899000000000000000e+03 1.747730000000000073e-03
4.900000000000000000e+03 1.637819999999999901e-03
4.901000000000000000e+03 1.606640000000000108e-03
4.902000000000000000e+03 1.575460000000000098e-03
4.903000000000000000e+03 1.544280000000000088e-03
4.904000000000000000e+03 1.513100000000000079e-03
4.905000000000000000e+03 1.481920000000000069e-03
4.906000000000000000e+03 1.450740000000000059e-03
4.907000000000000000e+03 1.419549999999999892e-03
4.908000000000000000e+03 1.388370000000000099e-03
4.909000000000000000e+03 1.357200000000000030e-03
4.910000000000000000e+03 1.326020000000000020e-03
4.911000000000000000e+03 1.294950000000000007e-03
4.912000000000000000e+03 1.263889999999999935e-03
4.913000000000000000e+03 1.232819999999999923e-03
4.914000000000000000e+03 1.201739999999999970e-03
4.915000000000000000e+03 1.170650000000000076e-03
4.916000000000000000e+03 1.139559999999999965e-03
4.917000000000000000e+03 1.108470000000000072e-03
4.918000000000000000e+03 1.077370000000000020e-03
4.919000000000000000e+03 1.046269999999999969e-03
4.920000000000000000e+03 1.015159999999999977e-03
4.921000000000000000e+03 9.839819999999999990e-04
4.922000000000000000e+03 9.528050000000000365e-04
4.923000000000000000e+03 9.216269999999999497e-04
4.924000000000000000e+03 8.904460000000000326e-04
4.925000000000000000e+03 8.592660000000000228e-04
4.926000000000000000e+03 8.280829999999999658e-04
4.927000000000000000e+03 7.968969999999999700e-04
4.928000000000000000e+03 7.657109999999999741e-04
4.929000000000000000e+03 7.345249999999999783e-04
4.930000000000000000e+03 7.033350000000000279e-04
4.931000000000000000e+03 6.721960000000000131e-04
4.932000000000000000e+03 6.410499999999999966e-04
4.933000000000000000e+03 6.098990000000000097e-04
4.934000000000000000e+03 5.787400000000000053e-04
4.935000000000000000e+03 5.475750000000000148e-04
4.936000000000000000e+03 5.164040000000000383e-04
4.937000000000000000e+03 4.852260000000000058e-04
4.938000000000000000e+03 4.540419999999999873e-04
4.939000000000000000e+03 4.228519999999999827e-04
4.940000000000000000e+03 3.916540000000000147e-04
4.941000000000000000e+03 3.836450000000000038e-04
4.942000000000000000e+03 3.756329999999999999e-04
4.943000000000000000e+03 3.676190000000000187e-04
4.944000000000000000e+03 3.596019999999999902e-04
4.945000000000000000e+03 3.515829999999999845e-04
4.946000000000000000e+03 3.435630000000000172e-04
4.947000000000000000e+03 3.355389999999999870e-04
4.948000000000000000e+03 3.275120000000000180e-04
4.949000000000000000e+03 3.194830000000000174e-04
4.950000000000000000e+03 3.114519999999999854e-04
4.951000000000000000e+03 3.033590000000000071e-04
4.952000000000000000e+03 2.952659999999999747e-04
4.953000000000000000e+03 2.871729999999999964e-04
4.954000000000000000e+03 2.790819999999999954e-04
4.955000000000000000e+03 2.709920000000000102e-04
4.956000000000000000e+03 2.629020000000000250e-04
4.957000000000000000e+03 2.548130000000000013e-04
4.958000000000000000e+03 2.467249999999999934e-04
4.959000000000000000e+03 2.386380000000000012e-04
4.960000000000000000e+03 2.305519999999999976e-04
4.961000000000000000e+03 2.225069999999999891e-04
4.962000000000000000e+03 2.144600000000000033e-04
4.963000000000000000e+03 2.064110000000000131e-04
4.964000000000000000e+03 1.983599999999999914e-04
4.965000000000000000e+03 1.903069999999999924e-04
4.966000000000000000e+03 1.822510000000000005e-04
4.967000000000000000e+03 1.741939999999999927e-04
4.968000000000000000e+03 1.661339999999999920e-04
4.969000000000000000e+03 1.580719999999999868e-04
4.970000000000000000e+03 1.500080000000000044e-04
4.971000000000000000e+03 1.419389999999999975e-04
4.972000000000000000e+03 1.338669999999999975e-04
4.973000000000000000e+03 1.257940000000000089e-04
4.974000000000000000e+03 1.177190000000000023e-04
4.975000000000000000e+03 1.096420000000000050e-04
4.976000000000000000e+03 1.015630000000000032e-04
4.977000000000000000e+03 9.348360000000000057e-05
4.978000000000000000e+03 8.540169999999999923e-05
4.979000000000000000e+03 7.731799999999999394e-05
