# F475W
3.798000000000000000e+03 8.839840000000000393e-05
3.799000000000000000e+03 9.816639999999999578e-05
3.800000000000000000e+03 1.079840000000000015e-04
3.801000000000000000e+03 1.177390000000000055e-04
3.802000000000000000e+03 1.275249999999999962e-04
3.803000000000000000e+03 1.373439999999999915e-04
3.804000000000000000e+03 1.471939999999999870e-04
3.805000000000000000e+03 1.570769999999999870e-04
3.806000000000000000e+03 1.669920000000000031e-04
3.807000000000000000e+03 1.769390000000000079e-04
3.808000000000000000e+03 1.869189999999999903e-04
3.809000000000000000e+03 1.969309999999999887e-04
3.810000000000000000e+03 2.069739999999999872e-04
3.811000000000000000e+03 2.170890000000000081e-04
3.812000000000000000e+03 2.272399999999999995e-04
3.813000000000000000e+03 2.374269999999999885e-04
3.814000000000000000e+03 2.476499999999999752e-04
3.815000000000000000e+03 2.579090000000000137e-04
3.816000000000000000e+03 2.682049999999999842e-04
3.817000000000000000e+03 2.785369999999999795e-04
3.818000000000000000e+03 2.889039999999999837e-04
3.819000000000000000e+03 2.993079999999999742e-04
3.820000000000000000e+03 3.097490000000000052e-04
3.821000000000000000e+03 3.202479999999999737e-04
3.822000000000000000e+03 3.307849999999999983e-04
3.823000000000000000e+03 3.413590000000000092e-04
3.824000000000000000e+03 3.519719999999999837e-04
3.825000000000000000e+03 3.626239999999999759e-04
3.826000000000000000e+03 3.733119999999999928e-04
3.827000000000000000e+03 3.840399999999999890e-04
3.828000000000000000e+03 3.948050000000000257e-04
3.829000000000000000e+03 4.056099999999999875e-04
3.830000000000000000e+03 4.164530000000000055e-04
3.831000000000000000e+03 4.968320000000000028e-04
3.832000000000000000e+03 5.775459999999999622e-04
3.833000000000000000e+03 6.585939999999999763e-04
3.834000000000000000e+03 7.399760000000000452e-04
3.835000000000000000e+03 8.216980000000000464e-04
3.836000000000000000e+03 9.037539999999999940e-04
3.837000000000000000e+03 9.861480000000000593e-04
3.838000000000000000e+03 1.068879999999999917e-03
3.839000000000000000e+03 1.151949999999999892e-03
3.840000000000000000e+03 1.235360000000000017e-03
3.841000000000000000e+03 1.319029999999999899e-03
3.842000000000000000e+03 1.403029999999999989e-03
3.843000000000000000e+03 1.487360000000000071e-03
3.844000000000000000e+03 1.572019999999999928e-03
3.845000000000000000e+03 1.657019999999999934e-03
3.846000000000000000e+03 1.742349999999999932e-03
3.847000000000000000e+03 1.828009999999999921e-03
3.848000000000000000e+03 1.914010000000000060e-03
3.849000000000000000e+03 2.000350000000000131e-03
3.850000000000000000e+03 2.087020000000000194e-03
3.851000000000000000e+03 2.257299999999999845e-03
3.852000000000000000e+03 2.428319999999999871e-03
3.853000000000000000e+03 2.600069999999999899e-03
3.854000000000000000e+03 2.772559999999999868e-03
3.855000000000000000e+03 2.945800000000000154e-03
3.856000000000000000e+03 3.119779999999999949e-03
3.857000000000000000e+03 3.294500000000000119e-03
3.858000000000000000e+03 3.469980000000000113e-03
3.859000000000000000e+03 3.646190000000000108e-03
3.860000000000000000e+03 3.823149999999999986e-03
3.861000000000000000e+03 4.101679999999999909e-03
3.862000000000000000e+03 4.381300000000000298e-03
3.863000000000000000e+03 4.662040000000000108e-03
3.864000000000000000e+03 4.943900000000000204e-03
3.865000000000000000e+03 5.226879999999999721e-03
3.866000000000000000e+03 5.510990000000000333e-03
3.867000000000000000e+03 5.796210000000000424e-03
3.868000000000000000e+03 6.082559999999999877e-03
3.869000000000000000e+03 6.370060000000000305e-03
3.870000000000000000e+03 6.658670000000000214e-03
3.871000000000000000e+03 7.100799999999999994e-03
3.872000000000000000e+03 7.544819999999999825e-03
3.873000000000000000e+03 7.990759999999999530e-03
3.874000000000000000e+03 8.438589999999999286e-03
3.875000000000000000e+03 8.888339999999999783e-03
3.876000000000000000e+03 9.339999999999999344e-03
3.877000000000000000e+03 9.793579999999999647e-03
3.878000000000000000e+03 1.024910000000000057e-02
3.879000000000000000e+03 1.070650000000000074e-02
3.880000000000000000e+03 1.116589999999999944e-02
3.881000000000000000e+03 1.180140000000000008e-02
3.882000000000000000e+03 1.243980000000000086e-02
3.883000000000000000e+03 1.308100000000000061e-02
3.884000000000000000e+03 1.372499999999999935e-02
3.885000000000000000e+03 1.437180000000000055e-02
3.886000000000000000e+03 1.502140000000000072e-02
3.887000000000000000e+03 1.567400000000000043e-02
3.888000000000000000e+03 1.632930000000000145e-02
3.889000000000000000e+03 1.698749999999999913e-02
3.890000000000000000e+03 1.764850000000000099e-02
3.891000000000000000e+03 1.847640000000000046e-02
3.892000000000000000e+03 1.930760000000000115e-02
3.893000000000000000e+03 2.014229999999999840e-02
3.894000000000000000e+03 2.098030000000000034e-02
3.895000000000000000e+03 2.182179999999999884e-02
3.896000000000000000e+03 2.266680000000000084e-02
3.897000000000000000e+03 2.351519999999999999e-02
3.898000000000000000e+03 2.436709999999999918e-02
3.899000000000000000e+03 2.522239999999999899e-02
3.900000000000000000e+03 2.608119999999999883e-02
3.901000000000000000e+03 2.697870000000000129e-02
3.902000000000000000e+03 2.788030000000000022e-02
3.903000000000000000e+03 2.878570000000000087e-02
3.904000000000000000e+03 2.969509999999999858e-02
3.905000000000000000e+03 3.060840000000000088e-02
3.906000000000000000e+03 3.152569999999999678e-02
3.907000000000000000e+03 3.244690000000000074e-02
3.908000000000000000e+03 3.337210000000000176e-02
3.909000000000000000e+03 3.430129999999999985e-02
3.910000000000000000e+03 3.523439999999999905e-02
3.911000000000000000e+03 3.621989999999999932e-02
3.912000000000000000e+03 3.720949999999999952e-02
3.913000000000000000e+03 3.820289999999999797e-02
3.914000000000000000e+03 3.920030000000000042e-02
3.915000000000000000e+03 4.020159999999999706e-02
3.916000000000000000e+03 4.120689999999999770e-02
3.917000000000000000e+03 4.221620000000000233e-02
3.918000000000000000e+03 4.322949999999999710e-02
3.919000000000000000e+03 4.424689999999999873e-02
3.920000000000000000e+03 4.526809999999999862e-02
3.921000000000000000e+03 4.623920000000000113e-02
3.922000000000000000e+03 4.721419999999999784e-02
3.923000000000000000e+03 4.819330000000000142e-02
3.924000000000000000e+03 4.917610000000000037e-02
3.925000000000000000e+03 5.016299999999999926e-02
3.926000000000000000e+03 5.115379999999999927e-02
3.927000000000000000e+03 5.214860000000000329e-02
3.928000000000000000e+03 5.314739999999999742e-02
3.929000000000000000e+03 5.415020000000000250e-02
3.930000000000000000e+03 5.515710000000000057e-02
3.931000000000000000e+03 5.621550000000000158e-02
3.932000000000000000e+03 5.727770000000000084e-02
3.933000000000000000e+03 5.834389999999999715e-02
3.934000000000000000e+03 5.941389999999999866e-02
3.935000000000000000e+03 6.048769999999999841e-02
3.936000000000000000e+03 6.156559999999999810e-02
3.937000000000000000e+03 6.264699999999999436e-02
3.938000000000000000e+03 6.373260000000000036e-02
3.939000000000000000e+03 6.482200000000000462e-02
3.940000000000000000e+03 6.591529999999999612e-02
3.941000000000000000e+03 6.690300000000000413e-02
3.942000000000000000e+03 6.789489999999999414e-02
3.943000000000000000e+03 6.889009999999999578e-02
3.944000000000000000e+03 6.988930000000000142e-02
3.945000000000000000e+03 7.089230000000000531e-02
3.946000000000000000e+03 7.189909999999999357e-02
3.947000000000000000e+03 7.290979999999999683e-02
3.948000000000000000e+03 7.392429999999999835e-02
3.949000000000000000e+03 7.494270000000000098e-02
3.950000000000000000e+03 7.596469999999999612e-02
3.951000000000000000e+03 7.713269999999999849e-02
3.952000000000000000e+03 7.830479999999999385e-02
3.953000000000000000e+03 7.948099999999999610e-02
3.954000000000000000e+03 8.066149999999999709e-02
3.955000000000000000e+03 8.184589999999999921e-02
3.956000000000000000e+03 8.303480000000000583e-02
3.957000000000000000e+03 8.422770000000000257e-02
3.958000000000000000e+03 8.542470000000000618e-02
3.959000000000000000e+03 8.662590000000000567e-02
3.960000000000000000e+03 8.783159999999999579e-02
3.961000000000000000e+03 8.898390000000000466e-02
3.962000000000000000e+03 9.014049999999999840e-02
3.963000000000000000e+03 9.130140000000000478e-02
3.964000000000000000e+03 9.246609999999999552e-02
3.965000000000000000e+03 9.363509999999999889e-02
3.966000000000000000e+03 9.480850000000000388e-02
3.967000000000000000e+03 9.598560000000000425e-02
3.968000000000000000e+03 9.716729999999999812e-02
3.969000000000000000e+03 9.835299999999999598e-02
3.970000000000000000e+03 9.954280000000000073e-02
3.971000000000000000e+03 1.008509999999999962e-01
3.972000000000000000e+03 1.021630000000000038e-01
3.973000000000000000e+03 1.034800000000000025e-01
3.974000000000000000e+03 1.048010000000000053e-01
3.975000000000000000e+03 1.061259999999999981e-01
3.976000000000000000e+03 1.074559999999999960e-01
3.977000000000000000e+03 1.087899999999999978e-01
3.978000000000000000e+03 1.101290000000000047e-01
3.979000000000000000e+03 1.114720000000000016e-01
3.980000000000000000e+03 1.128190000000000026e-01
3.981000000000000000e+03 1.140270000000000034e-01
3.982000000000000000e+03 1.152379999999999932e-01
3.983000000000000000e+03 1.164540000000000020e-01
3.984000000000000000e+03 1.176740000000000008e-01
3.985000000000000000e+03 1.188970000000000027e-01
3.986000000000000000e+03 1.201259999999999967e-01
3.987000000000000000e+03 1.213589999999999947e-01
3.988000000000000000e+03 1.225949999999999956e-01
3.989000000000000000e+03 1.238370000000000026e-01
3.990000000000000000e+03 1.250819999999999987e-01
3.991000000000000000e+03 1.262719999999999954e-01
3.992000000000000000e+03 1.274649999999999950e-01
3.993000000000000000e+03 1.286619999999999986e-01
3.994000000000000000e+03 1.298620000000000052e-01
3.995000000000000000e+03 1.310669999999999891e-01
3.996000000000000000e+03 1.322750000000000037e-01
3.997000000000000000e+03 1.334869999999999945e-01
3.998000000000000000e+03 1.347019999999999884e-01
3.999000000000000000e+03 1.359219999999999873e-01
4.000000000000000000e+03 1.371439999999999881e-01
4.001000000000000000e+03 1.381030000000000035e-01
4.002000000000000000e+03 1.390629999999999922e-01
4.003000000000000000e+03 1.400260000000000116e-01
4.004000000000000000e+03 1.409900000000000042e-01
4.005000000000000000e+03 1.419559999999999989e-01
4.006000000000000000e+03 1.429229999999999945e-01
4.007000000000000000e+03 1.438929999999999931e-01
4.008000000000000000e+03 1.448639999999999928e-01
4.009000000000000000e+03 1.458379999999999954e-01
4.010000000000000000e+03 1.468129999999999991e-01
4.011000000000000000e+03 1.477779999999999927e-01
4.012000000000000000e+03 1.487449999999999883e-01
4.013000000000000000e+03 1.497130000000000127e-01
4.014000000000000000e+03 1.506840000000000124e-01
4.015000000000000000e+03 1.516560000000000130e-01
4.016000000000000000e+03 1.526299999999999879e-01
4.017000000000000000e+03 1.536049999999999915e-01
4.018000000000000000e+03 1.545819999999999972e-01
4.019000000000000000e+03 1.555610000000000048e-01
4.020000000000000000e+03 1.565410000000000135e-01
4.021000000000000000e+03 1.574750000000000039e-01
4.022000000000000000e+03 1.584109999999999963e-01
4.023000000000000000e+03 1.593489999999999907e-01
4.024000000000000000e+03 1.602889999999999870e-01
4.025000000000000000e+03 1.612300000000000122e-01
4.026000000000000000e+03 1.621730000000000116e-01
4.027000000000000000e+03 1.631180000000000130e-01
4.028000000000000000e+03 1.640639999999999876e-01
4.029000000000000000e+03 1.650129999999999930e-01
4.030000000000000000e+03 1.659629999999999994e-01
4.031000000000000000e+03 1.672069999999999945e-01
4.032000000000000000e+03 1.684539999999999926e-01
4.033000000000000000e+03 1.697029999999999927e-01
4.034000000000000000e+03 1.709529999999999939e-01
4.035000000000000000e+03 1.722059999999999980e-01
4.036000000000000000e+03 1.734610000000000041e-01
4.037000000000000000e+03 1.747190000000000132e-01
4.038000000000000000e+03 1.759779999999999955e-01
4.039000000000000000e+03 1.772400000000000087e-01
4.040000000000000000e+03 1.785039999999999960e-01
4.041000000000000000e+03 1.797140000000000126e-01
4.042000000000000000e+03 1.809260000000000035e-01
4.043000000000000000e+03 1.821399999999999963e-01
4.044000000000000000e+03 1.833559999999999912e-01
4.045000000000000000e+03 1.845739999999999881e-01
4.046000000000000000e+03 1.857930000000000137e-01
4.047000000000000000e+03 1.870140000000000136e-01
4.048000000000000000e+03 1.882379999999999887e-01
4.049000000000000000e+03 1.894629999999999925e-01
4.050000000000000000e+03 1.906899999999999984e-01
4.051000000000000000e+03 1.921499999999999875e-01
4.052000000000000000e+03 1.936130000000000073e-01
4.053000000000000000e+03 1.950770000000000004e-01
4.054000000000000000e+03 1.965439999999999965e-01
4.055000000000000000e+03 1.980119999999999936e-01
4.056000000000000000e+03 1.994829999999999937e-01
4.057000000000000000e+03 2.009559999999999957e-01
4.058000000000000000e+03 2.024309999999999998e-01
4.059000000000000000e+03 2.039070000000000049e-01
4.060000000000000000e+03 2.053850000000000120e-01
4.061000000000000000e+03 2.064580000000000026e-01
4.062000000000000000e+03 2.075309999999999933e-01
4.063000000000000000e+03 2.086069999999999869e-01
4.064000000000000000e+03 2.096840000000000093e-01
4.065000000000000000e+03 2.107630000000000059e-01
4.066000000000000000e+03 2.118430000000000035e-01
4.067000000000000000e+03 2.129250000000000032e-01
4.068000000000000000e+03 2.140080000000000038e-01
4.069000000000000000e+03 2.150940000000000074e-01
4.070000000000000000e+03 2.161810000000000120e-01
4.071000000000000000e+03 2.172099999999999864e-01
4.072000000000000000e+03 2.182409999999999906e-01
4.073000000000000000e+03 2.192729999999999957e-01
4.074000000000000000e+03 2.203070000000000028e-01
4.075000000000000000e+03 2.213430000000000120e-01
4.076000000000000000e+03 2.223819999999999963e-01
4.077000000000000000e+03 2.234200000000000075e-01
4.078000000000000000e+03 2.244609999999999939e-01
4.079000000000000000e+03 2.255030000000000090e-01
4.080000000000000000e+03 2.265469999999999984e-01
4.081000000000000000e+03 2.270119999999999916e-01
4.082000000000000000e+03 2.274770000000000125e-01
4.083000000000000000e+03 2.279430000000000067e-01
4.084000000000000000e+03 2.284100000000000019e-01
4.085000000000000000e+03 2.288769999999999971e-01
4.086000000000000000e+03 2.293439999999999923e-01
4.087000000000000000e+03 2.298119999999999885e-01
4.088000000000000000e+03 2.302810000000000135e-01
4.089000000000000000e+03 2.307500000000000107e-01
4.090000000000000000e+03 2.312200000000000089e-01
4.091000000000000000e+03 2.318030000000000090e-01
4.092000000000000000e+03 2.323870000000000102e-01
4.093000000000000000e+03 2.329710000000000114e-01
4.094000000000000000e+03 2.335569999999999868e-01
4.095000000000000000e+03 2.341429999999999900e-01
4.096000000000000000e+03 2.347289999999999932e-01
4.097000000000000000e+03 2.353179999999999994e-01
4.098000000000000000e+03 2.359060000000000046e-01
4.099000000000000000e+03 2.364940000000000098e-01
4.100000000000000000e+03 2.370839999999999892e-01
4.101000000000000000e+03 2.376000000000000056e-01
4.102000000000000000e+03 2.381169999999999953e-01
4.103000000000000000e+03 2.386350000000000138e-01
4.104000000000000000e+03 2.391520000000000035e-01
4.105000000000000000e+03 2.396709999999999952e-01
4.106000000000000000e+03 2.401890000000000136e-01
4.107000000000000000e+03 2.407090000000000063e-01
4.108000000000000000e+03 2.412289999999999990e-01
4.109000000000000000e+03 2.417499999999999927e-01
4.110000000000000000e+03 2.422709999999999864e-01
4.111000000000000000e+03 2.430070000000000008e-01
4.112000000000000000e+03 2.437459999999999904e-01
4.113000000000000000e+03 2.444850000000000079e-01
4.114000000000000000e+03 2.452249999999999985e-01
4.115000000000000000e+03 2.459659999999999902e-01
4.116000000000000000e+03 2.467070000000000096e-01
4.117000000000000000e+03 2.474500000000000033e-01
4.118000000000000000e+03 2.481929999999999970e-01
4.119000000000000000e+03 2.489379999999999926e-01
4.120000000000000000e+03 2.496829999999999883e-01
4.121000000000000000e+03 2.503810000000000202e-01
4.122000000000000000e+03 2.510789999999999966e-01
4.123000000000000000e+03 2.517780000000000018e-01
4.124000000000000000e+03 2.524779999999999802e-01
4.125000000000000000e+03 2.531769999999999854e-01
4.126000000000000000e+03 2.538779999999999926e-01
4.127000000000000000e+03 2.545789999999999997e-01
4.128000000000000000e+03 2.552820000000000089e-01
4.129000000000000000e+03 2.559850000000000181e-01
4.130000000000000000e+03 2.566880000000000273e-01
4.131000000000000000e+03 2.575879999999999836e-01
4.132000000000000000e+03 2.584899999999999975e-01
4.133000000000000000e+03 2.593920000000000115e-01
4.134000000000000000e+03 2.602960000000000274e-01
4.135000000000000000e+03 2.611999999999999877e-01
4.136000000000000000e+03 2.621049999999999769e-01
4.137000000000000000e+03 2.630109999999999948e-01
4.138000000000000000e+03 2.639179999999999859e-01
4.139000000000000000e+03 2.648249999999999771e-01
4.140000000000000000e+03 2.657340000000000257e-01
4.141000000000000000e+03 2.661950000000000149e-01
4.142000000000000000e+03 2.666569999999999774e-01
4.143000000000000000e+03 2.671180000000000221e-01
4.144000000000000000e+03 2.675799999999999845e-01
4.145000000000000000e+03 2.680440000000000045e-01
4.146000000000000000e+03 2.685069999999999957e-01
4.147000000000000000e+03 2.689710000000000156e-01
4.148000000000000000e+03 2.694360000000000088e-01
4.149000000000000000e+03 2.699010000000000020e-01
4.150000000000000000e+03 2.703659999999999952e-01
4.151000000000000000e+03 2.707539999999999947e-01
4.152000000000000000e+03 2.711419999999999941e-01
4.153000000000000000e+03 2.715299999999999936e-01
4.154000000000000000e+03 2.719170000000000198e-01
4.155000000000000000e+03 2.723059999999999925e-01
4.156000000000000000e+03 2.726950000000000207e-01
4.157000000000000000e+03 2.730839999999999934e-01
4.158000000000000000e+03 2.734730000000000216e-01
4.159000000000000000e+03 2.738619999999999943e-01
4.160000000000000000e+03 2.742519999999999958e-01
4.161000000000000000e+03 2.741629999999999900e-01
4.162000000000000000e+03 2.740739999999999843e-01
4.163000000000000000e+03 2.739849999999999786e-01
4.164000000000000000e+03 2.738959999999999728e-01
4.165000000000000000e+03 2.738059999999999938e-01
4.166000000000000000e+03 2.737160000000000148e-01
4.167000000000000000e+03 2.736270000000000091e-01
4.168000000000000000e+03 2.735369999999999746e-01
4.169000000000000000e+03 2.734460000000000224e-01
4.170000000000000000e+03 2.733559999999999879e-01
4.171000000000000000e+03 2.735179999999999834e-01
4.172000000000000000e+03 2.736810000000000076e-01
4.173000000000000000e+03 2.738430000000000031e-01
4.174000000000000000e+03 2.740060000000000273e-01
4.175000000000000000e+03 2.741680000000000228e-01
4.176000000000000000e+03 2.743309999999999915e-01
4.177000000000000000e+03 2.744940000000000158e-01
4.178000000000000000e+03 2.746569999999999845e-01
4.179000000000000000e+03 2.748200000000000087e-01
4.180000000000000000e+03 2.749829999999999774e-01
4.181000000000000000e+03 2.749090000000000145e-01
4.182000000000000000e+03 2.748349999999999960e-01
4.183000000000000000e+03 2.747609999999999775e-01
4.184000000000000000e+03 2.746870000000000145e-01
4.185000000000000000e+03 2.746120000000000227e-01
4.186000000000000000e+03 2.745369999999999755e-01
4.187000000000000000e+03 2.744630000000000125e-01
4.188000000000000000e+03 2.743869999999999920e-01
4.189000000000000000e+03 2.743120000000000003e-01
4.190000000000000000e+03 2.742359999999999798e-01
4.191000000000000000e+03 2.747479999999999922e-01
4.192000000000000000e+03 2.752609999999999779e-01
4.193000000000000000e+03 2.757749999999999924e-01
4.194000000000000000e+03 2.762879999999999781e-01
4.195000000000000000e+03 2.768010000000000193e-01
4.196000000000000000e+03 2.773160000000000069e-01
4.197000000000000000e+03 2.778289999999999926e-01
4.198000000000000000e+03 2.783439999999999803e-01
4.199000000000000000e+03 2.788590000000000235e-01
4.200000000000000000e+03 2.793740000000000112e-01
4.201000000000000000e+03 2.797080000000000122e-01
4.202000000000000000e+03 2.800409999999999844e-01
4.203000000000000000e+03 2.803760000000000141e-01
4.204000000000000000e+03 2.807089999999999863e-01
4.205000000000000000e+03 2.810440000000000160e-01
4.206000000000000000e+03 2.813780000000000170e-01
4.207000000000000000e+03 2.817140000000000200e-01
4.208000000000000000e+03 2.820489999999999942e-01
4.209000000000000000e+03 2.823840000000000239e-01
4.210000000000000000e+03 2.827189999999999981e-01
4.211000000000000000e+03 2.835619999999999807e-01
4.212000000000000000e+03 2.844059999999999921e-01
4.213000000000000000e+03 2.852509999999999768e-01
4.214000000000000000e+03 2.860960000000000170e-01
4.215000000000000000e+03 2.869419999999999749e-01
4.216000000000000000e+03 2.877879999999999883e-01
4.217000000000000000e+03 2.886349999999999749e-01
4.218000000000000000e+03 2.894820000000000171e-01
4.219000000000000000e+03 2.903299999999999770e-01
4.220000000000000000e+03 2.911779999999999924e-01
4.221000000000000000e+03 2.915789999999999771e-01
4.222000000000000000e+03 2.919800000000000173e-01
4.223000000000000000e+03 2.923830000000000040e-01
4.224000000000000000e+03 2.927839999999999887e-01
4.225000000000000000e+03 2.931869999999999754e-01
4.226000000000000000e+03 2.935880000000000156e-01
4.227000000000000000e+03 2.939899999999999736e-01
4.228000000000000000e+03 2.943930000000000158e-01
4.229000000000000000e+03 2.947969999999999757e-01
4.230000000000000000e+03 2.951989999999999892e-01
4.231000000000000000e+03 2.960099999999999953e-01
4.232000000000000000e+03 2.968230000000000035e-01
4.233000000000000000e+03 2.976340000000000097e-01
4.234000000000000000e+03 2.984470000000000178e-01
4.235000000000000000e+03 2.992589999999999972e-01
4.236000000000000000e+03 3.000720000000000054e-01
4.237000000000000000e+03 3.008850000000000136e-01
4.238000000000000000e+03 3.016989999999999950e-01
4.239000000000000000e+03 3.025129999999999764e-01
4.240000000000000000e+03 3.033270000000000133e-01
4.241000000000000000e+03 3.037300000000000000e-01
4.242000000000000000e+03 3.041329999999999867e-01
4.243000000000000000e+03 3.045379999999999754e-01
4.244000000000000000e+03 3.049419999999999908e-01
4.245000000000000000e+03 3.053449999999999775e-01
4.246000000000000000e+03 3.057489999999999930e-01
4.247000000000000000e+03 3.061530000000000085e-01
4.248000000000000000e+03 3.065570000000000239e-01
4.249000000000000000e+03 3.069620000000000126e-01
4.250000000000000000e+03 3.073659999999999726e-01
4.251000000000000000e+03 3.080280000000000240e-01
4.252000000000000000e+03 3.086900000000000199e-01
4.253000000000000000e+03 3.093520000000000159e-01
4.254000000000000000e+03 3.100140000000000118e-01
4.255000000000000000e+03 3.106769999999999810e-01
4.256000000000000000e+03 3.113389999999999769e-01
4.257000000000000000e+03 3.120029999999999748e-01
4.258000000000000000e+03 3.126659999999999995e-01
4.259000000000000000e+03 3.133299999999999974e-01
4.260000000000000000e+03 3.139930000000000221e-01
4.261000000000000000e+03 3.141579999999999928e-01
4.262000000000000000e+03 3.143219999999999903e-01
4.263000000000000000e+03 3.144870000000000165e-01
4.264000000000000000e+03 3.146499999999999853e-01
4.265000000000000000e+03 3.148150000000000115e-01
4.266000000000000000e+03 3.149790000000000090e-01
4.267000000000000000e+03 3.151439999999999797e-01
4.268000000000000000e+03 3.153090000000000059e-01
4.269000000000000000e+03 3.154730000000000034e-01
4.270000000000000000e+03 3.156379999999999741e-01
4.271000000000000000e+03 3.161760000000000126e-01
4.272000000000000000e+03 3.167139999999999955e-01
4.273000000000000000e+03 3.172530000000000072e-01
4.274000000000000000e+03 3.177900000000000169e-01
4.275000000000000000e+03 3.183289999999999731e-01
4.276000000000000000e+03 3.188670000000000115e-01
4.277000000000000000e+03 3.194060000000000232e-01
4.278000000000000000e+03 3.199449999999999794e-01
4.279000000000000000e+03 3.204850000000000199e-01
4.280000000000000000e+03 3.210230000000000028e-01
4.281000000000000000e+03 3.211729999999999863e-01
4.282000000000000000e+03 3.213230000000000253e-01
4.283000000000000000e+03 3.214719999999999800e-01
4.284000000000000000e+03 3.216220000000000190e-01
4.285000000000000000e+03 3.217709999999999737e-01
4.286000000000000000e+03 3.219210000000000127e-01
4.287000000000000000e+03 3.220709999999999962e-01
4.288000000000000000e+03 3.222200000000000064e-01
4.289000000000000000e+03 3.223699999999999899e-01
4.290000000000000000e+03 3.225199999999999734e-01
4.291000000000000000e+03 3.229409999999999781e-01
4.292000000000000000e+03 3.233619999999999828e-01
4.293000000000000000e+03 3.237829999999999875e-01
4.294000000000000000e+03 3.242039999999999922e-01
4.295000000000000000e+03 3.246260000000000256e-01
4.296000000000000000e+03 3.250480000000000036e-01
4.297000000000000000e+03 3.254690000000000083e-01
4.298000000000000000e+03 3.258920000000000150e-01
4.299000000000000000e+03 3.263139999999999930e-01
4.300000000000000000e+03 3.267360000000000264e-01
4.301000000000000000e+03 3.267289999999999917e-01
4.302000000000000000e+03 3.267209999999999837e-01
4.303000000000000000e+03 3.267129999999999757e-01
4.304000000000000000e+03 3.267059999999999964e-01
4.305000000000000000e+03 3.266979999999999884e-01
4.306000000000000000e+03 3.266910000000000092e-01
4.307000000000000000e+03 3.266830000000000012e-01
4.308000000000000000e+03 3.266760000000000219e-01
4.309000000000000000e+03 3.266689999999999872e-01
4.310000000000000000e+03 3.266620000000000079e-01
4.311000000000000000e+03 3.270279999999999854e-01
4.312000000000000000e+03 3.273949999999999916e-01
4.313000000000000000e+03 3.277630000000000265e-01
4.314000000000000000e+03 3.281299999999999772e-01
4.315000000000000000e+03 3.284980000000000122e-01
4.316000000000000000e+03 3.288659999999999917e-01
4.317000000000000000e+03 3.292340000000000266e-01
4.318000000000000000e+03 3.296020000000000061e-01
4.319000000000000000e+03 3.299710000000000143e-01
4.320000000000000000e+03 3.303389999999999938e-01
4.321000000000000000e+03 3.303719999999999990e-01
4.322000000000000000e+03 3.304030000000000022e-01
4.323000000000000000e+03 3.304360000000000075e-01
4.324000000000000000e+03 3.304690000000000127e-01
4.325000000000000000e+03 3.305009999999999892e-01
4.326000000000000000e+03 3.305330000000000212e-01
4.327000000000000000e+03 3.305649999999999977e-01
4.328000000000000000e+03 3.305969999999999742e-01
4.329000000000000000e+03 3.306299999999999795e-01
4.330000000000000000e+03 3.306620000000000115e-01
4.331000000000000000e+03 3.308760000000000034e-01
4.332000000000000000e+03 3.310899999999999954e-01
4.333000000000000000e+03 3.313039999999999874e-01
4.334000000000000000e+03 3.315179999999999794e-01
4.335000000000000000e+03 3.317320000000000269e-01
4.336000000000000000e+03 3.319460000000000188e-01
4.337000000000000000e+03 3.321600000000000108e-01
4.338000000000000000e+03 3.323740000000000028e-01
4.339000000000000000e+03 3.325879999999999947e-01
4.340000000000000000e+03 3.328019999999999867e-01
4.341000000000000000e+03 3.328550000000000120e-01
4.342000000000000000e+03 3.329090000000000105e-01
4.343000000000000000e+03 3.329619999999999802e-01
4.344000000000000000e+03 3.330150000000000055e-01
4.345000000000000000e+03 3.330690000000000039e-01
4.346000000000000000e+03 3.331219999999999737e-01
4.347000000000000000e+03 3.331760000000000277e-01
4.348000000000000000e+03 3.332289999999999974e-01
4.349000000000000000e+03 3.332829999999999959e-01
4.350000000000000000e+03 3.333369999999999944e-01
4.351000000000000000e+03 3.335870000000000224e-01
4.352000000000000000e+03 3.338380000000000236e-01
4.353000000000000000e+03 3.340890000000000248e-01
4.354000000000000000e+03 3.343400000000000261e-01
4.355000000000000000e+03 3.345910000000000273e-01
4.356000000000000000e+03 3.348419999999999730e-01
4.357000000000000000e+03 3.350929999999999742e-01
4.358000000000000000e+03 3.353450000000000042e-01
4.359000000000000000e+03 3.355960000000000054e-01
4.360000000000000000e+03 3.358459999999999779e-01
4.361000000000000000e+03 3.360000000000000209e-01
4.362000000000000000e+03 3.361520000000000064e-01
4.363000000000000000e+03 3.363050000000000206e-01
4.364000000000000000e+03 3.364579999999999793e-01
4.365000000000000000e+03 3.366109999999999935e-01
4.366000000000000000e+03 3.367640000000000078e-01
4.367000000000000000e+03 3.369170000000000220e-01
4.368000000000000000e+03 3.370699999999999807e-01
4.369000000000000000e+03 3.372229999999999950e-01
4.370000000000000000e+03 3.373760000000000092e-01
4.371000000000000000e+03 3.375360000000000027e-01
4.372000000000000000e+03 3.376939999999999942e-01
4.373000000000000000e+03 3.378539999999999877e-01
4.374000000000000000e+03 3.380139999999999811e-01
4.375000000000000000e+03 3.381739999999999746e-01
4.376000000000000000e+03 3.383340000000000236e-01
4.377000000000000000e+03 3.384929999999999883e-01
4.378000000000000000e+03 3.386529999999999818e-01
4.379000000000000000e+03 3.388129999999999753e-01
4.380000000000000000e+03 3.389719999999999955e-01
4.381000000000000000e+03 3.390529999999999933e-01
4.382000000000000000e+03 3.391339999999999910e-01
4.383000000000000000e+03 3.392149999999999888e-01
4.384000000000000000e+03 3.392959999999999865e-01
4.385000000000000000e+03 3.393769999999999842e-01
4.386000000000000000e+03 3.394579999999999820e-01
4.387000000000000000e+03 3.395389999999999797e-01
4.388000000000000000e+03 3.396190000000000042e-01
4.389000000000000000e+03 3.397009999999999752e-01
4.390000000000000000e+03 3.397809999999999997e-01
4.391000000000000000e+03 3.396480000000000055e-01
4.392000000000000000e+03 3.395159999999999845e-01
4.393000000000000000e+03 3.393829999999999902e-01
4.394000000000000000e+03 3.392499999999999960e-01
4.395000000000000000e+03 3.391179999999999750e-01
4.396000000000000000e+03 3.389860000000000095e-01
4.397000000000000000e+03 3.388530000000000153e-01
4.398000000000000000e+03 3.387209999999999943e-01
4.399000000000000000e+03 3.385880000000000001e-01
4.400000000000000000e+03 3.384559999999999791e-01
4.401000000000000000e+03 3.382830000000000004e-01
4.402000000000000000e+03 3.381089999999999929e-01
4.403000000000000000e+03 3.379349999999999854e-01
4.404000000000000000e+03 3.377620000000000067e-01
4.405000000000000000e+03 3.375879999999999992e-01
4.406000000000000000e+03 3.374139999999999917e-01
4.407000000000000000e+03 3.372399999999999842e-01
4.408000000000000000e+03 3.370670000000000055e-01
4.409000000000000000e+03 3.368929999999999980e-01
4.410000000000000000e+03 3.367200000000000193e-01
4.411000000000000000e+03 3.367829999999999990e-01
4.412000000000000000e+03 3.368459999999999788e-01
4.413000000000000000e+03 3.369090000000000140e-01
4.414000000000000000e+03 3.369730000000000225e-01
4.415000000000000000e+03 3.370360000000000023e-01
4.416000000000000000e+03 3.370989999999999820e-01
4.417000000000000000e+03 3.371620000000000172e-01
4.418000000000000000e+03 3.372249999999999970e-01
4.419000000000000000e+03 3.372890000000000055e-01
4.420000000000000000e+03 3.373519999999999852e-01
4.421000000000000000e+03 3.371790000000000065e-01
4.422000000000000000e+03 3.370059999999999722e-01
4.423000000000000000e+03 3.368320000000000203e-01
4.424000000000000000e+03 3.366589999999999860e-01
4.425000000000000000e+03 3.364860000000000073e-01
4.426000000000000000e+03 3.363119999999999998e-01
4.427000000000000000e+03 3.361390000000000211e-01
4.428000000000000000e+03 3.359659999999999869e-01
4.429000000000000000e+03 3.357919999999999794e-01
4.430000000000000000e+03 3.356190000000000007e-01
4.431000000000000000e+03 3.357780000000000209e-01
4.432000000000000000e+03 3.359380000000000144e-01
4.433000000000000000e+03 3.360969999999999791e-01
4.434000000000000000e+03 3.362569999999999726e-01
4.435000000000000000e+03 3.364159999999999928e-01
4.436000000000000000e+03 3.365750000000000131e-01
4.437000000000000000e+03 3.367339999999999778e-01
4.438000000000000000e+03 3.368940000000000268e-01
4.439000000000000000e+03 3.370529999999999915e-01
4.440000000000000000e+03 3.372109999999999830e-01
4.441000000000000000e+03 3.373180000000000067e-01
4.442000000000000000e+03 3.374260000000000037e-01
4.443000000000000000e+03 3.375319999999999987e-01
4.444000000000000000e+03 3.376379999999999937e-01
4.445000000000000000e+03 3.377450000000000174e-01
4.446000000000000000e+03 3.378519999999999857e-01
4.447000000000000000e+03 3.379579999999999806e-01
4.448000000000000000e+03 3.380650000000000044e-01
4.449000000000000000e+03 3.381709999999999994e-01
4.450000000000000000e+03 3.382780000000000231e-01
4.451000000000000000e+03 3.385380000000000056e-01
4.452000000000000000e+03 3.387979999999999881e-01
4.453000000000000000e+03 3.390580000000000260e-01
4.454000000000000000e+03 3.393169999999999797e-01
4.455000000000000000e+03 3.395770000000000177e-01
4.456000000000000000e+03 3.398370000000000002e-01
4.457000000000000000e+03 3.400960000000000094e-01
4.458000000000000000e+03 3.403550000000000186e-01
4.459000000000000000e+03 3.406150000000000011e-01
4.460000000000000000e+03 3.408729999999999816e-01
4.461000000000000000e+03 3.410989999999999855e-01
4.462000000000000000e+03 3.413220000000000143e-01
4.463000000000000000e+03 3.415460000000000163e-01
4.464000000000000000e+03 3.417700000000000182e-01
4.465000000000000000e+03 3.419940000000000202e-01
4.466000000000000000e+03 3.422180000000000222e-01
4.467000000000000000e+03 3.424420000000000242e-01
4.468000000000000000e+03 3.426649999999999974e-01
4.469000000000000000e+03 3.428889999999999993e-01
4.470000000000000000e+03 3.431130000000000013e-01
4.471000000000000000e+03 3.433829999999999938e-01
4.472000000000000000e+03 3.436509999999999843e-01
4.473000000000000000e+03 3.439200000000000035e-01
4.474000000000000000e+03 3.441890000000000227e-01
4.475000000000000000e+03 3.444590000000000152e-01
4.476000000000000000e+03 3.447270000000000056e-01
4.477000000000000000e+03 3.449960000000000249e-01
4.478000000000000000e+03 3.452649999999999886e-01
4.479000000000000000e+03 3.455329999999999790e-01
4.480000000000000000e+03 3.458019999999999983e-01
4.481000000000000000e+03 3.460079999999999822e-01
4.482000000000000000e+03 3.462149999999999950e-01
4.483000000000000000e+03 3.464209999999999789e-01
4.484000000000000000e+03 3.466259999999999897e-01
4.485000000000000000e+03 3.468319999999999736e-01
4.486000000000000000e+03 3.470380000000000131e-01
4.487000000000000000e+03 3.472430000000000239e-01
4.488000000000000000e+03 3.474490000000000078e-01
4.489000000000000000e+03 3.476540000000000186e-01
4.490000000000000000e+03 3.478589999999999738e-01
4.491000000000000000e+03 3.480949999999999878e-01
4.492000000000000000e+03 3.483319999999999750e-01
4.493000000000000000e+03 3.485679999999999890e-01
4.494000000000000000e+03 3.488040000000000029e-01
4.495000000000000000e+03 3.490389999999999882e-01
4.496000000000000000e+03 3.492759999999999754e-01
4.497000000000000000e+03 3.495110000000000161e-01
4.498000000000000000e+03 3.497469999999999746e-01
4.499000000000000000e+03 3.499829999999999885e-01
4.500000000000000000e+03 3.502179999999999738e-01
4.501000000000000000e+03 3.502620000000000178e-01
4.502000000000000000e+03 3.503060000000000063e-01
4.503000000000000000e+03 3.503499999999999948e-01
4.504000000000000000e+03 3.503930000000000100e-01
4.505000000000000000e+03 3.504369999999999985e-01
4.506000000000000000e+03 3.504800000000000137e-01
4.507000000000000000e+03 3.505229999999999735e-01
4.508000000000000000e+03 3.505659999999999887e-01
4.509000000000000000e+03 3.506099999999999772e-01
4.510000000000000000e+03 3.506529999999999925e-01
4.511000000000000000e+03 3.507879999999999887e-01
4.512000000000000000e+03 3.509220000000000117e-01
4.513000000000000000e+03 3.510570000000000079e-01
4.514000000000000000e+03 3.511909999999999754e-01
4.515000000000000000e+03 3.513249999999999984e-01
4.516000000000000000e+03 3.514599999999999946e-01
4.517000000000000000e+03 3.515949999999999909e-01
4.518000000000000000e+03 3.517279999999999851e-01
4.519000000000000000e+03 3.518620000000000081e-01
4.520000000000000000e+03 3.519959999999999756e-01
4.521000000000000000e+03 3.519630000000000258e-01
4.522000000000000000e+03 3.519309999999999938e-01
4.523000000000000000e+03 3.518979999999999886e-01
4.524000000000000000e+03 3.518649999999999833e-01
4.525000000000000000e+03 3.518330000000000068e-01
4.526000000000000000e+03 3.518000000000000016e-01
4.527000000000000000e+03 3.517669999999999964e-01
4.528000000000000000e+03 3.517350000000000199e-01
4.529000000000000000e+03 3.517020000000000146e-01
4.530000000000000000e+03 3.516690000000000094e-01
4.531000000000000000e+03 3.515929999999999889e-01
4.532000000000000000e+03 3.515179999999999971e-01
4.533000000000000000e+03 3.514410000000000034e-01
4.534000000000000000e+03 3.513649999999999829e-01
4.535000000000000000e+03 3.512890000000000179e-01
4.536000000000000000e+03 3.512129999999999974e-01
4.537000000000000000e+03 3.511369999999999769e-01
4.538000000000000000e+03 3.510599999999999832e-01
4.539000000000000000e+03 3.509849999999999914e-01
4.540000000000000000e+03 3.509090000000000265e-01
4.541000000000000000e+03 3.508089999999999820e-01
4.542000000000000000e+03 3.507109999999999950e-01
4.543000000000000000e+03 3.506130000000000080e-01
4.544000000000000000e+03 3.505139999999999922e-01
4.545000000000000000e+03 3.504160000000000053e-01
4.546000000000000000e+03 3.503160000000000163e-01
4.547000000000000000e+03 3.502179999999999738e-01
4.548000000000000000e+03 3.501190000000000135e-01
4.549000000000000000e+03 3.500210000000000266e-01
4.550000000000000000e+03 3.499209999999999821e-01
4.551000000000000000e+03 3.496609999999999996e-01
4.552000000000000000e+03 3.493999999999999884e-01
4.553000000000000000e+03 3.491400000000000059e-01
4.554000000000000000e+03 3.488789999999999947e-01
4.555000000000000000e+03 3.486179999999999835e-01
4.556000000000000000e+03 3.483580000000000010e-01
4.557000000000000000e+03 3.480980000000000185e-01
4.558000000000000000e+03 3.478370000000000073e-01
4.559000000000000000e+03 3.475770000000000248e-01
4.560000000000000000e+03 3.473160000000000136e-01
4.561000000000000000e+03 3.471949999999999759e-01
4.562000000000000000e+03 3.470730000000000204e-01
4.563000000000000000e+03 3.469510000000000094e-01
4.564000000000000000e+03 3.468300000000000272e-01
4.565000000000000000e+03 3.467080000000000162e-01
4.566000000000000000e+03 3.465849999999999764e-01
4.567000000000000000e+03 3.464639999999999942e-01
4.568000000000000000e+03 3.463410000000000100e-01
4.569000000000000000e+03 3.462189999999999990e-01
4.570000000000000000e+03 3.460969999999999880e-01
4.571000000000000000e+03 3.458169999999999855e-01
4.572000000000000000e+03 3.455369999999999830e-01
4.573000000000000000e+03 3.452560000000000073e-01
4.574000000000000000e+03 3.449760000000000049e-01
4.575000000000000000e+03 3.446949999999999736e-01
4.576000000000000000e+03 3.444150000000000267e-01
4.577000000000000000e+03 3.441339999999999955e-01
4.578000000000000000e+03 3.438539999999999930e-01
4.579000000000000000e+03 3.435739999999999905e-01
4.580000000000000000e+03 3.432930000000000148e-01
4.581000000000000000e+03 3.432890000000000108e-01
4.582000000000000000e+03 3.432839999999999780e-01
4.583000000000000000e+03 3.432799999999999740e-01
4.584000000000000000e+03 3.432749999999999968e-01
4.585000000000000000e+03 3.432709999999999928e-01
4.586000000000000000e+03 3.432660000000000156e-01
4.587000000000000000e+03 3.432609999999999828e-01
4.588000000000000000e+03 3.432560000000000056e-01
4.589000000000000000e+03 3.432509999999999728e-01
4.590000000000000000e+03 3.432459999999999956e-01
4.591000000000000000e+03 3.431640000000000246e-01
4.592000000000000000e+03 3.430830000000000268e-01
4.593000000000000000e+03 3.430019999999999736e-01
4.594000000000000000e+03 3.429189999999999738e-01
4.595000000000000000e+03 3.428379999999999761e-01
4.596000000000000000e+03 3.427569999999999784e-01
4.597000000000000000e+03 3.426750000000000074e-01
4.598000000000000000e+03 3.425929999999999809e-01
4.599000000000000000e+03 3.425110000000000099e-01
4.600000000000000000e+03 3.424289999999999834e-01
4.601000000000000000e+03 3.427680000000000171e-01
4.602000000000000000e+03 3.431060000000000221e-01
4.603000000000000000e+03 3.434440000000000270e-01
4.604000000000000000e+03 3.437819999999999765e-01
4.605000000000000000e+03 3.441199999999999815e-01
4.606000000000000000e+03 3.444579999999999864e-01
4.607000000000000000e+03 3.447950000000000181e-01
4.608000000000000000e+03 3.451330000000000231e-01
4.609000000000000000e+03 3.454699999999999993e-01
4.610000000000000000e+03 3.458089999999999775e-01
4.611000000000000000e+03 3.457620000000000138e-01
4.612000000000000000e+03 3.457140000000000213e-01
4.613000000000000000e+03 3.456670000000000020e-01
4.614000000000000000e+03 3.456199999999999828e-01
4.615000000000000000e+03 3.455730000000000190e-01
4.616000000000000000e+03 3.455259999999999998e-01
4.617000000000000000e+03 3.454780000000000073e-01
4.618000000000000000e+03 3.454320000000000168e-01
4.619000000000000000e+03 3.453840000000000243e-01
4.620000000000000000e+03 3.453370000000000051e-01
4.621000000000000000e+03 3.457399999999999918e-01
4.622000000000000000e+03 3.461420000000000052e-01
4.623000000000000000e+03 3.465449999999999919e-01
4.624000000000000000e+03 3.469479999999999786e-01
4.625000000000000000e+03 3.473499999999999921e-01
4.626000000000000000e+03 3.477529999999999788e-01
4.627000000000000000e+03 3.481549999999999923e-01
4.628000000000000000e+03 3.485570000000000057e-01
4.629000000000000000e+03 3.489599999999999924e-01
4.630000000000000000e+03 3.493620000000000059e-01
4.631000000000000000e+03 3.496440000000000103e-01
4.632000000000000000e+03 3.499260000000000148e-01
4.633000000000000000e+03 3.502069999999999905e-01
4.634000000000000000e+03 3.504900000000000237e-01
4.635000000000000000e+03 3.507719999999999727e-01
4.636000000000000000e+03 3.510519999999999752e-01
4.637000000000000000e+03 3.513339999999999796e-01
4.638000000000000000e+03 3.516150000000000109e-01
4.639000000000000000e+03 3.518959999999999866e-01
4.640000000000000000e+03 3.521779999999999911e-01
4.641000000000000000e+03 3.523549999999999738e-01
4.642000000000000000e+03 3.525309999999999833e-01
4.643000000000000000e+03 3.527080000000000215e-01
4.644000000000000000e+03 3.528839999999999755e-01
4.645000000000000000e+03 3.530619999999999870e-01
4.646000000000000000e+03 3.532379999999999964e-01
4.647000000000000000e+03 3.534140000000000059e-01
4.648000000000000000e+03 3.535909999999999886e-01
4.649000000000000000e+03 3.537680000000000269e-01
4.650000000000000000e+03 3.539439999999999809e-01
4.651000000000000000e+03 3.540860000000000118e-01
4.652000000000000000e+03 3.542290000000000161e-01
4.653000000000000000e+03 3.543709999999999916e-01
4.654000000000000000e+03 3.545130000000000225e-01
4.655000000000000000e+03 3.546560000000000268e-01
4.656000000000000000e+03 3.547969999999999735e-01
4.657000000000000000e+03 3.549390000000000045e-01
4.658000000000000000e+03 3.550809999999999800e-01
4.659000000000000000e+03 3.552239999999999842e-01
4.660000000000000000e+03 3.553649999999999864e-01
4.661000000000000000e+03 3.557170000000000054e-01
4.662000000000000000e+03 3.560679999999999956e-01
4.663000000000000000e+03 3.564200000000000146e-01
4.664000000000000000e+03 3.567710000000000048e-01
4.665000000000000000e+03 3.571219999999999950e-01
4.666000000000000000e+03 3.574740000000000140e-01
4.667000000000000000e+03 3.578250000000000042e-01
4.668000000000000000e+03 3.581759999999999944e-01
4.669000000000000000e+03 3.585269999999999846e-01
4.670000000000000000e+03 3.588790000000000036e-01
4.671000000000000000e+03 3.588979999999999948e-01
4.672000000000000000e+03 3.589180000000000148e-01
4.673000000000000000e+03 3.589379999999999793e-01
4.674000000000000000e+03 3.589579999999999993e-01
4.675000000000000000e+03 3.589780000000000193e-01
4.676000000000000000e+03 3.589979999999999838e-01
4.677000000000000000e+03 3.590169999999999750e-01
4.678000000000000000e+03 3.590380000000000238e-01
4.679000000000000000e+03 3.590570000000000150e-01
4.680000000000000000e+03 3.590760000000000063e-01
4.681000000000000000e+03 3.588999999999999968e-01
4.682000000000000000e+03 3.587259999999999893e-01
4.683000000000000000e+03 3.585499999999999798e-01
4.684000000000000000e+03 3.583740000000000259e-01
4.685000000000000000e+03 3.581989999999999896e-01
4.686000000000000000e+03 3.580229999999999801e-01
4.687000000000000000e+03 3.578470000000000262e-01
4.688000000000000000e+03 3.576710000000000167e-01
4.689000000000000000e+03 3.574950000000000072e-01
4.690000000000000000e+03 3.573200000000000265e-01
4.691000000000000000e+03 3.572259999999999880e-01
4.692000000000000000e+03 3.571309999999999762e-01
4.693000000000000000e+03 3.570369999999999933e-01
4.694000000000000000e+03 3.569430000000000103e-01
4.695000000000000000e+03 3.568490000000000273e-01
4.696000000000000000e+03 3.567540000000000155e-01
4.697000000000000000e+03 3.566599999999999770e-01
4.698000000000000000e+03 3.565659999999999941e-01
4.699000000000000000e+03 3.564720000000000111e-01
4.700000000000000000e+03 3.563769999999999993e-01
4.701000000000000000e+03 3.563410000000000188e-01
4.702000000000000000e+03 3.563029999999999808e-01
4.703000000000000000e+03 3.562660000000000271e-01
4.704000000000000000e+03 3.562299999999999911e-01
4.705000000000000000e+03 3.561929999999999819e-01
4.706000000000000000e+03 3.561559999999999726e-01
4.707000000000000000e+03 3.561190000000000189e-01
4.708000000000000000e+03 3.560820000000000096e-01
4.709000000000000000e+03 3.560440000000000271e-01
4.710000000000000000e+03 3.560070000000000179e-01
4.711000000000000000e+03 3.561949999999999839e-01
4.712000000000000000e+03 3.563839999999999786e-01
4.713000000000000000e+03 3.565729999999999733e-01
4.714000000000000000e+03 3.567620000000000235e-01
4.715000000000000000e+03 3.569510000000000183e-01
4.716000000000000000e+03 3.571380000000000110e-01
4.717000000000000000e+03 3.573270000000000057e-01
4.718000000000000000e+03 3.575139999999999985e-01
4.719000000000000000e+03 3.577009999999999912e-01
4.720000000000000000e+03 3.578890000000000127e-01
4.721000000000000000e+03 3.575659999999999950e-01
4.722000000000000000e+03 3.572440000000000060e-01
4.723000000000000000e+03 3.569209999999999883e-01
4.724000000000000000e+03 3.565989999999999993e-01
4.725000000000000000e+03 3.562770000000000103e-01
4.726000000000000000e+03 3.559530000000000194e-01
4.727000000000000000e+03 3.556300000000000017e-01
4.728000000000000000e+03 3.553069999999999840e-01
4.729000000000000000e+03 3.549840000000000217e-01
4.730000000000000000e+03 3.546619999999999773e-01
4.731000000000000000e+03 3.546860000000000013e-01
4.732000000000000000e+03 3.547109999999999985e-01
4.733000000000000000e+03 3.547359999999999958e-01
4.734000000000000000e+03 3.547620000000000218e-01
4.735000000000000000e+03 3.547859999999999903e-01
4.736000000000000000e+03 3.548109999999999875e-01
4.737000000000000000e+03 3.548359999999999848e-01
4.738000000000000000e+03 3.548609999999999820e-01
4.739000000000000000e+03 3.548850000000000060e-01
4.740000000000000000e+03 3.549100000000000033e-01
4.741000000000000000e+03 3.547919999999999963e-01
4.742000000000000000e+03 3.546739999999999893e-01
4.743000000000000000e+03 3.545550000000000090e-01
4.744000000000000000e+03 3.544379999999999753e-01
4.745000000000000000e+03 3.543189999999999951e-01
4.746000000000000000e+03 3.542009999999999881e-01
4.747000000000000000e+03 3.540829999999999811e-01
4.748000000000000000e+03 3.539640000000000009e-01
4.749000000000000000e+03 3.538459999999999939e-01
4.750000000000000000e+03 3.537279999999999869e-01
4.751000000000000000e+03 3.541009999999999991e-01
4.752000000000000000e+03 3.544740000000000113e-01
4.753000000000000000e+03 3.548459999999999948e-01
4.754000000000000000e+03 3.552190000000000070e-01
4.755000000000000000e+03 3.555920000000000192e-01
4.756000000000000000e+03 3.559649999999999759e-01
4.757000000000000000e+03 3.563390000000000168e-01
4.758000000000000000e+03 3.567110000000000003e-01
4.759000000000000000e+03 3.570840000000000125e-01
4.760000000000000000e+03 3.574559999999999960e-01
4.761000000000000000e+03 3.573990000000000222e-01
4.762000000000000000e+03 3.573419999999999930e-01
4.763000000000000000e+03 3.572850000000000192e-01
4.764000000000000000e+03 3.572279999999999900e-01
4.765000000000000000e+03 3.571699999999999875e-01
4.766000000000000000e+03 3.571130000000000138e-01
4.767000000000000000e+03 3.570559999999999845e-01
4.768000000000000000e+03 3.569979999999999820e-01
4.769000000000000000e+03 3.569410000000000083e-01
4.770000000000000000e+03 3.568830000000000058e-01
4.771000000000000000e+03 3.572919999999999985e-01
4.772000000000000000e+03 3.577009999999999912e-01
4.773000000000000000e+03 3.581090000000000106e-01
4.774000000000000000e+03 3.585180000000000033e-01
4.775000000000000000e+03 3.589269999999999960e-01
4.776000000000000000e+03 3.593359999999999888e-01
4.777000000000000000e+03 3.597449999999999815e-01
4.778000000000000000e+03 3.601539999999999742e-01
4.779000000000000000e+03 3.605619999999999936e-01
4.780000000000000000e+03 3.609709999999999863e-01
4.781000000000000000e+03 3.608709999999999973e-01
4.782000000000000000e+03 3.607699999999999796e-01
4.783000000000000000e+03 3.606699999999999906e-01
4.784000000000000000e+03 3.605700000000000016e-01
4.785000000000000000e+03 3.604689999999999839e-01
4.786000000000000000e+03 3.603689999999999949e-01
4.787000000000000000e+03 3.602679999999999771e-01
4.788000000000000000e+03 3.601679999999999882e-01
4.789000000000000000e+03 3.600679999999999992e-01
4.790000000000000000e+03 3.599680000000000102e-01
4.791000000000000000e+03 3.600360000000000227e-01
4.792000000000000000e+03 3.601050000000000084e-01
4.793000000000000000e+03 3.601739999999999942e-01
4.794000000000000000e+03 3.602429999999999799e-01
4.795000000000000000e+03 3.603109999999999924e-01
4.796000000000000000e+03 3.603799999999999781e-01
4.797000000000000000e+03 3.604490000000000194e-01
4.798000000000000000e+03 3.605169999999999764e-01
4.799000000000000000e+03 3.605860000000000176e-01
4.800000000000000000e+03 3.606550000000000034e-01
4.801000000000000000e+03 3.606219999999999981e-01
4.802000000000000000e+03 3.605869999999999909e-01
4.803000000000000000e+03 3.605530000000000124e-01
4.804000000000000000e+03 3.605200000000000071e-01
4.805000000000000000e+03 3.604849999999999999e-01
4.806000000000000000e+03 3.604510000000000214e-01
4.807000000000000000e+03 3.604180000000000161e-01
4.808000000000000000e+03 3.603839999999999821e-01
4.809000000000000000e+03 3.603509999999999769e-01
4.810000000000000000e+03 3.603169999999999984e-01
4.811000000000000000e+03 3.603660000000000196e-01
4.812000000000000000e+03 3.604149999999999854e-01
4.813000000000000000e+03 3.604649999999999799e-01
4.814000000000000000e+03 3.605140000000000011e-01
4.815000000000000000e+03 3.605639999999999956e-01
4.816000000000000000e+03 3.606130000000000169e-01
4.817000000000000000e+03 3.606630000000000114e-01
4.818000000000000000e+03 3.607119999999999771e-01
4.819000000000000000e+03 3.607620000000000271e-01
4.820000000000000000e+03 3.608109999999999928e-01
4.821000000000000000e+03 3.605530000000000124e-01
4.822000000000000000e+03 3.602949999999999764e-01
4.823000000000000000e+03 3.600360000000000227e-01
4.824000000000000000e+03 3.597779999999999867e-01
4.825000000000000000e+03 3.595189999999999775e-01
4.826000000000000000e+03 3.592600000000000238e-01
4.827000000000000000e+03 3.590019999999999878e-01
4.828000000000000000e+03 3.587429999999999786e-01
4.829000000000000000e+03 3.584840000000000249e-01
4.830000000000000000e+03 3.582259999999999889e-01
4.831000000000000000e+03 3.582159999999999789e-01
4.832000000000000000e+03 3.582040000000000224e-01
4.833000000000000000e+03 3.581940000000000124e-01
4.834000000000000000e+03 3.581820000000000004e-01
4.835000000000000000e+03 3.581710000000000171e-01
4.836000000000000000e+03 3.581599999999999784e-01
4.837000000000000000e+03 3.581489999999999951e-01
4.838000000000000000e+03 3.581369999999999831e-01
4.839000000000000000e+03 3.581259999999999999e-01
4.840000000000000000e+03 3.581159999999999899e-01
4.841000000000000000e+03 3.579399999999999804e-01
4.842000000000000000e+03 3.577640000000000264e-01
4.843000000000000000e+03 3.575889999999999902e-01
4.844000000000000000e+03 3.574140000000000095e-01
4.845000000000000000e+03 3.572380000000000000e-01
4.846000000000000000e+03 3.570630000000000193e-01
4.847000000000000000e+03 3.568879999999999830e-01
4.848000000000000000e+03 3.567119999999999735e-01
4.849000000000000000e+03 3.565369999999999928e-01
4.850000000000000000e+03 3.563620000000000121e-01
4.851000000000000000e+03 3.564209999999999878e-01
4.852000000000000000e+03 3.564800000000000191e-01
4.853000000000000000e+03 3.565400000000000236e-01
4.854000000000000000e+03 3.565999999999999726e-01
4.855000000000000000e+03 3.566579999999999750e-01
4.856000000000000000e+03 3.567179999999999795e-01
4.857000000000000000e+03 3.567779999999999840e-01
4.858000000000000000e+03 3.568370000000000153e-01
4.859000000000000000e+03 3.568959999999999910e-01
4.860000000000000000e+03 3.569559999999999955e-01
4.861000000000000000e+03 3.567600000000000215e-01
4.862000000000000000e+03 3.565650000000000208e-01
4.863000000000000000e+03 3.563689999999999913e-01
4.864000000000000000e+03 3.561739999999999906e-01
4.865000000000000000e+03 3.559780000000000166e-01
4.866000000000000000e+03 3.557819999999999871e-01
4.867000000000000000e+03 3.555860000000000132e-01
4.868000000000000000e+03 3.553910000000000124e-01
4.869000000000000000e+03 3.551949999999999830e-01
4.870000000000000000e+03 3.549990000000000090e-01
4.871000000000000000e+03 3.549880000000000257e-01
4.872000000000000000e+03 3.549780000000000157e-01
4.873000000000000000e+03 3.549680000000000057e-01
4.874000000000000000e+03 3.549570000000000225e-01
4.875000000000000000e+03 3.549479999999999857e-01
4.876000000000000000e+03 3.549370000000000025e-01
4.877000000000000000e+03 3.549269999999999925e-01
4.878000000000000000e+03 3.549160000000000093e-01
4.879000000000000000e+03 3.549059999999999993e-01
4.880000000000000000e+03 3.548959999999999892e-01
4.881000000000000000e+03 3.548999999999999932e-01
4.882000000000000000e+03 3.549030000000000240e-01
4.883000000000000000e+03 3.549080000000000013e-01
4.884000000000000000e+03 3.549120000000000053e-01
4.885000000000000000e+03 3.549149999999999805e-01
4.886000000000000000e+03 3.549189999999999845e-01
4.887000000000000000e+03 3.549229999999999885e-01
4.888000000000000000e+03 3.549269999999999925e-01
4.889000000000000000e+03 3.549300000000000233e-01
4.890000000000000000e+03 3.549350000000000005e-01
4.891000000000000000e+03 3.551349999999999785e-01
4.892000000000000000e+03 3.553359999999999852e-01
4.893000000000000000e+03 3.555369999999999919e-01
4.894000000000000000e+03 3.557370000000000254e-01
4.895000000000000000e+03 3.559390000000000054e-01
4.896000000000000000e+03 3.561400000000000121e-01
4.897000000000000000e+03 3.563399999999999901e-01
4.898000000000000000e+03 3.565420000000000256e-01
4.899000000000000000e+03 3.567429999999999768e-01
4.900000000000000000e+03 3.569439999999999835e-01
4.901000000000000000e+03 3.571019999999999750e-01
4.902000000000000000e+03 3.572600000000000220e-01
4.903000000000000000e+03 3.574180000000000135e-01
4.904000000000000000e+03 3.575760000000000050e-01
4.905000000000000000e+03 3.577339999999999964e-01
4.906000000000000000e+03 3.578930000000000167e-01
4.907000000000000000e+03 3.580510000000000081e-01
4.908000000000000000e+03 3.582080000000000264e-01
4.909000000000000000e+03 3.583669999999999911e-01
4.910000000000000000e+03 3.585249999999999826e-01
4.911000000000000000e+03 3.589149999999999840e-01
4.912000000000000000e+03 3.593049999999999855e-01
4.913000000000000000e+03 3.596960000000000157e-01
4.914000000000000000e+03 3.600860000000000172e-01
4.915000000000000000e+03 3.604769999999999919e-01
4.916000000000000000e+03 3.608669999999999933e-01
4.917000000000000000e+03 3.612589999999999968e-01
4.918000000000000000e+03 3.616489999999999982e-01
4.919000000000000000e+03 3.620389999999999997e-01
4.920000000000000000e+03 3.624310000000000032e-01
4.921000000000000000e+03 3.623999999999999999e-01
4.922000000000000000e+03 3.623689999999999967e-01
4.923000000000000000e+03 3.623390000000000222e-01
4.924000000000000000e+03 3.623080000000000189e-01
4.925000000000000000e+03 3.622779999999999889e-01
4.926000000000000000e+03 3.622469999999999857e-01
4.927000000000000000e+03 3.622159999999999824e-01
4.928000000000000000e+03 3.621849999999999792e-01
4.929000000000000000e+03 3.621550000000000047e-01
4.930000000000000000e+03 3.621240000000000014e-01
4.931000000000000000e+03 3.621219999999999994e-01
4.932000000000000000e+03 3.621190000000000242e-01
4.933000000000000000e+03 3.621159999999999934e-01
4.934000000000000000e+03 3.621130000000000182e-01
4.935000000000000000e+03 3.621110000000000162e-01
4.936000000000000000e+03 3.621079999999999854e-01
4.937000000000000000e+03 3.621050000000000102e-01
4.938000000000000000e+03 3.621019999999999794e-01
4.939000000000000000e+03 3.620999999999999774e-01
4.940000000000000000e+03 3.620959999999999734e-01
4.941000000000000000e+03 3.623100000000000209e-01
4.942000000000000000e+03 3.625240000000000129e-01
4.943000000000000000e+03 3.627380000000000049e-01
4.944000000000000000e+03 3.629519999999999968e-01
4.945000000000000000e+03 3.631650000000000156e-01
4.946000000000000000e+03 3.633810000000000096e-01
4.947000000000000000e+03 3.635939999999999728e-01
4.948000000000000000e+03 3.638080000000000203e-01
4.949000000000000000e+03 3.640220000000000122e-01
4.950000000000000000e+03 3.642360000000000042e-01
4.951000000000000000e+03 3.642580000000000262e-01
4.952000000000000000e+03 3.642799999999999927e-01
4.953000000000000000e+03 3.643009999999999859e-01
4.954000000000000000e+03 3.643219999999999792e-01
4.955000000000000000e+03 3.643440000000000012e-01
4.956000000000000000e+03 3.643649999999999944e-01
4.957000000000000000e+03 3.643870000000000164e-01
4.958000000000000000e+03 3.644080000000000097e-01
4.959000000000000000e+03 3.644299999999999762e-01
4.960000000000000000e+03 3.644510000000000249e-01
4.961000000000000000e+03 3.644600000000000062e-01
4.962000000000000000e+03 3.644669999999999854e-01
4.963000000000000000e+03 3.644760000000000222e-01
4.964000000000000000e+03 3.644839999999999747e-01
4.965000000000000000e+03 3.644919999999999827e-01
4.966000000000000000e+03 3.645010000000000194e-01
4.967000000000000000e+03 3.645090000000000274e-01
4.968000000000000000e+03 3.645169999999999799e-01
4.969000000000000000e+03 3.645249999999999879e-01
4.970000000000000000e+03 3.645329999999999959e-01
4.971000000000000000e+03 3.645320000000000227e-01
4.972000000000000000e+03 3.645300000000000207e-01
4.973000000000000000e+03 3.645289999999999919e-01
4.974000000000000000e+03 3.645269999999999899e-01
4.975000000000000000e+03 3.645249999999999879e-01
4.976000000000000000e+03 3.645229999999999859e-01
4.977000000000000000e+03 3.645229999999999859e-01
4.978000000000000000e+03 3.645209999999999839e-01
4.979000000000000000e+03 3.645189999999999819e-01
4.980000000000000000e+03 3.645169999999999799e-01
4.981000000000000000e+03 3.645309999999999939e-01
4.982000000000000000e+03 3.645450000000000079e-01
4.983000000000000000e+03 3.645590000000000219e-01
4.984000000000000000e+03 3.645729999999999804e-01
4.985000000000000000e+03 3.645869999999999944e-01
4.986000000000000000e+03 3.646010000000000084e-01
4.987000000000000000e+03 3.646150000000000224e-01
4.988000000000000000e+03 3.646289999999999809e-01
4.989000000000000000e+03 3.646440000000000237e-01
4.990000000000000000e+03 3.646570000000000089e-01
4.991000000000000000e+03 3.647920000000000051e-01
4.992000000000000000e+03 3.649290000000000034e-01
4.993000000000000000e+03 3.650649999999999729e-01
4.994000000000000000e+03 3.652009999999999978e-01
4.995000000000000000e+03 3.653370000000000228e-01
4.996000000000000000e+03 3.654729999999999923e-01
4.997000000000000000e+03 3.656090000000000173e-01
4.998000000000000000e+03 3.657449999999999868e-01
4.999000000000000000e+03 3.658799999999999830e-01
5.000000000000000000e+03 3.660169999999999813e-01
5.001000000000000000e+03 3.657210000000000183e-01
5.002000000000000000e+03 3.654240000000000266e-01
5.003000000000000000e+03 3.651280000000000081e-01
5.004000000000000000e+03 3.648299999999999876e-01
5.005000000000000000e+03 3.645329999999999959e-01
5.006000000000000000e+03 3.642360000000000042e-01
5.007000000000000000e+03 3.639390000000000125e-01
5.008000000000000000e+03 3.636429999999999940e-01
5.009000000000000000e+03 3.633460000000000023e-01
5.010000000000000000e+03 3.630479999999999818e-01
5.011000000000000000e+03 3.630510000000000126e-01
5.012000000000000000e+03 3.630519999999999858e-01
5.013000000000000000e+03 3.630550000000000166e-01
5.014000000000000000e+03 3.630570000000000186e-01
5.015000000000000000e+03 3.630599999999999938e-01
5.016000000000000000e+03 3.630630000000000246e-01
5.017000000000000000e+03 3.630639999999999978e-01
5.018000000000000000e+03 3.630659999999999998e-01
5.019000000000000000e+03 3.630689999999999751e-01
5.020000000000000000e+03 3.630709999999999771e-01
5.021000000000000000e+03 3.628600000000000159e-01
5.022000000000000000e+03 3.626499999999999724e-01
5.023000000000000000e+03 3.624410000000000132e-01
5.024000000000000000e+03 3.622299999999999964e-01
5.025000000000000000e+03 3.620200000000000085e-01
5.026000000000000000e+03 3.618089999999999917e-01
5.027000000000000000e+03 3.615990000000000038e-01
5.028000000000000000e+03 3.613879999999999870e-01
5.029000000000000000e+03 3.611770000000000258e-01
5.030000000000000000e+03 3.609669999999999823e-01
5.031000000000000000e+03 3.608450000000000268e-01
5.032000000000000000e+03 3.607239999999999891e-01
5.033000000000000000e+03 3.606030000000000069e-01
5.034000000000000000e+03 3.604809999999999959e-01
5.035000000000000000e+03 3.603600000000000136e-01
5.036000000000000000e+03 3.602380000000000027e-01
5.037000000000000000e+03 3.601150000000000184e-01
5.038000000000000000e+03 3.599950000000000094e-01
5.039000000000000000e+03 3.598720000000000252e-01
5.040000000000000000e+03 3.597500000000000142e-01
5.041000000000000000e+03 3.593189999999999995e-01
5.042000000000000000e+03 3.588870000000000116e-01
5.043000000000000000e+03 3.584550000000000236e-01
5.044000000000000000e+03 3.580229999999999801e-01
5.045000000000000000e+03 3.575909999999999922e-01
5.046000000000000000e+03 3.571579999999999755e-01
5.047000000000000000e+03 3.567259999999999875e-01
5.048000000000000000e+03 3.562930000000000264e-01
5.049000000000000000e+03 3.558600000000000096e-01
5.050000000000000000e+03 3.554269999999999929e-01
5.051000000000000000e+03 3.555860000000000132e-01
5.052000000000000000e+03 3.557429999999999759e-01
5.053000000000000000e+03 3.559019999999999961e-01
5.054000000000000000e+03 3.560599999999999876e-01
5.055000000000000000e+03 3.562179999999999791e-01
5.056000000000000000e+03 3.563749999999999973e-01
5.057000000000000000e+03 3.565340000000000176e-01
5.058000000000000000e+03 3.566920000000000091e-01
5.059000000000000000e+03 3.568500000000000005e-01
5.060000000000000000e+03 3.570090000000000208e-01
5.061000000000000000e+03 3.568939999999999890e-01
5.062000000000000000e+03 3.567790000000000128e-01
5.063000000000000000e+03 3.566650000000000098e-01
5.064000000000000000e+03 3.565499999999999781e-01
5.065000000000000000e+03 3.564350000000000018e-01
5.066000000000000000e+03 3.563189999999999968e-01
5.067000000000000000e+03 3.562049999999999939e-01
5.068000000000000000e+03 3.560889999999999889e-01
5.069000000000000000e+03 3.559729999999999839e-01
5.070000000000000000e+03 3.558580000000000076e-01
5.071000000000000000e+03 3.561259999999999981e-01
5.072000000000000000e+03 3.563930000000000153e-01
5.073000000000000000e+03 3.566599999999999770e-01
5.074000000000000000e+03 3.569269999999999943e-01
5.075000000000000000e+03 3.571949999999999847e-01
5.076000000000000000e+03 3.574620000000000020e-01
5.077000000000000000e+03 3.577290000000000192e-01
5.078000000000000000e+03 3.579979999999999829e-01
5.079000000000000000e+03 3.582650000000000001e-01
5.080000000000000000e+03 3.585320000000000173e-01
5.081000000000000000e+03 3.583580000000000099e-01
5.082000000000000000e+03 3.581849999999999756e-01
5.083000000000000000e+03 3.580110000000000237e-01
5.084000000000000000e+03 3.578370000000000162e-01
5.085000000000000000e+03 3.576639999999999819e-01
5.086000000000000000e+03 3.574899999999999745e-01
5.087000000000000000e+03 3.573149999999999937e-01
5.088000000000000000e+03 3.571409999999999862e-01
5.089000000000000000e+03 3.569680000000000075e-01
5.090000000000000000e+03 3.567940000000000000e-01
5.091000000000000000e+03 3.568870000000000098e-01
5.092000000000000000e+03 3.569800000000000195e-01
5.093000000000000000e+03 3.570740000000000025e-01
5.094000000000000000e+03 3.571670000000000122e-01
5.095000000000000000e+03 3.572600000000000220e-01
5.096000000000000000e+03 3.573540000000000050e-01
5.097000000000000000e+03 3.574479999999999880e-01
5.098000000000000000e+03 3.575409999999999977e-01
5.099000000000000000e+03 3.576349999999999807e-01
5.100000000000000000e+03 3.577270000000000172e-01
5.101000000000000000e+03 3.579760000000000164e-01
5.102000000000000000e+03 3.582250000000000156e-01
5.103000000000000000e+03 3.584740000000000149e-01
5.104000000000000000e+03 3.587230000000000141e-01
5.105000000000000000e+03 3.589720000000000133e-01
5.106000000000000000e+03 3.592210000000000125e-01
5.107000000000000000e+03 3.594700000000000117e-01
5.108000000000000000e+03 3.597190000000000110e-01
5.109000000000000000e+03 3.599680000000000102e-01
5.110000000000000000e+03 3.602170000000000094e-01
5.111000000000000000e+03 3.603399999999999936e-01
5.112000000000000000e+03 3.604629999999999779e-01
5.113000000000000000e+03 3.605860000000000176e-01
5.114000000000000000e+03 3.607090000000000019e-01
5.115000000000000000e+03 3.608319999999999861e-01
5.116000000000000000e+03 3.609550000000000258e-01
5.117000000000000000e+03 3.610780000000000101e-01
5.118000000000000000e+03 3.612009999999999943e-01
5.119000000000000000e+03 3.613239999999999785e-01
5.120000000000000000e+03 3.614459999999999895e-01
5.121000000000000000e+03 3.613930000000000198e-01
5.122000000000000000e+03 3.613390000000000213e-01
5.123000000000000000e+03 3.612850000000000228e-01
5.124000000000000000e+03 3.612299999999999955e-01
5.125000000000000000e+03 3.611759999999999970e-01
5.126000000000000000e+03 3.611219999999999986e-01
5.127000000000000000e+03 3.610670000000000268e-01
5.128000000000000000e+03 3.610129999999999728e-01
5.129000000000000000e+03 3.609580000000000011e-01
5.130000000000000000e+03 3.609040000000000026e-01
5.131000000000000000e+03 3.610789999999999833e-01
5.132000000000000000e+03 3.612549999999999928e-01
5.133000000000000000e+03 3.614310000000000023e-01
5.134000000000000000e+03 3.616070000000000118e-01
5.135000000000000000e+03 3.617830000000000212e-01
5.136000000000000000e+03 3.619589999999999752e-01
5.137000000000000000e+03 3.621340000000000114e-01
5.138000000000000000e+03 3.623109999999999942e-01
5.139000000000000000e+03 3.624870000000000037e-01
5.140000000000000000e+03 3.626630000000000131e-01
5.141000000000000000e+03 3.624620000000000064e-01
5.142000000000000000e+03 3.622609999999999997e-01
5.143000000000000000e+03 3.620610000000000217e-01
5.144000000000000000e+03 3.618600000000000150e-01
5.145000000000000000e+03 3.616590000000000082e-01
5.146000000000000000e+03 3.614589999999999748e-01
5.147000000000000000e+03 3.612569999999999948e-01
5.148000000000000000e+03 3.610550000000000148e-01
5.149000000000000000e+03 3.608540000000000081e-01
5.150000000000000000e+03 3.606530000000000014e-01
5.151000000000000000e+03 3.606619999999999826e-01
5.152000000000000000e+03 3.606699999999999906e-01
5.153000000000000000e+03 3.606790000000000274e-01
5.154000000000000000e+03 3.606880000000000086e-01
5.155000000000000000e+03 3.606969999999999898e-01
5.156000000000000000e+03 3.607049999999999979e-01
5.157000000000000000e+03 3.607139999999999791e-01
5.158000000000000000e+03 3.607219999999999871e-01
5.159000000000000000e+03 3.607299999999999951e-01
5.160000000000000000e+03 3.607380000000000031e-01
5.161000000000000000e+03 3.605869999999999909e-01
5.162000000000000000e+03 3.604350000000000054e-01
5.163000000000000000e+03 3.602830000000000199e-01
5.164000000000000000e+03 3.601309999999999789e-01
5.165000000000000000e+03 3.599789999999999934e-01
5.166000000000000000e+03 3.598270000000000080e-01
5.167000000000000000e+03 3.596750000000000225e-01
5.168000000000000000e+03 3.595229999999999815e-01
5.169000000000000000e+03 3.593709999999999960e-01
5.170000000000000000e+03 3.592179999999999818e-01
5.171000000000000000e+03 3.589620000000000033e-01
5.172000000000000000e+03 3.587049999999999961e-01
5.173000000000000000e+03 3.584479999999999889e-01
5.174000000000000000e+03 3.581900000000000084e-01
5.175000000000000000e+03 3.579330000000000012e-01
5.176000000000000000e+03 3.576750000000000207e-01
5.177000000000000000e+03 3.574180000000000135e-01
5.178000000000000000e+03 3.571599999999999775e-01
5.179000000000000000e+03 3.569010000000000238e-01
5.180000000000000000e+03 3.566429999999999878e-01
5.181000000000000000e+03 3.563220000000000276e-01
5.182000000000000000e+03 3.560019999999999851e-01
5.183000000000000000e+03 3.556810000000000249e-01
5.184000000000000000e+03 3.553609999999999824e-01
5.185000000000000000e+03 3.550389999999999935e-01
5.186000000000000000e+03 3.547179999999999778e-01
5.187000000000000000e+03 3.543959999999999888e-01
5.188000000000000000e+03 3.540749999999999731e-01
5.189000000000000000e+03 3.537540000000000129e-01
5.190000000000000000e+03 3.534320000000000239e-01
5.191000000000000000e+03 3.532509999999999817e-01
5.192000000000000000e+03 3.530699999999999950e-01
5.193000000000000000e+03 3.528879999999999795e-01
5.194000000000000000e+03 3.527069999999999927e-01
5.195000000000000000e+03 3.525260000000000060e-01
5.196000000000000000e+03 3.523459999999999925e-01
5.197000000000000000e+03 3.521639999999999771e-01
5.198000000000000000e+03 3.519829999999999903e-01
5.199000000000000000e+03 3.518020000000000036e-01
5.200000000000000000e+03 3.516210000000000169e-01
5.201000000000000000e+03 3.514979999999999771e-01
5.202000000000000000e+03 3.513740000000000197e-01
5.203000000000000000e+03 3.512500000000000067e-01
5.204000000000000000e+03 3.511259999999999937e-01
5.205000000000000000e+03 3.510019999999999807e-01
5.206000000000000000e+03 3.508780000000000232e-01
5.207000000000000000e+03 3.507529999999999815e-01
5.208000000000000000e+03 3.506290000000000240e-01
5.209000000000000000e+03 3.505050000000000110e-01
5.210000000000000000e+03 3.503809999999999980e-01
5.211000000000000000e+03 3.503769999999999940e-01
5.212000000000000000e+03 3.503720000000000168e-01
5.213000000000000000e+03 3.503680000000000128e-01
5.214000000000000000e+03 3.503640000000000088e-01
5.215000000000000000e+03 3.503600000000000048e-01
5.216000000000000000e+03 3.503560000000000008e-01
5.217000000000000000e+03 3.503510000000000235e-01
5.218000000000000000e+03 3.503470000000000195e-01
5.219000000000000000e+03 3.503430000000000155e-01
5.220000000000000000e+03 3.503390000000000115e-01
5.221000000000000000e+03 3.500710000000000210e-01
5.222000000000000000e+03 3.498029999999999751e-01
5.223000000000000000e+03 3.495349999999999846e-01
5.224000000000000000e+03 3.492669999999999941e-01
5.225000000000000000e+03 3.489990000000000037e-01
5.226000000000000000e+03 3.487310000000000132e-01
5.227000000000000000e+03 3.484630000000000227e-01
5.228000000000000000e+03 3.481949999999999767e-01
5.229000000000000000e+03 3.479269999999999863e-01
5.230000000000000000e+03 3.476580000000000226e-01
5.231000000000000000e+03 3.478749999999999898e-01
5.232000000000000000e+03 3.480920000000000125e-01
5.233000000000000000e+03 3.483089999999999797e-01
5.234000000000000000e+03 3.485260000000000025e-01
5.235000000000000000e+03 3.487430000000000252e-01
5.236000000000000000e+03 3.489599999999999924e-01
5.237000000000000000e+03 3.491770000000000151e-01
5.238000000000000000e+03 3.493939999999999824e-01
5.239000000000000000e+03 3.496110000000000051e-01
5.240000000000000000e+03 3.498290000000000011e-01
5.241000000000000000e+03 3.496549999999999936e-01
5.242000000000000000e+03 3.494809999999999861e-01
5.243000000000000000e+03 3.493080000000000074e-01
5.244000000000000000e+03 3.491339999999999999e-01
5.245000000000000000e+03 3.489599999999999924e-01
5.246000000000000000e+03 3.487859999999999849e-01
5.247000000000000000e+03 3.486119999999999775e-01
5.248000000000000000e+03 3.484380000000000255e-01
5.249000000000000000e+03 3.482640000000000180e-01
5.250000000000000000e+03 3.480889999999999818e-01
5.251000000000000000e+03 3.483919999999999795e-01
5.252000000000000000e+03 3.486949999999999772e-01
5.253000000000000000e+03 3.489979999999999749e-01
5.254000000000000000e+03 3.493009999999999726e-01
5.255000000000000000e+03 3.496049999999999991e-01
5.256000000000000000e+03 3.499070000000000236e-01
5.257000000000000000e+03 3.502109999999999945e-01
5.258000000000000000e+03 3.505139999999999922e-01
5.259000000000000000e+03 3.508180000000000187e-01
5.260000000000000000e+03 3.511210000000000164e-01
5.261000000000000000e+03 3.507170000000000010e-01
5.262000000000000000e+03 3.503129999999999855e-01
5.263000000000000000e+03 3.499079999999999968e-01
5.264000000000000000e+03 3.495030000000000081e-01
5.265000000000000000e+03 3.490989999999999926e-01
5.266000000000000000e+03 3.486940000000000039e-01
5.267000000000000000e+03 3.482879999999999865e-01
5.268000000000000000e+03 3.478820000000000245e-01
5.269000000000000000e+03 3.474769999999999803e-01
5.270000000000000000e+03 3.470710000000000184e-01
5.271000000000000000e+03 3.469780000000000086e-01
5.272000000000000000e+03 3.468849999999999989e-01
5.273000000000000000e+03 3.467910000000000159e-01
5.274000000000000000e+03 3.466969999999999774e-01
5.275000000000000000e+03 3.466029999999999944e-01
5.276000000000000000e+03 3.465099999999999847e-01
5.277000000000000000e+03 3.464160000000000017e-01
5.278000000000000000e+03 3.463220000000000187e-01
5.279000000000000000e+03 3.462279999999999802e-01
5.280000000000000000e+03 3.461339999999999972e-01
5.281000000000000000e+03 3.458970000000000100e-01
5.282000000000000000e+03 3.456600000000000228e-01
5.283000000000000000e+03 3.454229999999999801e-01
5.284000000000000000e+03 3.451859999999999928e-01
5.285000000000000000e+03 3.449490000000000056e-01
5.286000000000000000e+03 3.447120000000000184e-01
5.287000000000000000e+03 3.444740000000000024e-01
5.288000000000000000e+03 3.442370000000000152e-01
5.289000000000000000e+03 3.439999999999999725e-01
5.290000000000000000e+03 3.437620000000000120e-01
5.291000000000000000e+03 3.434969999999999968e-01
5.292000000000000000e+03 3.432310000000000083e-01
5.293000000000000000e+03 3.429650000000000198e-01
5.294000000000000000e+03 3.426989999999999759e-01
5.295000000000000000e+03 3.424320000000000142e-01
5.296000000000000000e+03 3.421660000000000257e-01
5.297000000000000000e+03 3.418990000000000085e-01
5.298000000000000000e+03 3.416319999999999912e-01
5.299000000000000000e+03 3.413649999999999740e-01
5.300000000000000000e+03 3.410969999999999835e-01
5.301000000000000000e+03 3.406259999999999843e-01
5.302000000000000000e+03 3.401540000000000119e-01
5.303000000000000000e+03 3.396810000000000107e-01
5.304000000000000000e+03 3.392089999999999828e-01
5.305000000000000000e+03 3.387370000000000103e-01
5.306000000000000000e+03 3.382640000000000091e-01
5.307000000000000000e+03 3.377919999999999812e-01
5.308000000000000000e+03 3.373180000000000067e-01
5.309000000000000000e+03 3.368450000000000055e-01
5.310000000000000000e+03 3.363720000000000043e-01
5.311000000000000000e+03 3.358160000000000034e-01
5.312000000000000000e+03 3.352589999999999737e-01
5.313000000000000000e+03 3.347010000000000263e-01
5.314000000000000000e+03 3.341439999999999966e-01
5.315000000000000000e+03 3.335859999999999936e-01
5.316000000000000000e+03 3.330279999999999907e-01
5.317000000000000000e+03 3.324690000000000145e-01
5.318000000000000000e+03 3.319110000000000116e-01
5.319000000000000000e+03 3.313510000000000066e-01
5.320000000000000000e+03 3.307930000000000037e-01
5.321000000000000000e+03 3.300640000000000240e-01
5.322000000000000000e+03 3.293369999999999909e-01
5.323000000000000000e+03 3.286089999999999844e-01
5.324000000000000000e+03 3.278809999999999780e-01
5.325000000000000000e+03 3.271530000000000271e-01
5.326000000000000000e+03 3.264239999999999919e-01
5.327000000000000000e+03 3.256959999999999855e-01
5.328000000000000000e+03 3.249679999999999791e-01
5.329000000000000000e+03 3.242389999999999994e-01
5.330000000000000000e+03 3.235100000000000198e-01
5.331000000000000000e+03 3.231330000000000036e-01
5.332000000000000000e+03 3.227559999999999873e-01
5.333000000000000000e+03 3.223779999999999979e-01
5.334000000000000000e+03 3.220000000000000084e-01
5.335000000000000000e+03 3.216220000000000190e-01
5.336000000000000000e+03 3.212430000000000008e-01
5.337000000000000000e+03 3.208659999999999846e-01
5.338000000000000000e+03 3.204879999999999951e-01
5.339000000000000000e+03 3.201089999999999769e-01
5.340000000000000000e+03 3.197300000000000142e-01
5.341000000000000000e+03 3.193230000000000235e-01
5.342000000000000000e+03 3.189159999999999773e-01
5.343000000000000000e+03 3.185080000000000133e-01
5.344000000000000000e+03 3.180999999999999939e-01
5.345000000000000000e+03 3.176919999999999744e-01
5.346000000000000000e+03 3.172840000000000105e-01
5.347000000000000000e+03 3.168759999999999910e-01
5.348000000000000000e+03 3.164660000000000251e-01
5.349000000000000000e+03 3.160580000000000056e-01
5.350000000000000000e+03 3.156479999999999841e-01
5.351000000000000000e+03 3.156410000000000049e-01
5.352000000000000000e+03 3.156349999999999989e-01
5.353000000000000000e+03 3.156269999999999909e-01
5.354000000000000000e+03 3.156200000000000117e-01
5.355000000000000000e+03 3.156120000000000037e-01
5.356000000000000000e+03 3.156059999999999977e-01
5.357000000000000000e+03 3.155979999999999897e-01
5.358000000000000000e+03 3.155910000000000104e-01
5.359000000000000000e+03 3.155830000000000024e-01
5.360000000000000000e+03 3.155749999999999944e-01
5.361000000000000000e+03 3.153779999999999917e-01
5.362000000000000000e+03 3.151809999999999889e-01
5.363000000000000000e+03 3.149830000000000130e-01
5.364000000000000000e+03 3.147849999999999815e-01
5.365000000000000000e+03 3.145879999999999788e-01
5.366000000000000000e+03 3.143889999999999740e-01
5.367000000000000000e+03 3.141920000000000268e-01
5.368000000000000000e+03 3.139939999999999953e-01
5.369000000000000000e+03 3.137949999999999906e-01
5.370000000000000000e+03 3.135959999999999859e-01
5.371000000000000000e+03 3.141399999999999748e-01
5.372000000000000000e+03 3.146849999999999925e-01
5.373000000000000000e+03 3.152300000000000102e-01
5.374000000000000000e+03 3.157739999999999991e-01
5.375000000000000000e+03 3.163190000000000168e-01
5.376000000000000000e+03 3.168639999999999790e-01
5.377000000000000000e+03 3.174089999999999967e-01
5.378000000000000000e+03 3.179529999999999856e-01
5.379000000000000000e+03 3.184980000000000033e-01
5.380000000000000000e+03 3.190430000000000210e-01
5.381000000000000000e+03 3.196019999999999972e-01
5.382000000000000000e+03 3.201629999999999754e-01
5.383000000000000000e+03 3.207220000000000071e-01
5.384000000000000000e+03 3.212820000000000120e-01
5.385000000000000000e+03 3.218429999999999902e-01
5.386000000000000000e+03 3.224029999999999951e-01
5.387000000000000000e+03 3.229630000000000001e-01
5.388000000000000000e+03 3.235250000000000070e-01
5.389000000000000000e+03 3.240850000000000120e-01
5.390000000000000000e+03 3.246459999999999901e-01
5.391000000000000000e+03 3.257010000000000183e-01
5.392000000000000000e+03 3.267559999999999909e-01
5.393000000000000000e+03 3.278110000000000190e-01
5.394000000000000000e+03 3.288659999999999917e-01
5.395000000000000000e+03 3.299219999999999930e-01
5.396000000000000000e+03 3.309779999999999944e-01
5.397000000000000000e+03 3.320330000000000226e-01
5.398000000000000000e+03 3.330890000000000239e-01
5.399000000000000000e+03 3.341450000000000253e-01
5.400000000000000000e+03 3.352020000000000000e-01
5.401000000000000000e+03 3.356480000000000019e-01
5.402000000000000000e+03 3.360949999999999771e-01
5.403000000000000000e+03 3.365420000000000078e-01
5.404000000000000000e+03 3.369889999999999830e-01
5.405000000000000000e+03 3.374349999999999850e-01
5.406000000000000000e+03 3.378829999999999889e-01
5.407000000000000000e+03 3.383300000000000196e-01
5.408000000000000000e+03 3.387760000000000216e-01
5.409000000000000000e+03 3.392240000000000255e-01
5.410000000000000000e+03 3.396719999999999740e-01
5.411000000000000000e+03 3.400690000000000102e-01
5.412000000000000000e+03 3.404659999999999909e-01
5.413000000000000000e+03 3.408640000000000003e-01
5.414000000000000000e+03 3.412609999999999810e-01
5.415000000000000000e+03 3.416589999999999905e-01
5.416000000000000000e+03 3.420569999999999999e-01
5.417000000000000000e+03 3.424539999999999806e-01
5.418000000000000000e+03 3.428530000000000189e-01
5.419000000000000000e+03 3.432490000000000263e-01
5.420000000000000000e+03 3.436469999999999803e-01
5.421000000000000000e+03 3.431270000000000153e-01
5.422000000000000000e+03 3.426089999999999969e-01
5.423000000000000000e+03 3.420889999999999764e-01
5.424000000000000000e+03 3.415690000000000115e-01
5.425000000000000000e+03 3.410480000000000178e-01
5.426000000000000000e+03 3.405279999999999974e-01
5.427000000000000000e+03 3.400079999999999769e-01
5.428000000000000000e+03 3.394869999999999832e-01
5.429000000000000000e+03 3.389659999999999895e-01
5.430000000000000000e+03 3.384449999999999958e-01
5.431000000000000000e+03 3.378149999999999764e-01
5.432000000000000000e+03 3.371850000000000125e-01
5.433000000000000000e+03 3.365540000000000198e-01
5.434000000000000000e+03 3.359230000000000271e-01
5.435000000000000000e+03 3.352919999999999789e-01
5.436000000000000000e+03 3.346600000000000130e-01
5.437000000000000000e+03 3.340290000000000203e-01
5.438000000000000000e+03 3.333969999999999989e-01
5.439000000000000000e+03 3.327649999999999775e-01
5.440000000000000000e+03 3.321319999999999828e-01
5.441000000000000000e+03 3.301569999999999783e-01
5.442000000000000000e+03 3.281800000000000272e-01
5.443000000000000000e+03 3.262039999999999940e-01
5.444000000000000000e+03 3.242260000000000142e-01
5.445000000000000000e+03 3.222490000000000077e-01
5.446000000000000000e+03 3.202709999999999724e-01
5.447000000000000000e+03 3.182929999999999926e-01
5.448000000000000000e+03 3.163130000000000108e-01
5.449000000000000000e+03 3.143329999999999735e-01
5.450000000000000000e+03 3.123529999999999918e-01
5.451000000000000000e+03 3.095720000000000138e-01
5.452000000000000000e+03 3.067889999999999784e-01
5.453000000000000000e+03 3.040059999999999985e-01
5.454000000000000000e+03 3.012210000000000165e-01
5.455000000000000000e+03 2.984359999999999791e-01
5.456000000000000000e+03 2.956489999999999951e-01
5.457000000000000000e+03 2.928629999999999844e-01
5.458000000000000000e+03 2.900750000000000273e-01
5.459000000000000000e+03 2.872859999999999858e-01
5.460000000000000000e+03 2.844960000000000266e-01
5.461000000000000000e+03 2.798860000000000237e-01
5.462000000000000000e+03 2.752760000000000207e-01
5.463000000000000000e+03 2.706649999999999889e-01
5.464000000000000000e+03 2.660529999999999839e-01
5.465000000000000000e+03 2.614389999999999770e-01
5.466000000000000000e+03 2.568250000000000255e-01
5.467000000000000000e+03 2.522110000000000185e-01
5.468000000000000000e+03 2.475950000000000095e-01
5.469000000000000000e+03 2.429779999999999995e-01
5.470000000000000000e+03 2.383609999999999896e-01
5.471000000000000000e+03 2.329890000000000017e-01
5.472000000000000000e+03 2.276140000000000108e-01
5.473000000000000000e+03 2.222389999999999921e-01
5.474000000000000000e+03 2.168599999999999972e-01
5.475000000000000000e+03 2.114810000000000023e-01
5.476000000000000000e+03 2.060990000000000044e-01
5.477000000000000000e+03 2.007150000000000045e-01
5.478000000000000000e+03 1.953300000000000036e-01
5.479000000000000000e+03 1.899430000000000007e-01
5.480000000000000000e+03 1.845539999999999958e-01
5.481000000000000000e+03 1.787130000000000107e-01
5.482000000000000000e+03 1.728719999999999979e-01
5.483000000000000000e+03 1.670310000000000128e-01
5.484000000000000000e+03 1.611889999999999989e-01
5.485000000000000000e+03 1.553450000000000109e-01
5.486000000000000000e+03 1.495019999999999960e-01
5.487000000000000000e+03 1.436570000000000069e-01
5.488000000000000000e+03 1.378119999999999901e-01
5.489000000000000000e+03 1.319660000000000000e-01
5.490000000000000000e+03 1.261190000000000089e-01
5.491000000000000000e+03 1.213909999999999989e-01
5.492000000000000000e+03 1.166620000000000018e-01
5.493000000000000000e+03 1.119330000000000047e-01
5.494000000000000000e+03 1.072030000000000066e-01
5.495000000000000000e+03 1.024729999999999946e-01
5.496000000000000000e+03 9.774170000000000080e-02
5.497000000000000000e+03 9.301020000000000121e-02
5.498000000000000000e+03 8.827830000000000399e-02
5.499000000000000000e+03 8.354580000000000339e-02
5.500000000000000000e+03 7.881290000000000517e-02
5.501000000000000000e+03 7.555430000000000479e-02
5.502000000000000000e+03 7.229430000000000578e-02
5.503000000000000000e+03 6.903330000000000577e-02
5.504000000000000000e+03 6.577080000000000426e-02
5.505000000000000000e+03 6.250719999999999887e-02
5.506000000000000000e+03 5.924220000000000180e-02
5.507000000000000000e+03 5.597610000000000086e-02
5.508000000000000000e+03 5.270860000000000128e-02
5.509000000000000000e+03 4.943990000000000190e-02
5.510000000000000000e+03 4.617000000000000270e-02
5.511000000000000000e+03 4.419019999999999893e-02
5.512000000000000000e+03 4.221020000000000327e-02
5.513000000000000000e+03 4.023029999999999662e-02
5.514000000000000000e+03 3.825019999999999809e-02
5.515000000000000000e+03 3.627009999999999956e-02
5.516000000000000000e+03 3.428989999999999816e-02
5.517000000000000000e+03 3.230969999999999676e-02
5.518000000000000000e+03 3.032949999999999882e-02
5.519000000000000000e+03 2.834899999999999920e-02
5.520000000000000000e+03 2.636859999999999898e-02
5.521000000000000000e+03 2.526600000000000026e-02
5.522000000000000000e+03 2.416319999999999926e-02
5.523000000000000000e+03 2.306029999999999885e-02
5.524000000000000000e+03 2.195710000000000023e-02
5.525000000000000000e+03 2.085379999999999873e-02
5.526000000000000000e+03 1.975019999999999901e-02
5.527000000000000000e+03 1.864649999999999988e-02
5.528000000000000000e+03 1.754249999999999907e-02
5.529000000000000000e+03 1.643829999999999944e-02
5.530000000000000000e+03 1.533400000000000041e-02
5.531000000000000000e+03 1.471749999999999968e-02
5.532000000000000000e+03 1.410089999999999955e-02
5.533000000000000000e+03 1.348420000000000001e-02
5.534000000000000000e+03 1.286739999999999932e-02
5.535000000000000000e+03 1.225049999999999924e-02
5.536000000000000000e+03 1.163349999999999974e-02
5.537000000000000000e+03 1.101640000000000084e-02
5.538000000000000000e+03 1.039920000000000080e-02
5.539000000000000000e+03 9.781859999999999861e-03
5.540000000000000000e+03 9.164459999999999273e-03
5.541000000000000000e+03 8.810129999999999351e-03
5.542000000000000000e+03 8.455789999999999487e-03
5.543000000000000000e+03 8.101429999999999743e-03
5.544000000000000000e+03 7.747060000000000057e-03
5.545000000000000000e+03 7.392680000000000431e-03
5.546000000000000000e+03 7.038270000000000116e-03
5.547000000000000000e+03 6.683869999999999742e-03
5.548000000000000000e+03 6.329450000000000354e-03
5.549000000000000000e+03 5.975010000000000217e-03
5.550000000000000000e+03 5.620580000000000020e-03
5.551000000000000000e+03 5.427320000000000234e-03
5.552000000000000000e+03 5.233989999999999997e-03
5.553000000000000000e+03 5.040610000000000056e-03
5.554000000000000000e+03 4.847149999999999723e-03
5.555000000000000000e+03 4.653639999999999687e-03
5.556000000000000000e+03 4.460079999999999947e-03
5.557000000000000000e+03 4.266449999999999756e-03
5.558000000000000000e+03 4.072740000000000041e-03
5.559000000000000000e+03 3.878990000000000129e-03
5.560000000000000000e+03 3.685159999999999825e-03
5.561000000000000000e+03 3.565819999999999927e-03
5.562000000000000000e+03 3.446460000000000148e-03
5.563000000000000000e+03 3.327089999999999995e-03
5.564000000000000000e+03 3.207699999999999961e-03
5.565000000000000000e+03 3.088309999999999927e-03
5.566000000000000000e+03 2.968900000000000011e-03
5.567000000000000000e+03 2.849490000000000096e-03
5.568000000000000000e+03 2.730049999999999925e-03
5.569000000000000000e+03 2.610610000000000187e-03
5.570000000000000000e+03 2.491160000000000076e-03
5.571000000000000000e+03 2.466170000000000168e-03
5.572000000000000000e+03 2.441179999999999826e-03
5.573000000000000000e+03 2.416199999999999858e-03
5.574000000000000000e+03 2.391209999999999950e-03
5.575000000000000000e+03 2.366229999999999983e-03
5.576000000000000000e+03 2.341250000000000015e-03
5.577000000000000000e+03 2.316270000000000048e-03
5.578000000000000000e+03 2.291290000000000080e-03
5.579000000000000000e+03 2.266310000000000113e-03
5.580000000000000000e+03 2.241330000000000145e-03
5.581000000000000000e+03 2.216549999999999857e-03
5.582000000000000000e+03 2.191770000000000003e-03
5.583000000000000000e+03 2.166980000000000208e-03
5.584000000000000000e+03 2.142199999999999920e-03
5.585000000000000000e+03 2.117400000000000185e-03
5.586000000000000000e+03 2.092600000000000016e-03
5.587000000000000000e+03 2.067799999999999847e-03
5.588000000000000000e+03 2.043000000000000111e-03
5.589000000000000000e+03 2.018190000000000001e-03
5.590000000000000000e+03 1.993389999999999832e-03
5.591000000000000000e+03 1.959840000000000020e-03
5.592000000000000000e+03 1.926289999999999990e-03
5.593000000000000000e+03 1.892720000000000079e-03
5.594000000000000000e+03 1.859159999999999893e-03
5.595000000000000000e+03 1.825570000000000101e-03
5.596000000000000000e+03 1.791980000000000092e-03
5.597000000000000000e+03 1.758390000000000083e-03
5.598000000000000000e+03 1.724779999999999976e-03
5.599000000000000000e+03 1.691159999999999929e-03
5.600000000000000000e+03 1.657529999999999941e-03
5.601000000000000000e+03 1.623869999999999914e-03
5.602000000000000000e+03 1.590199999999999947e-03
5.603000000000000000e+03 1.556520000000000039e-03
5.604000000000000000e+03 1.522829999999999974e-03
5.605000000000000000e+03 1.489139999999999908e-03
5.606000000000000000e+03 1.455429999999999962e-03
5.607000000000000000e+03 1.421729999999999956e-03
5.608000000000000000e+03 1.388010000000000068e-03
5.609000000000000000e+03 1.354280000000000024e-03
5.610000000000000000e+03 1.320549999999999979e-03
5.611000000000000000e+03 1.286859999999999914e-03
5.612000000000000000e+03 1.253159999999999908e-03
5.613000000000000000e+03 1.219449999999999961e-03
5.614000000000000000e+03 1.185719999999999916e-03
5.615000000000000000e+03 1.151990000000000089e-03
5.616000000000000000e+03 1.118250000000000103e-03
5.617000000000000000e+03 1.084499999999999961e-03
5.618000000000000000e+03 1.050740000000000094e-03
5.619000000000000000e+03 1.016970000000000070e-03
5.620000000000000000e+03 9.831840000000000111e-04
5.621000000000000000e+03 9.492860000000000317e-04
5.622000000000000000e+03 9.153880000000000523e-04
5.623000000000000000e+03 8.814849999999999942e-04
5.624000000000000000e+03 8.475820000000000446e-04
5.625000000000000000e+03 8.136740000000000162e-04
5.626000000000000000e+03 7.797659999999999878e-04
5.627000000000000000e+03 7.458540000000000048e-04
5.628000000000000000e+03 7.119389999999999746e-04
5.629000000000000000e+03 6.780220000000000214e-04
5.630000000000000000e+03 6.441020000000000209e-04
5.631000000000000000e+03 6.362769999999999797e-04
5.632000000000000000e+03 6.284529999999999544e-04
5.633000000000000000e+03 6.206259999999999902e-04
5.634000000000000000e+03 6.127980000000000102e-04
5.635000000000000000e+03 6.049700000000000303e-04
5.636000000000000000e+03 5.971400000000000189e-04
5.637000000000000000e+03 5.893079999999999759e-04
5.638000000000000000e+03 5.814750000000000257e-04
5.639000000000000000e+03 5.736400000000000440e-04
5.640000000000000000e+03 5.658040000000000465e-04
5.641000000000000000e+03 5.579829999999999599e-04
5.642000000000000000e+03 5.501599999999999503e-04
5.643000000000000000e+03 5.423360000000000333e-04
5.644000000000000000e+03 5.345089999999999607e-04
5.645000000000000000e+03 5.266809999999999808e-04
5.646000000000000000e+03 5.188519999999999851e-04
5.647000000000000000e+03 5.110190000000000348e-04
5.648000000000000000e+03 5.031859999999999762e-04
5.649000000000000000e+03 4.953509999999999944e-04
5.650000000000000000e+03 4.875139999999999812e-04
5.651000000000000000e+03 4.796600000000000256e-04
5.652000000000000000e+03 4.718039999999999842e-04
5.653000000000000000e+03 4.639460000000000198e-04
5.654000000000000000e+03 4.560890000000000170e-04
5.655000000000000000e+03 4.482290000000000211e-04
5.656000000000000000e+03 4.403680000000000094e-04
5.657000000000000000e+03 4.325069999999999978e-04
5.658000000000000000e+03 4.246429999999999931e-04
5.659000000000000000e+03 4.167789999999999885e-04
5.660000000000000000e+03 4.089140000000000223e-04
5.661000000000000000e+03 4.010579999999999809e-04
5.662000000000000000e+03 3.932000000000000165e-04
5.663000000000000000e+03 3.853409999999999822e-04
5.664000000000000000e+03 3.774790000000000090e-04
5.665000000000000000e+03 3.696169999999999816e-04
5.666000000000000000e+03 3.617529999999999769e-04
5.667000000000000000e+03 3.538869999999999950e-04
5.668000000000000000e+03 3.460189999999999815e-04
5.669000000000000000e+03 3.381500000000000066e-04
5.670000000000000000e+03 3.302790000000000001e-04
5.671000000000000000e+03 3.280560000000000182e-04
5.672000000000000000e+03 3.258329999999999820e-04
5.673000000000000000e+03 3.236100000000000001e-04
5.674000000000000000e+03 3.213849999999999867e-04
5.675000000000000000e+03 3.191599999999999732e-04
5.676000000000000000e+03 3.169339999999999983e-04
5.677000000000000000e+03 3.147080000000000233e-04
5.678000000000000000e+03 3.124809999999999784e-04
5.679000000000000000e+03 3.102539999999999877e-04
5.680000000000000000e+03 3.080250000000000197e-04
5.681000000000000000e+03 3.058049999999999766e-04
5.682000000000000000e+03 3.035830000000000104e-04
5.683000000000000000e+03 3.013609999999999900e-04
5.684000000000000000e+03 2.991380000000000081e-04
5.685000000000000000e+03 2.969140000000000104e-04
5.686000000000000000e+03 2.946889999999999970e-04
5.687000000000000000e+03 2.924649999999999993e-04
5.688000000000000000e+03 2.902380000000000086e-04
5.689000000000000000e+03 2.880110000000000179e-04
5.690000000000000000e+03 2.857830000000000114e-04
5.691000000000000000e+03 2.835320000000000223e-04
5.692000000000000000e+03 2.812800000000000174e-04
5.693000000000000000e+03 2.790289999999999741e-04
5.694000000000000000e+03 2.767760000000000077e-04
5.695000000000000000e+03 2.745240000000000028e-04
5.696000000000000000e+03 2.722709999999999822e-04
5.697000000000000000e+03 2.700170000000000001e-04
5.698000000000000000e+03 2.677630000000000179e-04
5.699000000000000000e+03 2.655080000000000200e-04
5.700000000000000000e+03 2.632539999999999837e-04
5.701000000000000000e+03 2.610199999999999912e-04
5.702000000000000000e+03 2.587859999999999987e-04
5.703000000000000000e+03 2.565509999999999904e-04
5.704000000000000000e+03 2.543140000000000049e-04
5.705000000000000000e+03 2.520779999999999809e-04
5.706000000000000000e+03 2.498399999999999796e-04
5.707000000000000000e+03 2.476019999999999784e-04
5.708000000000000000e+03 2.453619999999999998e-04
5.709000000000000000e+03 2.431219999999999941e-04
5.710000000000000000e+03 2.408819999999999885e-04
5.711000000000000000e+03 2.381069999999999888e-04
5.712000000000000000e+03 2.353319999999999891e-04
5.713000000000000000e+03 2.325569999999999894e-04
5.714000000000000000e+03 2.297810000000000011e-04
5.715000000000000000e+03 2.270050000000000128e-04
5.716000000000000000e+03 2.242280000000000087e-04
5.717000000000000000e+03 2.214499999999999889e-04
5.718000000000000000e+03 2.186719999999999962e-04
5.719000000000000000e+03 2.158929999999999877e-04
5.720000000000000000e+03 2.131129999999999906e-04
5.721000000000000000e+03 2.102999999999999889e-04
5.722000000000000000e+03 2.074869999999999872e-04
5.723000000000000000e+03 2.046750000000000012e-04
5.724000000000000000e+03 2.018619999999999995e-04
5.725000000000000000e+03 1.990499999999999865e-04
5.726000000000000000e+03 1.962380000000000005e-04
5.727000000000000000e+03 1.934259999999999875e-04
5.728000000000000000e+03 1.906149999999999902e-04
5.729000000000000000e+03 1.878039999999999929e-04
5.730000000000000000e+03 1.849929999999999955e-04
5.731000000000000000e+03 1.822209999999999889e-04
5.732000000000000000e+03 1.794479999999999936e-04
5.733000000000000000e+03 1.766740000000000096e-04
5.734000000000000000e+03 1.738990000000000099e-04
5.735000000000000000e+03 1.711229999999999945e-04
5.736000000000000000e+03 1.683470000000000062e-04
5.737000000000000000e+03 1.655679999999999977e-04
5.738000000000000000e+03 1.627900000000000050e-04
5.739000000000000000e+03 1.600100000000000079e-04
5.740000000000000000e+03 1.572300000000000108e-04
5.741000000000000000e+03 1.544190000000000135e-04
5.742000000000000000e+03 1.516090000000000048e-04
5.743000000000000000e+03 1.487980000000000075e-04
5.744000000000000000e+03 1.459870000000000102e-04
5.745000000000000000e+03 1.431770000000000015e-04
5.746000000000000000e+03 1.403669999999999929e-04
5.747000000000000000e+03 1.375570000000000113e-04
5.748000000000000000e+03 1.347470000000000026e-04
5.749000000000000000e+03 1.319360000000000053e-04
5.750000000000000000e+03 1.291270000000000124e-04
5.751000000000000000e+03 1.269449999999999984e-04
5.752000000000000000e+03 1.247630000000000115e-04
5.753000000000000000e+03 1.225789999999999931e-04
5.754000000000000000e+03 1.203939999999999996e-04
5.755000000000000000e+03 1.182080000000000039e-04
5.756000000000000000e+03 1.160210000000000061e-04
5.757000000000000000e+03 1.138339999999999947e-04
5.758000000000000000e+03 1.116440000000000038e-04
5.759000000000000000e+03 1.094539999999999993e-04
5.760000000000000000e+03 1.072630000000000062e-04
5.761000000000000000e+03 1.050459999999999968e-04
5.762000000000000000e+03 1.028290000000000009e-04
5.763000000000000000e+03 1.006120000000000050e-04
5.764000000000000000e+03 9.839419999999999384e-05
5.765000000000000000e+03 9.617679999999999708e-05
5.766000000000000000e+03 9.395940000000000032e-05
5.767000000000000000e+03 9.174200000000000356e-05
5.768000000000000000e+03 8.952449999999999980e-05
5.769000000000000000e+03 8.730699999999999605e-05
5.770000000000000000e+03 8.508910000000000497e-05
5.771000000000000000e+03 8.288750000000000219e-05
5.772000000000000000e+03 8.068480000000000378e-05
5.773000000000000000e+03 7.848119999999999662e-05
5.774000000000000000e+03 7.627669999999999427e-05
5.775000000000000000e+03 7.407109999999999628e-05
