# F550M
5.146000000000000000e+03 7.817870000000000418e-05
5.147000000000000000e+03 8.102639999999999387e-05
5.148000000000000000e+03 8.387480000000000543e-05
5.149000000000000000e+03 8.672400000000000519e-05
5.150000000000000000e+03 8.957389999999999970e-05
5.151000000000000000e+03 9.242590000000000560e-05
5.152000000000000000e+03 9.527860000000000626e-05
5.153000000000000000e+03 9.813220000000000211e-05
5.154000000000000000e+03 1.009859999999999984e-04
5.155000000000000000e+03 1.038419999999999995e-04
5.156000000000000000e+03 1.066969999999999984e-04
5.157000000000000000e+03 1.095540000000000017e-04
5.158000000000000000e+03 1.124110000000000051e-04
5.159000000000000000e+03 1.152689999999999970e-04
5.160000000000000000e+03 1.181280000000000047e-04
5.161000000000000000e+03 1.209890000000000032e-04
5.162000000000000000e+03 1.238509999999999904e-04
5.163000000000000000e+03 1.267139999999999933e-04
5.164000000000000000e+03 1.295780000000000120e-04
5.165000000000000000e+03 1.324420000000000035e-04
5.166000000000000000e+03 1.353070000000000108e-04
5.167000000000000000e+03 1.381730000000000068e-04
5.168000000000000000e+03 1.410410000000000071e-04
5.169000000000000000e+03 1.439079999999999917e-04
5.170000000000000000e+03 1.467770000000000077e-04
5.171000000000000000e+03 1.496539999999999871e-04
5.172000000000000000e+03 1.525329999999999980e-04
5.173000000000000000e+03 1.554120000000000089e-04
5.174000000000000000e+03 1.582929999999999971e-04
5.175000000000000000e+03 1.611750000000000010e-04
5.176000000000000000e+03 1.640579999999999935e-04
5.177000000000000000e+03 1.669420000000000018e-04
5.178000000000000000e+03 1.698269999999999988e-04
5.179000000000000000e+03 1.727130000000000115e-04
5.180000000000000000e+03 1.756010000000000014e-04
5.181000000000000000e+03 1.946770000000000065e-04
5.182000000000000000e+03 2.137589999999999976e-04
5.183000000000000000e+03 2.328470000000000019e-04
5.184000000000000000e+03 2.519390000000000149e-04
5.185000000000000000e+03 2.710370000000000140e-04
5.186000000000000000e+03 2.901399999999999834e-04
5.187000000000000000e+03 3.092479999999999773e-04
5.188000000000000000e+03 3.283620000000000115e-04
5.189000000000000000e+03 3.474810000000000160e-04
5.190000000000000000e+03 3.666060000000000065e-04
5.191000000000000000e+03 3.857089999999999759e-04
5.192000000000000000e+03 4.048149999999999925e-04
5.193000000000000000e+03 4.239229999999999865e-04
5.194000000000000000e+03 4.430349999999999891e-04
5.195000000000000000e+03 4.621490000000000233e-04
5.196000000000000000e+03 4.812670000000000121e-04
5.197000000000000000e+03 5.003860000000000165e-04
5.198000000000000000e+03 5.195080000000000140e-04
5.199000000000000000e+03 5.386339999999999661e-04
5.200000000000000000e+03 5.577619999999999497e-04
5.201000000000000000e+03 5.769879999999999584e-04
5.202000000000000000e+03 5.962219999999999846e-04
5.203000000000000000e+03 6.154650000000000442e-04
5.204000000000000000e+03 6.347170000000000286e-04
5.205000000000000000e+03 6.539780000000000463e-04
5.206000000000000000e+03 6.732479999999999888e-04
5.207000000000000000e+03 6.925269999999999647e-04
5.208000000000000000e+03 7.118149999999999738e-04
5.209000000000000000e+03 7.311130000000000319e-04
5.210000000000000000e+03 7.504200000000000150e-04
5.211000000000000000e+03 7.697269999999999980e-04
5.212000000000000000e+03 7.890419999999999986e-04
5.213000000000000000e+03 8.083660000000000324e-04
5.214000000000000000e+03 8.276989999999999912e-04
5.215000000000000000e+03 8.470419999999999989e-04
5.216000000000000000e+03 8.663920000000000085e-04
5.217000000000000000e+03 8.857500000000000356e-04
5.218000000000000000e+03 9.051169999999999875e-04
5.219000000000000000e+03 9.244939999999999885e-04
5.220000000000000000e+03 9.438800000000000228e-04
5.221000000000000000e+03 1.014539999999999973e-03
5.222000000000000000e+03 1.085210000000000081e-03
5.223000000000000000e+03 1.155889999999999912e-03
5.224000000000000000e+03 1.226579999999999901e-03
5.225000000000000000e+03 1.297280000000000048e-03
5.226000000000000000e+03 1.367989999999999918e-03
5.227000000000000000e+03 1.438709999999999945e-03
5.228000000000000000e+03 1.509429999999999973e-03
5.229000000000000000e+03 1.580170000000000099e-03
5.230000000000000000e+03 1.650910000000000008e-03
5.231000000000000000e+03 1.721799999999999893e-03
5.232000000000000000e+03 1.792720000000000034e-03
5.233000000000000000e+03 1.863649999999999899e-03
5.234000000000000000e+03 1.934610000000000019e-03
5.235000000000000000e+03 2.005589999999999803e-03
5.236000000000000000e+03 2.076590000000000120e-03
5.237000000000000000e+03 2.147609999999999884e-03
5.238000000000000000e+03 2.218640000000000022e-03
5.239000000000000000e+03 2.289699999999999982e-03
5.240000000000000000e+03 2.360779999999999823e-03
5.241000000000000000e+03 2.548560000000000061e-03
5.242000000000000000e+03 2.736440000000000140e-03
5.243000000000000000e+03 2.924379999999999862e-03
5.244000000000000000e+03 3.112409999999999916e-03
5.245000000000000000e+03 3.300529999999999870e-03
5.246000000000000000e+03 3.488719999999999842e-03
5.247000000000000000e+03 3.676990000000000206e-03
5.248000000000000000e+03 3.865359999999999976e-03
5.249000000000000000e+03 4.053789999999999824e-03
5.250000000000000000e+03 4.242310000000000005e-03
5.251000000000000000e+03 4.614789999999999691e-03
5.252000000000000000e+03 4.987390000000000399e-03
5.253000000000000000e+03 5.360110000000000395e-03
5.254000000000000000e+03 5.732939999999999738e-03
5.255000000000000000e+03 6.105890000000000102e-03
5.256000000000000000e+03 6.478929999999999932e-03
5.257000000000000000e+03 6.852089999999999917e-03
5.258000000000000000e+03 7.225379999999999997e-03
5.259000000000000000e+03 7.598780000000000291e-03
5.260000000000000000e+03 7.972270000000000051e-03
5.261000000000000000e+03 8.721440000000000442e-03
5.262000000000000000e+03 9.470849999999999408e-03
5.263000000000000000e+03 1.022050000000000042e-02
5.264000000000000000e+03 1.097030000000000054e-02
5.265000000000000000e+03 1.172040000000000061e-02
5.266000000000000000e+03 1.247080000000000063e-02
5.267000000000000000e+03 1.322130000000000007e-02
5.268000000000000000e+03 1.397209999999999945e-02
5.269000000000000000e+03 1.472309999999999938e-02
5.270000000000000000e+03 1.547429999999999986e-02
5.271000000000000000e+03 1.709089999999999915e-02
5.272000000000000000e+03 1.870809999999999834e-02
5.273000000000000000e+03 2.032600000000000032e-02
5.274000000000000000e+03 2.194460000000000161e-02
5.275000000000000000e+03 2.356389999999999874e-02
5.276000000000000000e+03 2.518379999999999924e-02
5.277000000000000000e+03 2.680439999999999906e-02
5.278000000000000000e+03 2.842580000000000107e-02
5.279000000000000000e+03 3.004779999999999951e-02
5.280000000000000000e+03 3.167049999999999726e-02
5.281000000000000000e+03 3.467259999999999787e-02
5.282000000000000000e+03 3.767500000000000016e-02
5.283000000000000000e+03 4.067749999999999838e-02
5.284000000000000000e+03 4.368040000000000117e-02
5.285000000000000000e+03 4.668350000000000277e-02
5.286000000000000000e+03 4.968680000000000319e-02
5.287000000000000000e+03 5.269030000000000241e-02
5.288000000000000000e+03 5.569419999999999926e-02
5.289000000000000000e+03 5.869819999999999899e-02
5.290000000000000000e+03 6.170250000000000040e-02
5.291000000000000000e+03 6.703860000000000374e-02
5.292000000000000000e+03 7.237670000000000214e-02
5.293000000000000000e+03 7.771699999999999442e-02
5.294000000000000000e+03 8.305930000000000257e-02
5.295000000000000000e+03 8.840389999999999360e-02
5.296000000000000000e+03 9.375070000000000625e-02
5.297000000000000000e+03 9.909940000000000415e-02
5.298000000000000000e+03 1.044500000000000012e-01
5.299000000000000000e+03 1.098029999999999978e-01
5.300000000000000000e+03 1.151589999999999975e-01
5.301000000000000000e+03 1.226109999999999978e-01
5.302000000000000000e+03 1.300649999999999862e-01
5.303000000000000000e+03 1.375200000000000033e-01
5.304000000000000000e+03 1.449769999999999948e-01
5.305000000000000000e+03 1.524349999999999872e-01
5.306000000000000000e+03 1.598940000000000083e-01
5.307000000000000000e+03 1.673550000000000038e-01
5.308000000000000000e+03 1.748170000000000002e-01
5.309000000000000000e+03 1.822799999999999976e-01
5.310000000000000000e+03 1.897449999999999970e-01
5.311000000000000000e+03 1.965989999999999960e-01
5.312000000000000000e+03 2.034549999999999970e-01
5.313000000000000000e+03 2.103140000000000009e-01
5.314000000000000000e+03 2.171770000000000089e-01
5.315000000000000000e+03 2.240419999999999912e-01
5.316000000000000000e+03 2.309100000000000041e-01
5.317000000000000000e+03 2.377809999999999924e-01
5.318000000000000000e+03 2.446550000000000114e-01
5.319000000000000000e+03 2.515319999999999778e-01
5.320000000000000000e+03 2.584130000000000038e-01
5.321000000000000000e+03 2.627240000000000131e-01
5.322000000000000000e+03 2.670370000000000243e-01
5.323000000000000000e+03 2.713499999999999801e-01
5.324000000000000000e+03 2.756640000000000201e-01
5.325000000000000000e+03 2.799789999999999779e-01
5.326000000000000000e+03 2.842950000000000199e-01
5.327000000000000000e+03 2.886119999999999797e-01
5.328000000000000000e+03 2.929289999999999949e-01
5.329000000000000000e+03 2.972460000000000102e-01
5.330000000000000000e+03 3.015660000000000007e-01
5.331000000000000000e+03 3.031010000000000093e-01
5.332000000000000000e+03 3.046380000000000199e-01
5.333000000000000000e+03 3.061740000000000017e-01
5.334000000000000000e+03 3.077110000000000123e-01
5.335000000000000000e+03 3.092489999999999961e-01
5.336000000000000000e+03 3.107849999999999779e-01
5.337000000000000000e+03 3.123239999999999905e-01
5.338000000000000000e+03 3.138630000000000031e-01
5.339000000000000000e+03 3.154020000000000157e-01
5.340000000000000000e+03 3.169409999999999727e-01
5.341000000000000000e+03 3.173230000000000217e-01
5.342000000000000000e+03 3.177059999999999884e-01
5.343000000000000000e+03 3.180879999999999819e-01
5.344000000000000000e+03 3.184699999999999753e-01
5.345000000000000000e+03 3.188529999999999975e-01
5.346000000000000000e+03 3.192360000000000197e-01
5.347000000000000000e+03 3.196189999999999864e-01
5.348000000000000000e+03 3.200009999999999799e-01
5.349000000000000000e+03 3.203840000000000021e-01
5.350000000000000000e+03 3.207670000000000243e-01
5.351000000000000000e+03 3.210620000000000140e-01
5.352000000000000000e+03 3.213579999999999770e-01
5.353000000000000000e+03 3.216539999999999955e-01
5.354000000000000000e+03 3.219489999999999852e-01
5.355000000000000000e+03 3.222450000000000037e-01
5.356000000000000000e+03 3.225410000000000221e-01
5.357000000000000000e+03 3.228360000000000118e-01
5.358000000000000000e+03 3.231319999999999748e-01
5.359000000000000000e+03 3.234279999999999933e-01
5.360000000000000000e+03 3.237229999999999830e-01
5.361000000000000000e+03 3.245310000000000139e-01
5.362000000000000000e+03 3.253389999999999893e-01
5.363000000000000000e+03 3.261470000000000202e-01
5.364000000000000000e+03 3.269549999999999956e-01
5.365000000000000000e+03 3.277639999999999998e-01
5.366000000000000000e+03 3.285719999999999752e-01
5.367000000000000000e+03 3.293820000000000081e-01
5.368000000000000000e+03 3.301910000000000123e-01
5.369000000000000000e+03 3.310009999999999897e-01
5.370000000000000000e+03 3.318099999999999938e-01
5.371000000000000000e+03 3.324829999999999730e-01
5.372000000000000000e+03 3.331569999999999809e-01
5.373000000000000000e+03 3.338309999999999889e-01
5.374000000000000000e+03 3.345040000000000235e-01
5.375000000000000000e+03 3.351779999999999760e-01
5.376000000000000000e+03 3.358519999999999839e-01
5.377000000000000000e+03 3.365259999999999918e-01
5.378000000000000000e+03 3.371990000000000265e-01
5.379000000000000000e+03 3.378740000000000077e-01
5.380000000000000000e+03 3.385480000000000156e-01
5.381000000000000000e+03 3.394619999999999860e-01
5.382000000000000000e+03 3.403769999999999851e-01
5.383000000000000000e+03 3.412919999999999843e-01
5.384000000000000000e+03 3.422069999999999834e-01
5.385000000000000000e+03 3.431230000000000113e-01
5.386000000000000000e+03 3.440389999999999837e-01
5.387000000000000000e+03 3.449550000000000116e-01
5.388000000000000000e+03 3.458720000000000128e-01
5.389000000000000000e+03 3.467890000000000139e-01
5.390000000000000000e+03 3.477049999999999863e-01
5.391000000000000000e+03 3.482919999999999905e-01
5.392000000000000000e+03 3.488769999999999927e-01
5.393000000000000000e+03 3.494630000000000236e-01
5.394000000000000000e+03 3.500489999999999990e-01
5.395000000000000000e+03 3.506349999999999745e-01
5.396000000000000000e+03 3.512210000000000054e-01
5.397000000000000000e+03 3.518069999999999808e-01
5.398000000000000000e+03 3.523930000000000118e-01
5.399000000000000000e+03 3.529789999999999872e-01
5.400000000000000000e+03 3.535659999999999914e-01
5.401000000000000000e+03 3.540570000000000106e-01
5.402000000000000000e+03 3.545479999999999743e-01
5.403000000000000000e+03 3.550400000000000222e-01
5.404000000000000000e+03 3.555309999999999859e-01
5.405000000000000000e+03 3.560220000000000051e-01
5.406000000000000000e+03 3.565139999999999976e-01
5.407000000000000000e+03 3.570059999999999900e-01
5.408000000000000000e+03 3.574970000000000092e-01
5.409000000000000000e+03 3.579899999999999749e-01
5.410000000000000000e+03 3.584809999999999941e-01
5.411000000000000000e+03 3.586449999999999916e-01
5.412000000000000000e+03 3.588100000000000178e-01
5.413000000000000000e+03 3.589749999999999885e-01
5.414000000000000000e+03 3.591389999999999860e-01
5.415000000000000000e+03 3.593040000000000123e-01
5.416000000000000000e+03 3.594680000000000097e-01
5.417000000000000000e+03 3.596320000000000072e-01
5.418000000000000000e+03 3.597969999999999779e-01
5.419000000000000000e+03 3.599600000000000022e-01
5.420000000000000000e+03 3.601249999999999729e-01
5.421000000000000000e+03 3.600280000000000147e-01
5.422000000000000000e+03 3.599330000000000029e-01
5.423000000000000000e+03 3.598370000000000180e-01
5.424000000000000000e+03 3.597400000000000042e-01
5.425000000000000000e+03 3.596429999999999905e-01
5.426000000000000000e+03 3.595459999999999767e-01
5.427000000000000000e+03 3.594499999999999917e-01
5.428000000000000000e+03 3.593529999999999780e-01
5.429000000000000000e+03 3.592560000000000198e-01
5.430000000000000000e+03 3.591590000000000060e-01
5.431000000000000000e+03 3.590570000000000150e-01
5.432000000000000000e+03 3.589550000000000241e-01
5.433000000000000000e+03 3.588520000000000043e-01
5.434000000000000000e+03 3.587500000000000133e-01
5.435000000000000000e+03 3.586469999999999936e-01
5.436000000000000000e+03 3.585450000000000026e-01
5.437000000000000000e+03 3.584430000000000116e-01
5.438000000000000000e+03 3.583390000000000186e-01
5.439000000000000000e+03 3.582370000000000276e-01
5.440000000000000000e+03 3.581340000000000079e-01
5.441000000000000000e+03 3.579820000000000224e-01
5.442000000000000000e+03 3.578299999999999814e-01
5.443000000000000000e+03 3.576790000000000247e-01
5.444000000000000000e+03 3.575269999999999837e-01
5.445000000000000000e+03 3.573749999999999982e-01
5.446000000000000000e+03 3.572230000000000127e-01
5.447000000000000000e+03 3.570710000000000273e-01
5.448000000000000000e+03 3.569189999999999863e-01
5.449000000000000000e+03 3.567660000000000275e-01
5.450000000000000000e+03 3.566139999999999866e-01
5.451000000000000000e+03 3.565639999999999921e-01
5.452000000000000000e+03 3.565119999999999956e-01
5.453000000000000000e+03 3.564620000000000011e-01
5.454000000000000000e+03 3.564100000000000046e-01
5.455000000000000000e+03 3.563589999999999813e-01
5.456000000000000000e+03 3.563080000000000136e-01
5.457000000000000000e+03 3.562569999999999903e-01
5.458000000000000000e+03 3.562049999999999939e-01
5.459000000000000000e+03 3.561540000000000261e-01
5.460000000000000000e+03 3.561019999999999741e-01
5.461000000000000000e+03 3.561019999999999741e-01
5.462000000000000000e+03 3.561019999999999741e-01
5.463000000000000000e+03 3.561030000000000029e-01
5.464000000000000000e+03 3.561030000000000029e-01
5.465000000000000000e+03 3.561019999999999741e-01
5.466000000000000000e+03 3.561019999999999741e-01
5.467000000000000000e+03 3.561019999999999741e-01
5.468000000000000000e+03 3.561019999999999741e-01
5.469000000000000000e+03 3.561010000000000009e-01
5.470000000000000000e+03 3.561010000000000009e-01
5.471000000000000000e+03 3.563129999999999908e-01
5.472000000000000000e+03 3.565240000000000076e-01
5.473000000000000000e+03 3.567359999999999975e-01
5.474000000000000000e+03 3.569470000000000143e-01
5.475000000000000000e+03 3.571590000000000042e-01
5.476000000000000000e+03 3.573700000000000210e-01
5.477000000000000000e+03 3.575820000000000110e-01
5.478000000000000000e+03 3.577930000000000277e-01
5.479000000000000000e+03 3.580039999999999889e-01
5.480000000000000000e+03 3.582159999999999789e-01
5.481000000000000000e+03 3.582210000000000116e-01
5.482000000000000000e+03 3.582270000000000176e-01
5.483000000000000000e+03 3.582330000000000236e-01
5.484000000000000000e+03 3.582380000000000009e-01
5.485000000000000000e+03 3.582429999999999781e-01
5.486000000000000000e+03 3.582480000000000109e-01
5.487000000000000000e+03 3.582540000000000169e-01
5.488000000000000000e+03 3.582589999999999941e-01
5.489000000000000000e+03 3.582629999999999981e-01
5.490000000000000000e+03 3.582679999999999754e-01
5.491000000000000000e+03 3.579809999999999937e-01
5.492000000000000000e+03 3.576940000000000119e-01
5.493000000000000000e+03 3.574060000000000015e-01
5.494000000000000000e+03 3.571179999999999910e-01
5.495000000000000000e+03 3.568299999999999805e-01
5.496000000000000000e+03 3.565420000000000256e-01
5.497000000000000000e+03 3.562540000000000151e-01
5.498000000000000000e+03 3.559660000000000046e-01
5.499000000000000000e+03 3.556779999999999942e-01
5.500000000000000000e+03 3.553899999999999837e-01
5.501000000000000000e+03 3.555579999999999852e-01
5.502000000000000000e+03 3.557250000000000134e-01
5.503000000000000000e+03 3.558930000000000149e-01
5.504000000000000000e+03 3.560610000000000164e-01
5.505000000000000000e+03 3.562290000000000179e-01
5.506000000000000000e+03 3.563970000000000193e-01
5.507000000000000000e+03 3.565650000000000208e-01
5.508000000000000000e+03 3.567319999999999935e-01
5.509000000000000000e+03 3.568999999999999950e-01
5.510000000000000000e+03 3.570679999999999965e-01
5.511000000000000000e+03 3.572040000000000215e-01
5.512000000000000000e+03 3.573390000000000177e-01
5.513000000000000000e+03 3.574740000000000140e-01
5.514000000000000000e+03 3.576099999999999834e-01
5.515000000000000000e+03 3.577449999999999797e-01
5.516000000000000000e+03 3.578799999999999759e-01
5.517000000000000000e+03 3.580160000000000009e-01
5.518000000000000000e+03 3.581520000000000259e-01
5.519000000000000000e+03 3.582859999999999934e-01
5.520000000000000000e+03 3.584220000000000184e-01
5.521000000000000000e+03 3.588520000000000043e-01
5.522000000000000000e+03 3.592819999999999903e-01
5.523000000000000000e+03 3.597130000000000050e-01
5.524000000000000000e+03 3.601429999999999909e-01
5.525000000000000000e+03 3.605740000000000056e-01
5.526000000000000000e+03 3.610039999999999916e-01
5.527000000000000000e+03 3.614350000000000063e-01
5.528000000000000000e+03 3.618649999999999922e-01
5.529000000000000000e+03 3.622960000000000069e-01
5.530000000000000000e+03 3.627259999999999929e-01
5.531000000000000000e+03 3.625360000000000249e-01
5.532000000000000000e+03 3.623439999999999994e-01
5.533000000000000000e+03 3.621539999999999759e-01
5.534000000000000000e+03 3.619620000000000060e-01
5.535000000000000000e+03 3.617699999999999805e-01
5.536000000000000000e+03 3.615789999999999837e-01
5.537000000000000000e+03 3.613870000000000138e-01
5.538000000000000000e+03 3.611960000000000170e-01
5.539000000000000000e+03 3.610039999999999916e-01
5.540000000000000000e+03 3.608120000000000216e-01
5.541000000000000000e+03 3.612830000000000208e-01
5.542000000000000000e+03 3.617540000000000200e-01
5.543000000000000000e+03 3.622250000000000192e-01
5.544000000000000000e+03 3.626949999999999896e-01
5.545000000000000000e+03 3.631659999999999888e-01
5.546000000000000000e+03 3.636360000000000148e-01
5.547000000000000000e+03 3.641070000000000140e-01
5.548000000000000000e+03 3.645769999999999844e-01
5.549000000000000000e+03 3.650470000000000104e-01
5.550000000000000000e+03 3.655189999999999828e-01
5.551000000000000000e+03 3.652039999999999731e-01
5.552000000000000000e+03 3.648890000000000189e-01
5.553000000000000000e+03 3.645740000000000092e-01
5.554000000000000000e+03 3.642589999999999995e-01
5.555000000000000000e+03 3.639430000000000165e-01
5.556000000000000000e+03 3.636289999999999800e-01
5.557000000000000000e+03 3.633140000000000258e-01
5.558000000000000000e+03 3.629979999999999873e-01
5.559000000000000000e+03 3.626820000000000044e-01
5.560000000000000000e+03 3.623649999999999927e-01
5.561000000000000000e+03 3.623899999999999899e-01
5.562000000000000000e+03 3.624149999999999872e-01
5.563000000000000000e+03 3.624399999999999844e-01
5.564000000000000000e+03 3.624640000000000084e-01
5.565000000000000000e+03 3.624890000000000057e-01
5.566000000000000000e+03 3.625129999999999741e-01
5.567000000000000000e+03 3.625380000000000269e-01
5.568000000000000000e+03 3.625619999999999954e-01
5.569000000000000000e+03 3.625860000000000194e-01
5.570000000000000000e+03 3.626110000000000166e-01
5.571000000000000000e+03 3.624689999999999857e-01
5.572000000000000000e+03 3.623270000000000102e-01
5.573000000000000000e+03 3.621849999999999792e-01
5.574000000000000000e+03 3.620430000000000037e-01
5.575000000000000000e+03 3.619009999999999727e-01
5.576000000000000000e+03 3.617600000000000260e-01
5.577000000000000000e+03 3.616179999999999950e-01
5.578000000000000000e+03 3.614760000000000195e-01
5.579000000000000000e+03 3.613330000000000153e-01
5.580000000000000000e+03 3.611900000000000110e-01
5.581000000000000000e+03 3.608399999999999941e-01
5.582000000000000000e+03 3.604879999999999751e-01
5.583000000000000000e+03 3.601380000000000137e-01
5.584000000000000000e+03 3.597870000000000235e-01
5.585000000000000000e+03 3.594350000000000045e-01
5.586000000000000000e+03 3.590840000000000143e-01
5.587000000000000000e+03 3.587319999999999953e-01
5.588000000000000000e+03 3.583799999999999764e-01
5.589000000000000000e+03 3.580280000000000129e-01
5.590000000000000000e+03 3.576770000000000227e-01
5.591000000000000000e+03 3.575530000000000097e-01
5.592000000000000000e+03 3.574300000000000255e-01
5.593000000000000000e+03 3.573069999999999857e-01
5.594000000000000000e+03 3.571840000000000015e-01
5.595000000000000000e+03 3.570610000000000173e-01
5.596000000000000000e+03 3.569370000000000043e-01
5.597000000000000000e+03 3.568140000000000200e-01
5.598000000000000000e+03 3.566900000000000071e-01
5.599000000000000000e+03 3.565659999999999941e-01
5.600000000000000000e+03 3.564419999999999811e-01
5.601000000000000000e+03 3.564160000000000106e-01
5.602000000000000000e+03 3.563890000000000113e-01
5.603000000000000000e+03 3.563620000000000121e-01
5.604000000000000000e+03 3.563350000000000128e-01
5.605000000000000000e+03 3.563089999999999868e-01
5.606000000000000000e+03 3.562810000000000143e-01
5.607000000000000000e+03 3.562549999999999883e-01
5.608000000000000000e+03 3.562270000000000159e-01
5.609000000000000000e+03 3.562000000000000166e-01
5.610000000000000000e+03 3.561719999999999886e-01
5.611000000000000000e+03 3.562009999999999899e-01
5.612000000000000000e+03 3.562310000000000199e-01
5.613000000000000000e+03 3.562589999999999923e-01
5.614000000000000000e+03 3.562879999999999936e-01
5.615000000000000000e+03 3.563169999999999948e-01
5.616000000000000000e+03 3.563459999999999961e-01
5.617000000000000000e+03 3.563729999999999953e-01
5.618000000000000000e+03 3.564030000000000253e-01
5.619000000000000000e+03 3.564309999999999978e-01
5.620000000000000000e+03 3.564599999999999991e-01
5.621000000000000000e+03 3.566860000000000031e-01
5.622000000000000000e+03 3.569140000000000090e-01
5.623000000000000000e+03 3.571400000000000130e-01
5.624000000000000000e+03 3.573680000000000190e-01
5.625000000000000000e+03 3.575949999999999962e-01
5.626000000000000000e+03 3.578230000000000022e-01
5.627000000000000000e+03 3.580499999999999794e-01
5.628000000000000000e+03 3.582770000000000121e-01
5.629000000000000000e+03 3.585050000000000181e-01
5.630000000000000000e+03 3.587319999999999953e-01
5.631000000000000000e+03 3.589640000000000053e-01
5.632000000000000000e+03 3.591969999999999885e-01
5.633000000000000000e+03 3.594289999999999985e-01
5.634000000000000000e+03 3.596610000000000085e-01
5.635000000000000000e+03 3.598939999999999917e-01
5.636000000000000000e+03 3.601269999999999749e-01
5.637000000000000000e+03 3.603589999999999849e-01
5.638000000000000000e+03 3.605920000000000236e-01
5.639000000000000000e+03 3.608239999999999781e-01
5.640000000000000000e+03 3.610570000000000168e-01
5.641000000000000000e+03 3.611190000000000233e-01
5.642000000000000000e+03 3.611820000000000030e-01
5.643000000000000000e+03 3.612460000000000115e-01
5.644000000000000000e+03 3.613089999999999913e-01
5.645000000000000000e+03 3.613720000000000265e-01
5.646000000000000000e+03 3.614350000000000063e-01
5.647000000000000000e+03 3.614970000000000128e-01
5.648000000000000000e+03 3.615599999999999925e-01
5.649000000000000000e+03 3.616230000000000278e-01
5.650000000000000000e+03 3.616869999999999807e-01
5.651000000000000000e+03 3.619970000000000132e-01
5.652000000000000000e+03 3.623080000000000189e-01
5.653000000000000000e+03 3.626190000000000246e-01
5.654000000000000000e+03 3.629299999999999748e-01
5.655000000000000000e+03 3.632409999999999806e-01
5.656000000000000000e+03 3.635519999999999863e-01
5.657000000000000000e+03 3.638629999999999920e-01
5.658000000000000000e+03 3.641739999999999977e-01
5.659000000000000000e+03 3.644859999999999767e-01
5.660000000000000000e+03 3.647980000000000111e-01
5.661000000000000000e+03 3.648819999999999841e-01
5.662000000000000000e+03 3.649669999999999859e-01
5.663000000000000000e+03 3.650530000000000164e-01
5.664000000000000000e+03 3.651380000000000181e-01
5.665000000000000000e+03 3.652239999999999931e-01
5.666000000000000000e+03 3.653089999999999948e-01
5.667000000000000000e+03 3.653939999999999966e-01
5.668000000000000000e+03 3.654789999999999983e-01
5.669000000000000000e+03 3.655649999999999733e-01
5.670000000000000000e+03 3.656499999999999750e-01
5.671000000000000000e+03 3.655599999999999961e-01
5.672000000000000000e+03 3.654700000000000171e-01
5.673000000000000000e+03 3.653810000000000113e-01
5.674000000000000000e+03 3.652909999999999768e-01
5.675000000000000000e+03 3.652020000000000266e-01
5.676000000000000000e+03 3.651110000000000189e-01
5.677000000000000000e+03 3.650220000000000131e-01
5.678000000000000000e+03 3.649319999999999786e-01
5.679000000000000000e+03 3.648429999999999729e-01
5.680000000000000000e+03 3.647529999999999939e-01
5.681000000000000000e+03 3.643649999999999944e-01
5.682000000000000000e+03 3.639760000000000217e-01
5.683000000000000000e+03 3.635880000000000223e-01
5.684000000000000000e+03 3.632000000000000228e-01
5.685000000000000000e+03 3.628109999999999946e-01
5.686000000000000000e+03 3.624209999999999932e-01
5.687000000000000000e+03 3.620329999999999937e-01
5.688000000000000000e+03 3.616440000000000210e-01
5.689000000000000000e+03 3.612540000000000195e-01
5.690000000000000000e+03 3.608649999999999913e-01
5.691000000000000000e+03 3.605840000000000156e-01
5.692000000000000000e+03 3.603020000000000111e-01
5.693000000000000000e+03 3.600209999999999799e-01
5.694000000000000000e+03 3.597389999999999755e-01
5.695000000000000000e+03 3.594579999999999997e-01
5.696000000000000000e+03 3.591759999999999953e-01
5.697000000000000000e+03 3.588939999999999908e-01
5.698000000000000000e+03 3.586130000000000151e-01
5.699000000000000000e+03 3.583299999999999819e-01
5.700000000000000000e+03 3.580490000000000061e-01
5.701000000000000000e+03 3.577020000000000199e-01
5.702000000000000000e+03 3.573540000000000050e-01
5.703000000000000000e+03 3.570070000000000188e-01
5.704000000000000000e+03 3.566590000000000038e-01
5.705000000000000000e+03 3.563109999999999888e-01
5.706000000000000000e+03 3.559629999999999739e-01
5.707000000000000000e+03 3.556159999999999877e-01
5.708000000000000000e+03 3.552669999999999995e-01
5.709000000000000000e+03 3.549189999999999845e-01
5.710000000000000000e+03 3.545710000000000250e-01
5.711000000000000000e+03 3.547330000000000205e-01
5.712000000000000000e+03 3.548939999999999872e-01
5.713000000000000000e+03 3.550559999999999827e-01
5.714000000000000000e+03 3.552170000000000050e-01
5.715000000000000000e+03 3.553799999999999737e-01
5.716000000000000000e+03 3.555429999999999979e-01
5.717000000000000000e+03 3.557049999999999934e-01
5.718000000000000000e+03 3.558669999999999889e-01
5.719000000000000000e+03 3.560300000000000131e-01
5.720000000000000000e+03 3.561929999999999819e-01
5.721000000000000000e+03 3.561389999999999834e-01
5.722000000000000000e+03 3.560880000000000156e-01
5.723000000000000000e+03 3.560340000000000171e-01
5.724000000000000000e+03 3.559809999999999919e-01
5.725000000000000000e+03 3.559280000000000221e-01
5.726000000000000000e+03 3.558760000000000256e-01
5.727000000000000000e+03 3.558230000000000004e-01
5.728000000000000000e+03 3.557719999999999771e-01
5.729000000000000000e+03 3.557190000000000074e-01
5.730000000000000000e+03 3.556670000000000109e-01
5.731000000000000000e+03 3.559990000000000099e-01
5.732000000000000000e+03 3.563310000000000088e-01
5.733000000000000000e+03 3.566639999999999810e-01
5.734000000000000000e+03 3.569959999999999800e-01
5.735000000000000000e+03 3.573290000000000077e-01
5.736000000000000000e+03 3.576619999999999799e-01
5.737000000000000000e+03 3.579950000000000077e-01
5.738000000000000000e+03 3.583290000000000086e-01
5.739000000000000000e+03 3.586619999999999808e-01
5.740000000000000000e+03 3.589959999999999818e-01
5.741000000000000000e+03 3.590909999999999935e-01
5.742000000000000000e+03 3.591880000000000073e-01
5.743000000000000000e+03 3.592830000000000190e-01
5.744000000000000000e+03 3.593790000000000040e-01
5.745000000000000000e+03 3.594749999999999890e-01
5.746000000000000000e+03 3.595709999999999740e-01
5.747000000000000000e+03 3.596670000000000145e-01
5.748000000000000000e+03 3.597639999999999727e-01
5.749000000000000000e+03 3.598600000000000132e-01
5.750000000000000000e+03 3.599559999999999982e-01
5.751000000000000000e+03 3.595010000000000150e-01
5.752000000000000000e+03 3.590470000000000050e-01
5.753000000000000000e+03 3.585900000000000198e-01
5.754000000000000000e+03 3.581340000000000079e-01
5.755000000000000000e+03 3.576790000000000247e-01
5.756000000000000000e+03 3.572230000000000127e-01
5.757000000000000000e+03 3.567670000000000008e-01
5.758000000000000000e+03 3.563100000000000156e-01
5.759000000000000000e+03 3.558540000000000036e-01
5.760000000000000000e+03 3.553979999999999917e-01
5.761000000000000000e+03 3.543700000000000183e-01
5.762000000000000000e+03 3.533430000000000182e-01
5.763000000000000000e+03 3.523160000000000180e-01
5.764000000000000000e+03 3.512879999999999892e-01
5.765000000000000000e+03 3.502609999999999890e-01
5.766000000000000000e+03 3.492330000000000156e-01
5.767000000000000000e+03 3.482069999999999887e-01
5.768000000000000000e+03 3.471799999999999886e-01
5.769000000000000000e+03 3.461529999999999885e-01
5.770000000000000000e+03 3.451259999999999883e-01
5.771000000000000000e+03 3.441580000000000195e-01
5.772000000000000000e+03 3.431890000000000218e-01
5.773000000000000000e+03 3.422200000000000242e-01
5.774000000000000000e+03 3.412510000000000265e-01
5.775000000000000000e+03 3.402810000000000001e-01
5.776000000000000000e+03 3.393109999999999737e-01
5.777000000000000000e+03 3.383399999999999741e-01
5.778000000000000000e+03 3.373700000000000032e-01
5.779000000000000000e+03 3.363990000000000036e-01
5.780000000000000000e+03 3.354269999999999752e-01
5.781000000000000000e+03 3.348400000000000265e-01
5.782000000000000000e+03 3.342519999999999936e-01
5.783000000000000000e+03 3.336649999999999894e-01
5.784000000000000000e+03 3.330770000000000119e-01
5.785000000000000000e+03 3.324900000000000078e-01
5.786000000000000000e+03 3.319030000000000036e-01
5.787000000000000000e+03 3.313150000000000261e-01
5.788000000000000000e+03 3.307269999999999932e-01
5.789000000000000000e+03 3.301399999999999890e-01
5.790000000000000000e+03 3.295520000000000116e-01
5.791000000000000000e+03 3.294250000000000234e-01
5.792000000000000000e+03 3.292990000000000084e-01
5.793000000000000000e+03 3.291720000000000201e-01
5.794000000000000000e+03 3.290460000000000051e-01
5.795000000000000000e+03 3.289190000000000169e-01
5.796000000000000000e+03 3.287919999999999732e-01
5.797000000000000000e+03 3.286660000000000137e-01
5.798000000000000000e+03 3.285399999999999987e-01
5.799000000000000000e+03 3.284130000000000105e-01
5.800000000000000000e+03 3.282869999999999955e-01
5.801000000000000000e+03 3.286769999999999969e-01
5.802000000000000000e+03 3.290669999999999984e-01
5.803000000000000000e+03 3.294569999999999999e-01
5.804000000000000000e+03 3.298470000000000013e-01
5.805000000000000000e+03 3.302379999999999760e-01
5.806000000000000000e+03 3.306279999999999775e-01
5.807000000000000000e+03 3.310190000000000077e-01
5.808000000000000000e+03 3.314099999999999824e-01
5.809000000000000000e+03 3.318010000000000126e-01
5.810000000000000000e+03 3.321919999999999873e-01
5.811000000000000000e+03 3.326640000000000152e-01
5.812000000000000000e+03 3.331370000000000164e-01
5.813000000000000000e+03 3.336100000000000176e-01
5.814000000000000000e+03 3.340819999999999901e-01
5.815000000000000000e+03 3.345560000000000200e-01
5.816000000000000000e+03 3.350299999999999945e-01
5.817000000000000000e+03 3.355040000000000244e-01
5.818000000000000000e+03 3.359779999999999989e-01
5.819000000000000000e+03 3.364519999999999733e-01
5.820000000000000000e+03 3.369280000000000053e-01
5.821000000000000000e+03 3.366439999999999988e-01
5.822000000000000000e+03 3.363610000000000211e-01
5.823000000000000000e+03 3.360770000000000146e-01
5.824000000000000000e+03 3.357939999999999814e-01
5.825000000000000000e+03 3.355110000000000037e-01
5.826000000000000000e+03 3.352269999999999972e-01
5.827000000000000000e+03 3.349440000000000195e-01
5.828000000000000000e+03 3.346600000000000130e-01
5.829000000000000000e+03 3.343769999999999798e-01
5.830000000000000000e+03 3.340940000000000021e-01
5.831000000000000000e+03 3.305950000000000277e-01
5.832000000000000000e+03 3.270959999999999979e-01
5.833000000000000000e+03 3.235959999999999948e-01
5.834000000000000000e+03 3.200970000000000204e-01
5.835000000000000000e+03 3.165959999999999885e-01
5.836000000000000000e+03 3.130959999999999854e-01
5.837000000000000000e+03 3.095939999999999803e-01
5.838000000000000000e+03 3.060930000000000040e-01
5.839000000000000000e+03 3.025909999999999989e-01
5.840000000000000000e+03 2.990889999999999938e-01
5.841000000000000000e+03 2.921300000000000008e-01
5.842000000000000000e+03 2.851699999999999791e-01
5.843000000000000000e+03 2.782089999999999841e-01
5.844000000000000000e+03 2.712450000000000139e-01
5.845000000000000000e+03 2.642809999999999881e-01
5.846000000000000000e+03 2.573139999999999872e-01
5.847000000000000000e+03 2.503460000000000130e-01
5.848000000000000000e+03 2.433760000000000090e-01
5.849000000000000000e+03 2.364050000000000040e-01
5.850000000000000000e+03 2.294309999999999961e-01
5.851000000000000000e+03 2.212749999999999995e-01
5.852000000000000000e+03 2.131180000000000019e-01
5.853000000000000000e+03 2.049600000000000033e-01
5.854000000000000000e+03 1.968020000000000047e-01
5.855000000000000000e+03 1.886410000000000031e-01
5.856000000000000000e+03 1.804810000000000025e-01
5.857000000000000000e+03 1.723190000000000000e-01
5.858000000000000000e+03 1.641569999999999974e-01
5.859000000000000000e+03 1.559929999999999928e-01
5.860000000000000000e+03 1.478289999999999882e-01
5.861000000000000000e+03 1.416739999999999944e-01
5.862000000000000000e+03 1.355169999999999986e-01
5.863000000000000000e+03 1.293569999999999998e-01
5.864000000000000000e+03 1.231949999999999990e-01
5.865000000000000000e+03 1.170299999999999951e-01
5.866000000000000000e+03 1.108630000000000032e-01
5.867000000000000000e+03 1.046929999999999944e-01
5.868000000000000000e+03 9.852099999999999747e-02
5.869000000000000000e+03 9.234620000000000328e-02
5.870000000000000000e+03 8.616899999999999560e-02
5.871000000000000000e+03 8.239789999999999615e-02
5.872000000000000000e+03 7.862629999999999619e-02
5.873000000000000000e+03 7.485440000000000149e-02
5.874000000000000000e+03 7.108209999999999529e-02
5.875000000000000000e+03 6.730930000000000246e-02
5.876000000000000000e+03 6.353630000000000388e-02
5.877000000000000000e+03 5.976270000000000193e-02
5.878000000000000000e+03 5.598870000000000235e-02
5.879000000000000000e+03 5.221429999999999821e-02
5.880000000000000000e+03 4.843940000000000051e-02
5.881000000000000000e+03 4.631620000000000181e-02
5.882000000000000000e+03 4.419229999999999686e-02
5.883000000000000000e+03 4.206759999999999666e-02
5.884000000000000000e+03 3.994219999999999715e-02
5.885000000000000000e+03 3.781609999999999833e-02
5.886000000000000000e+03 3.568930000000000019e-02
5.887000000000000000e+03 3.356169999999999987e-02
5.888000000000000000e+03 3.143340000000000023e-02
5.889000000000000000e+03 2.930429999999999841e-02
5.890000000000000000e+03 2.717450000000000074e-02
5.891000000000000000e+03 2.603940000000000074e-02
5.892000000000000000e+03 2.490380000000000024e-02
5.893000000000000000e+03 2.376769999999999924e-02
5.894000000000000000e+03 2.263110000000000122e-02
5.895000000000000000e+03 2.149409999999999862e-02
5.896000000000000000e+03 2.035649999999999959e-02
5.897000000000000000e+03 1.921849999999999947e-02
5.898000000000000000e+03 1.807989999999999944e-02
5.899000000000000000e+03 1.694089999999999832e-02
5.900000000000000000e+03 1.580140000000000017e-02
5.901000000000000000e+03 1.517650000000000075e-02
5.902000000000000000e+03 1.455129999999999965e-02
5.903000000000000000e+03 1.392619999999999969e-02
5.904000000000000000e+03 1.330079999999999978e-02
5.905000000000000000e+03 1.267530000000000046e-02
5.906000000000000000e+03 1.204969999999999999e-02
5.907000000000000000e+03 1.142400000000000013e-02
5.908000000000000000e+03 1.079809999999999971e-02
5.909000000000000000e+03 1.017209999999999989e-02
5.910000000000000000e+03 9.545949999999999228e-03
5.911000000000000000e+03 9.194930000000000464e-03
5.912000000000000000e+03 8.843880000000000144e-03
5.913000000000000000e+03 8.492750000000000299e-03
5.914000000000000000e+03 8.141590000000000632e-03
5.915000000000000000e+03 7.790400000000000276e-03
5.916000000000000000e+03 7.439140000000000336e-03
5.917000000000000000e+03 7.087839999999999765e-03
5.918000000000000000e+03 6.736490000000000360e-03
5.919000000000000000e+03 6.385090000000000383e-03
5.920000000000000000e+03 6.033639999999999837e-03
5.921000000000000000e+03 5.796970000000000248e-03
5.922000000000000000e+03 5.560189999999999577e-03
5.923000000000000000e+03 5.323320000000000309e-03
5.924000000000000000e+03 5.086320000000000077e-03
5.925000000000000000e+03 4.849240000000000321e-03
5.926000000000000000e+03 4.612029999999999602e-03
5.927000000000000000e+03 4.374730000000000285e-03
5.928000000000000000e+03 4.137309999999999946e-03
5.929000000000000000e+03 3.899790000000000201e-03
5.930000000000000000e+03 3.662170000000000182e-03
5.931000000000000000e+03 3.540109999999999958e-03
5.932000000000000000e+03 3.418019999999999912e-03
5.933000000000000000e+03 3.295890000000000104e-03
5.934000000000000000e+03 3.173720000000000100e-03
5.935000000000000000e+03 3.051519999999999840e-03
5.936000000000000000e+03 2.929269999999999877e-03
5.937000000000000000e+03 2.806980000000000152e-03
5.938000000000000000e+03 2.684660000000000171e-03
5.939000000000000000e+03 2.562280000000000113e-03
5.940000000000000000e+03 2.439880000000000174e-03
5.941000000000000000e+03 2.381110000000000084e-03
5.942000000000000000e+03 2.322339999999999995e-03
5.943000000000000000e+03 2.263540000000000083e-03
5.944000000000000000e+03 2.204740000000000172e-03
5.945000000000000000e+03 2.145910000000000005e-03
5.946000000000000000e+03 2.087069999999999897e-03
5.947000000000000000e+03 2.028209999999999909e-03
5.948000000000000000e+03 1.969330000000000039e-03
5.949000000000000000e+03 1.910440000000000011e-03
5.950000000000000000e+03 1.851540000000000043e-03
5.951000000000000000e+03 1.792689999999999995e-03
5.952000000000000000e+03 1.733820000000000066e-03
5.953000000000000000e+03 1.674920000000000098e-03
5.954000000000000000e+03 1.616009999999999973e-03
5.955000000000000000e+03 1.557079999999999966e-03
5.956000000000000000e+03 1.498119999999999920e-03
5.957000000000000000e+03 1.439139999999999994e-03
5.958000000000000000e+03 1.380139999999999969e-03
5.959000000000000000e+03 1.321120000000000063e-03
5.960000000000000000e+03 1.262080000000000059e-03
5.961000000000000000e+03 1.239899999999999943e-03
5.962000000000000000e+03 1.217720000000000044e-03
5.963000000000000000e+03 1.195520000000000046e-03
5.964000000000000000e+03 1.173310000000000108e-03
5.965000000000000000e+03 1.151090000000000012e-03
5.966000000000000000e+03 1.128859999999999976e-03
5.967000000000000000e+03 1.106619999999999999e-03
5.968000000000000000e+03 1.084370000000000082e-03
5.969000000000000000e+03 1.062100000000000067e-03
5.970000000000000000e+03 1.039830000000000051e-03
5.971000000000000000e+03 1.017440000000000098e-03
5.972000000000000000e+03 9.950479999999998961e-04
5.973000000000000000e+03 9.726459999999999707e-04
5.974000000000000000e+03 9.502399999999999822e-04
5.975000000000000000e+03 9.278249999999999605e-04
5.976000000000000000e+03 9.054030000000000454e-04
5.977000000000000000e+03 8.829740000000000201e-04
5.978000000000000000e+03 8.605379999999999930e-04
5.979000000000000000e+03 8.380969999999999956e-04
5.980000000000000000e+03 8.156469999999999649e-04
5.981000000000000000e+03 7.931550000000000319e-04
5.982000000000000000e+03 7.706600000000000516e-04
5.983000000000000000e+03 7.481579999999999611e-04
5.984000000000000000e+03 7.256520000000000244e-04
5.985000000000000000e+03 7.031389999999999776e-04
5.986000000000000000e+03 6.806209999999999604e-04
5.987000000000000000e+03 6.580989999999999887e-04
5.988000000000000000e+03 6.355729999999999540e-04
5.989000000000000000e+03 6.130390000000000101e-04
5.990000000000000000e+03 5.905020000000000191e-04
5.991000000000000000e+03 5.679910000000000037e-04
5.992000000000000000e+03 5.454719999999999708e-04
5.993000000000000000e+03 5.229460000000000445e-04
5.994000000000000000e+03 5.004109999999999765e-04
5.995000000000000000e+03 4.778709999999999924e-04
5.996000000000000000e+03 4.553210000000000135e-04
5.997000000000000000e+03 4.327639999999999786e-04
5.998000000000000000e+03 4.101999999999999960e-04
5.999000000000000000e+03 3.876269999999999803e-04
6.000000000000000000e+03 3.650479999999999784e-04
6.001000000000000000e+03 3.593900000000000133e-04
6.002000000000000000e+03 3.537300000000000166e-04
6.003000000000000000e+03 3.480690000000000043e-04
6.004000000000000000e+03 3.424060000000000146e-04
6.005000000000000000e+03 3.367399999999999777e-04
6.006000000000000000e+03 3.310729999999999793e-04
6.007000000000000000e+03 3.254050000000000193e-04
6.008000000000000000e+03 3.197340000000000121e-04
6.009000000000000000e+03 3.140609999999999734e-04
6.010000000000000000e+03 3.083879999999999890e-04
6.011000000000000000e+03 3.026920000000000218e-04
6.012000000000000000e+03 2.969940000000000232e-04
6.013000000000000000e+03 2.912969999999999861e-04
6.014000000000000000e+03 2.855980000000000259e-04
6.015000000000000000e+03 2.798979999999999958e-04
6.016000000000000000e+03 2.741970000000000041e-04
6.017000000000000000e+03 2.684949999999999967e-04
6.018000000000000000e+03 2.627919999999999735e-04
6.019000000000000000e+03 2.570869999999999731e-04
6.020000000000000000e+03 2.513820000000000269e-04
6.021000000000000000e+03 2.457000000000000091e-04
6.022000000000000000e+03 2.400159999999999870e-04
6.023000000000000000e+03 2.343289999999999989e-04
6.024000000000000000e+03 2.286400000000000064e-04
6.025000000000000000e+03 2.229490000000000096e-04
6.026000000000000000e+03 2.172560000000000084e-04
6.027000000000000000e+03 2.115610000000000027e-04
6.028000000000000000e+03 2.058639999999999927e-04
6.029000000000000000e+03 2.001639999999999897e-04
6.030000000000000000e+03 1.944629999999999981e-04
6.031000000000000000e+03 1.887699999999999968e-04
6.032000000000000000e+03 1.830760000000000070e-04
6.033000000000000000e+03 1.773780000000000083e-04
6.034000000000000000e+03 1.716780000000000053e-04
6.035000000000000000e+03 1.659739999999999935e-04
6.036000000000000000e+03 1.602680000000000044e-04
6.037000000000000000e+03 1.545589999999999952e-04
6.038000000000000000e+03 1.488460000000000043e-04
6.039000000000000000e+03 1.431310000000000091e-04
6.040000000000000000e+03 1.374129999999999937e-04
6.041000000000000000e+03 1.356220000000000103e-04
6.042000000000000000e+03 1.338309999999999999e-04
6.043000000000000000e+03 1.320399999999999894e-04
6.044000000000000000e+03 1.302479999999999903e-04
6.045000000000000000e+03 1.284550000000000026e-04
6.046000000000000000e+03 1.266630000000000035e-04
6.047000000000000000e+03 1.248699999999999886e-04
6.048000000000000000e+03 1.230770000000000009e-04
6.049000000000000000e+03 1.212829999999999974e-04
6.050000000000000000e+03 1.194889999999999939e-04
6.051000000000000000e+03 1.177010000000000035e-04
6.052000000000000000e+03 1.159129999999999996e-04
6.053000000000000000e+03 1.141239999999999936e-04
6.054000000000000000e+03 1.123350000000000010e-04
6.055000000000000000e+03 1.105450000000000063e-04
6.056000000000000000e+03 1.087539999999999959e-04
6.057000000000000000e+03 1.069629999999999989e-04
6.058000000000000000e+03 1.051720000000000020e-04
6.059000000000000000e+03 1.033800000000000029e-04
6.060000000000000000e+03 1.015870000000000016e-04
6.061000000000000000e+03 9.979589999999999772e-05
6.062000000000000000e+03 9.800389999999999861e-05
6.063000000000000000e+03 9.621189999999999951e-05
6.064000000000000000e+03 9.441880000000000476e-05
6.065000000000000000e+03 9.262529999999999559e-05
6.066000000000000000e+03 9.083119999999999866e-05
6.067000000000000000e+03 8.903629999999999997e-05
6.068000000000000000e+03 8.724120000000000084e-05
6.069000000000000000e+03 8.544509999999999952e-05
6.070000000000000000e+03 8.364859999999999733e-05
6.071000000000000000e+03 8.184660000000000340e-05
6.072000000000000000e+03 8.004419999999999504e-05
6.073000000000000000e+03 7.824150000000000636e-05
6.074000000000000000e+03 7.643820000000000280e-05
6.075000000000000000e+03 7.463489999999999925e-05
