# F555W
4.467000000000000000e+03 7.640869999999999910e-05
4.468000000000000000e+03 7.814440000000000351e-05
4.469000000000000000e+03 7.988040000000000179e-05
4.470000000000000000e+03 8.161660000000000052e-05
4.471000000000000000e+03 8.334439999999999438e-05
4.472000000000000000e+03 8.507180000000000091e-05
4.473000000000000000e+03 8.679910000000000045e-05
4.474000000000000000e+03 8.852639999999999999e-05
4.475000000000000000e+03 9.025349999999999909e-05
4.476000000000000000e+03 9.198039999999999775e-05
4.477000000000000000e+03 9.370709999999999598e-05
4.478000000000000000e+03 9.543370000000000076e-05
4.479000000000000000e+03 9.715999999999999810e-05
4.480000000000000000e+03 9.888629999999999545e-05
4.481000000000000000e+03 1.060800000000000008e-04
4.482000000000000000e+03 1.132729999999999978e-04
4.483000000000000000e+03 1.204640000000000040e-04
4.484000000000000000e+03 1.276530000000000058e-04
4.485000000000000000e+03 1.348409999999999919e-04
4.486000000000000000e+03 1.420270000000000007e-04
4.487000000000000000e+03 1.492119999999999937e-04
4.488000000000000000e+03 1.563950000000000095e-04
4.489000000000000000e+03 1.635759999999999938e-04
4.490000000000000000e+03 1.707570000000000051e-04
4.491000000000000000e+03 1.779510000000000044e-04
4.492000000000000000e+03 1.851450000000000036e-04
4.493000000000000000e+03 1.923379999999999871e-04
4.494000000000000000e+03 1.995320000000000134e-04
4.495000000000000000e+03 2.067240000000000082e-04
4.496000000000000000e+03 2.139169999999999917e-04
4.497000000000000000e+03 2.211089999999999865e-04
4.498000000000000000e+03 2.283010000000000085e-04
4.499000000000000000e+03 2.354930000000000033e-04
4.500000000000000000e+03 2.426840000000000095e-04
4.501000000000000000e+03 2.498539999999999832e-04
4.502000000000000000e+03 2.570219999999999796e-04
4.503000000000000000e+03 2.641890000000000145e-04
4.504000000000000000e+03 2.713530000000000022e-04
4.505000000000000000e+03 2.785169999999999898e-04
4.506000000000000000e+03 2.856779999999999845e-04
4.507000000000000000e+03 2.928389999999999791e-04
4.508000000000000000e+03 2.999969999999999807e-04
4.509000000000000000e+03 3.071540000000000208e-04
4.510000000000000000e+03 3.143099999999999909e-04
4.511000000000000000e+03 3.214739999999999785e-04
4.512000000000000000e+03 3.286359999999999889e-04
4.513000000000000000e+03 3.357969999999999835e-04
4.514000000000000000e+03 3.429579999999999781e-04
4.515000000000000000e+03 3.501169999999999955e-04
4.516000000000000000e+03 3.572749999999999971e-04
4.517000000000000000e+03 3.644319999999999829e-04
4.518000000000000000e+03 3.715869999999999915e-04
4.519000000000000000e+03 3.787409999999999844e-04
4.520000000000000000e+03 3.858940000000000157e-04
4.521000000000000000e+03 4.106170000000000024e-04
4.522000000000000000e+03 4.353420000000000206e-04
4.523000000000000000e+03 4.600680000000000004e-04
4.524000000000000000e+03 4.847949999999999959e-04
4.525000000000000000e+03 5.095230000000000072e-04
4.526000000000000000e+03 5.342520000000000342e-04
4.527000000000000000e+03 5.589819999999999685e-04
4.528000000000000000e+03 5.837130000000000270e-04
4.529000000000000000e+03 6.084439999999999770e-04
4.530000000000000000e+03 6.331779999999999744e-04
4.531000000000000000e+03 6.578320000000000131e-04
4.532000000000000000e+03 6.824799999999999573e-04
4.533000000000000000e+03 7.071230000000000397e-04
4.534000000000000000e+03 7.317610000000000434e-04
4.535000000000000000e+03 7.563939999999999683e-04
4.536000000000000000e+03 7.810230000000000471e-04
4.537000000000000000e+03 8.056460000000000314e-04
4.538000000000000000e+03 8.302620000000000139e-04
4.539000000000000000e+03 8.548749999999999492e-04
4.540000000000000000e+03 8.794840000000000383e-04
4.541000000000000000e+03 9.041299999999999511e-04
4.542000000000000000e+03 9.287790000000000195e-04
4.543000000000000000e+03 9.534240000000000249e-04
4.544000000000000000e+03 9.780640000000000601e-04
4.545000000000000000e+03 1.002700000000000032e-03
4.546000000000000000e+03 1.027340000000000067e-03
4.547000000000000000e+03 1.051969999999999945e-03
4.548000000000000000e+03 1.076600000000000040e-03
4.549000000000000000e+03 1.101229999999999917e-03
4.550000000000000000e+03 1.125850000000000071e-03
4.551000000000000000e+03 1.150339999999999913e-03
4.552000000000000000e+03 1.174820000000000031e-03
4.553000000000000000e+03 1.199289999999999991e-03
4.554000000000000000e+03 1.223759999999999952e-03
4.555000000000000000e+03 1.248210000000000031e-03
4.556000000000000000e+03 1.272659999999999894e-03
4.557000000000000000e+03 1.297100000000000032e-03
4.558000000000000000e+03 1.321530000000000014e-03
4.559000000000000000e+03 1.345950000000000054e-03
4.560000000000000000e+03 1.370359999999999938e-03
4.561000000000000000e+03 1.493210000000000023e-03
4.562000000000000000e+03 1.616059999999999892e-03
4.563000000000000000e+03 1.738909999999999978e-03
4.564000000000000000e+03 1.861749999999999907e-03
4.565000000000000000e+03 1.984599999999999993e-03
4.566000000000000000e+03 2.107439999999999921e-03
4.567000000000000000e+03 2.230289999999999790e-03
4.568000000000000000e+03 2.353130000000000152e-03
4.569000000000000000e+03 2.475970000000000081e-03
4.570000000000000000e+03 2.598810000000000009e-03
4.571000000000000000e+03 2.721359999999999925e-03
4.572000000000000000e+03 2.843870000000000078e-03
4.573000000000000000e+03 2.966359999999999917e-03
4.574000000000000000e+03 3.088829999999999874e-03
4.575000000000000000e+03 3.211250000000000129e-03
4.576000000000000000e+03 3.333660000000000009e-03
4.577000000000000000e+03 3.456040000000000067e-03
4.578000000000000000e+03 3.578389999999999870e-03
4.579000000000000000e+03 3.700709999999999850e-03
4.580000000000000000e+03 3.823000000000000009e-03
4.581000000000000000e+03 3.954970000000000360e-03
4.582000000000000000e+03 4.086910000000000022e-03
4.583000000000000000e+03 4.218809999999999921e-03
4.584000000000000000e+03 4.350679999999999999e-03
4.585000000000000000e+03 4.482510000000000314e-03
4.586000000000000000e+03 4.614309999999999939e-03
4.587000000000000000e+03 4.746069999999999803e-03
4.588000000000000000e+03 4.877789999999999904e-03
4.589000000000000000e+03 5.009490000000000123e-03
4.590000000000000000e+03 5.141139999999999773e-03
4.591000000000000000e+03 5.308509999999999791e-03
4.592000000000000000e+03 5.475869999999999869e-03
4.593000000000000000e+03 5.643249999999999829e-03
4.594000000000000000e+03 5.810599999999999966e-03
4.595000000000000000e+03 5.977979999999999926e-03
4.596000000000000000e+03 6.145330000000000063e-03
4.597000000000000000e+03 6.312680000000000201e-03
4.598000000000000000e+03 6.480040000000000279e-03
4.599000000000000000e+03 6.647390000000000417e-03
4.600000000000000000e+03 6.814739999999999687e-03
4.601000000000000000e+03 7.045410000000000214e-03
4.602000000000000000e+03 7.276050000000000052e-03
4.603000000000000000e+03 7.506650000000000128e-03
4.604000000000000000e+03 7.737199999999999633e-03
4.605000000000000000e+03 7.967739999999999198e-03
4.606000000000000000e+03 8.198230000000000794e-03
4.607000000000000000e+03 8.428679999999999159e-03
4.608000000000000000e+03 8.659129999999999258e-03
4.609000000000000000e+03 8.889519999999999714e-03
4.610000000000000000e+03 9.119910000000000169e-03
4.611000000000000000e+03 9.409350000000000352e-03
4.612000000000000000e+03 9.698709999999999276e-03
4.613000000000000000e+03 9.987980000000000469e-03
4.614000000000000000e+03 1.027720000000000022e-02
4.615000000000000000e+03 1.056630000000000069e-02
4.616000000000000000e+03 1.085539999999999942e-02
4.617000000000000000e+03 1.114429999999999935e-02
4.618000000000000000e+03 1.143319999999999927e-02
4.619000000000000000e+03 1.172199999999999978e-02
4.620000000000000000e+03 1.201069999999999915e-02
4.621000000000000000e+03 1.239260000000000014e-02
4.622000000000000000e+03 1.277439999999999999e-02
4.623000000000000000e+03 1.315629999999999925e-02
4.624000000000000000e+03 1.353820000000000023e-02
4.625000000000000000e+03 1.392000000000000008e-02
4.626000000000000000e+03 1.430189999999999934e-02
4.627000000000000000e+03 1.468369999999999918e-02
4.628000000000000000e+03 1.506560000000000017e-02
4.629000000000000000e+03 1.544749999999999943e-02
4.630000000000000000e+03 1.582940000000000041e-02
4.631000000000000000e+03 1.630080000000000071e-02
4.632000000000000000e+03 1.677220000000000100e-02
4.633000000000000000e+03 1.724339999999999901e-02
4.634000000000000000e+03 1.771460000000000048e-02
4.635000000000000000e+03 1.818569999999999909e-02
4.636000000000000000e+03 1.865659999999999888e-02
4.637000000000000000e+03 1.912739999999999926e-02
4.638000000000000000e+03 1.959819999999999965e-02
4.639000000000000000e+03 2.006880000000000122e-02
4.640000000000000000e+03 2.053929999999999992e-02
4.641000000000000000e+03 2.113780000000000173e-02
4.642000000000000000e+03 2.173620000000000066e-02
4.643000000000000000e+03 2.233450000000000019e-02
4.644000000000000000e+03 2.293270000000000031e-02
4.645000000000000000e+03 2.353090000000000043e-02
4.646000000000000000e+03 2.412900000000000114e-02
4.647000000000000000e+03 2.472699999999999898e-02
4.648000000000000000e+03 2.532490000000000088e-02
4.649000000000000000e+03 2.592269999999999991e-02
4.650000000000000000e+03 2.652049999999999894e-02
4.651000000000000000e+03 2.725750000000000048e-02
4.652000000000000000e+03 2.799460000000000143e-02
4.653000000000000000e+03 2.873150000000000009e-02
4.654000000000000000e+03 2.946829999999999936e-02
4.655000000000000000e+03 3.020509999999999862e-02
4.656000000000000000e+03 3.094169999999999907e-02
4.657000000000000000e+03 3.167840000000000239e-02
4.658000000000000000e+03 3.241490000000000343e-02
4.659000000000000000e+03 3.315139999999999754e-02
4.660000000000000000e+03 3.388769999999999977e-02
4.661000000000000000e+03 3.474399999999999711e-02
4.662000000000000000e+03 3.560019999999999851e-02
4.663000000000000000e+03 3.645639999999999992e-02
4.664000000000000000e+03 3.731249999999999845e-02
4.665000000000000000e+03 3.816859999999999697e-02
4.666000000000000000e+03 3.902470000000000244e-02
4.667000000000000000e+03 3.988069999999999810e-02
4.668000000000000000e+03 4.073659999999999781e-02
4.669000000000000000e+03 4.159249999999999753e-02
4.670000000000000000e+03 4.244839999999999725e-02
4.671000000000000000e+03 4.339810000000000195e-02
4.672000000000000000e+03 4.434760000000000091e-02
4.673000000000000000e+03 4.529709999999999986e-02
4.674000000000000000e+03 4.624640000000000001e-02
4.675000000000000000e+03 4.719570000000000015e-02
4.676000000000000000e+03 4.814489999999999742e-02
4.677000000000000000e+03 4.909379999999999994e-02
4.678000000000000000e+03 5.004279999999999839e-02
4.679000000000000000e+03 5.099150000000000210e-02
4.680000000000000000e+03 5.194030000000000175e-02
4.681000000000000000e+03 5.304810000000000081e-02
4.682000000000000000e+03 5.415589999999999987e-02
4.683000000000000000e+03 5.526369999999999894e-02
4.684000000000000000e+03 5.637110000000000037e-02
4.685000000000000000e+03 5.747859999999999775e-02
4.686000000000000000e+03 5.858590000000000325e-02
4.687000000000000000e+03 5.969320000000000181e-02
4.688000000000000000e+03 6.080030000000000157e-02
4.689000000000000000e+03 6.190729999999999844e-02
4.690000000000000000e+03 6.301429999999999532e-02
4.691000000000000000e+03 6.455729999999999802e-02
4.692000000000000000e+03 6.610019999999999785e-02
4.693000000000000000e+03 6.764309999999999767e-02
4.694000000000000000e+03 6.918570000000000275e-02
4.695000000000000000e+03 7.072839999999999683e-02
4.696000000000000000e+03 7.227069999999999328e-02
4.697000000000000000e+03 7.381300000000000361e-02
4.698000000000000000e+03 7.535519999999999718e-02
4.699000000000000000e+03 7.689719999999999889e-02
4.700000000000000000e+03 7.843909999999999771e-02
4.701000000000000000e+03 7.970760000000000345e-02
4.702000000000000000e+03 8.097590000000000343e-02
4.703000000000000000e+03 8.224430000000000629e-02
4.704000000000000000e+03 8.351279999999999815e-02
4.705000000000000000e+03 8.478130000000000388e-02
4.706000000000000000e+03 8.604979999999999574e-02
4.707000000000000000e+03 8.731830000000000147e-02
4.708000000000000000e+03 8.858670000000000433e-02
4.709000000000000000e+03 8.985519999999999619e-02
4.710000000000000000e+03 9.112359999999999904e-02
4.711000000000000000e+03 9.241779999999999440e-02
4.712000000000000000e+03 9.371160000000000601e-02
4.713000000000000000e+03 9.500509999999999511e-02
4.714000000000000000e+03 9.629840000000000622e-02
4.715000000000000000e+03 9.759099999999999719e-02
4.716000000000000000e+03 9.888320000000000443e-02
4.717000000000000000e+03 1.001750000000000002e-01
4.718000000000000000e+03 1.014660000000000006e-01
4.719000000000000000e+03 1.027570000000000011e-01
4.720000000000000000e+03 1.040480000000000016e-01
4.721000000000000000e+03 1.054319999999999979e-01
4.722000000000000000e+03 1.068149999999999933e-01
4.723000000000000000e+03 1.081990000000000035e-01
4.724000000000000000e+03 1.095829999999999999e-01
4.725000000000000000e+03 1.109659999999999952e-01
4.726000000000000000e+03 1.123500000000000054e-01
4.727000000000000000e+03 1.137330000000000008e-01
4.728000000000000000e+03 1.151159999999999961e-01
4.729000000000000000e+03 1.165000000000000063e-01
4.730000000000000000e+03 1.178830000000000017e-01
4.731000000000000000e+03 1.191439999999999999e-01
4.732000000000000000e+03 1.204039999999999971e-01
4.733000000000000000e+03 1.216649999999999954e-01
4.734000000000000000e+03 1.229259999999999936e-01
4.735000000000000000e+03 1.241860000000000047e-01
4.736000000000000000e+03 1.254460000000000020e-01
4.737000000000000000e+03 1.267060000000000131e-01
4.738000000000000000e+03 1.279659999999999964e-01
4.739000000000000000e+03 1.292260000000000075e-01
4.740000000000000000e+03 1.304859999999999909e-01
4.741000000000000000e+03 1.318560000000000010e-01
4.742000000000000000e+03 1.332250000000000101e-01
4.743000000000000000e+03 1.345939999999999914e-01
4.744000000000000000e+03 1.359630000000000005e-01
4.745000000000000000e+03 1.373310000000000086e-01
4.746000000000000000e+03 1.386989999999999890e-01
4.747000000000000000e+03 1.400669999999999971e-01
4.748000000000000000e+03 1.414350000000000052e-01
4.749000000000000000e+03 1.428020000000000123e-01
4.750000000000000000e+03 1.441689999999999916e-01
4.751000000000000000e+03 1.456759999999999999e-01
4.752000000000000000e+03 1.471830000000000083e-01
4.753000000000000000e+03 1.486899999999999888e-01
4.754000000000000000e+03 1.501969999999999972e-01
4.755000000000000000e+03 1.517040000000000055e-01
4.756000000000000000e+03 1.532119999999999871e-01
4.757000000000000000e+03 1.547189999999999954e-01
4.758000000000000000e+03 1.562270000000000048e-01
4.759000000000000000e+03 1.577340000000000131e-01
4.760000000000000000e+03 1.592419999999999947e-01
4.761000000000000000e+03 1.604990000000000028e-01
4.762000000000000000e+03 1.617550000000000099e-01
4.763000000000000000e+03 1.630119999999999902e-01
4.764000000000000000e+03 1.642679999999999974e-01
4.765000000000000000e+03 1.655240000000000045e-01
4.766000000000000000e+03 1.667800000000000116e-01
4.767000000000000000e+03 1.680359999999999909e-01
4.768000000000000000e+03 1.692919999999999980e-01
4.769000000000000000e+03 1.705470000000000041e-01
4.770000000000000000e+03 1.718030000000000113e-01
4.771000000000000000e+03 1.733079999999999898e-01
4.772000000000000000e+03 1.748139999999999972e-01
4.773000000000000000e+03 1.763200000000000045e-01
4.774000000000000000e+03 1.778260000000000118e-01
4.775000000000000000e+03 1.793329999999999924e-01
4.776000000000000000e+03 1.808389999999999997e-01
4.777000000000000000e+03 1.823450000000000071e-01
4.778000000000000000e+03 1.838519999999999877e-01
4.779000000000000000e+03 1.853579999999999950e-01
4.780000000000000000e+03 1.868650000000000033e-01
4.781000000000000000e+03 1.883549999999999947e-01
4.782000000000000000e+03 1.898459999999999870e-01
4.783000000000000000e+03 1.913360000000000061e-01
4.784000000000000000e+03 1.928259999999999974e-01
4.785000000000000000e+03 1.943149999999999877e-01
4.786000000000000000e+03 1.958050000000000068e-01
4.787000000000000000e+03 1.972939999999999972e-01
4.788000000000000000e+03 1.987829999999999875e-01
4.789000000000000000e+03 2.002730000000000066e-01
4.790000000000000000e+03 2.017609999999999959e-01
4.791000000000000000e+03 2.032559999999999922e-01
4.792000000000000000e+03 2.047499999999999876e-01
4.793000000000000000e+03 2.062440000000000107e-01
4.794000000000000000e+03 2.077380000000000060e-01
4.795000000000000000e+03 2.092320000000000013e-01
4.796000000000000000e+03 2.107249999999999956e-01
4.797000000000000000e+03 2.122189999999999910e-01
4.798000000000000000e+03 2.137129999999999863e-01
4.799000000000000000e+03 2.152060000000000084e-01
4.800000000000000000e+03 2.167000000000000037e-01
4.801000000000000000e+03 2.178879999999999983e-01
4.802000000000000000e+03 2.190749999999999920e-01
4.803000000000000000e+03 2.202629999999999866e-01
4.804000000000000000e+03 2.214510000000000089e-01
4.805000000000000000e+03 2.226390000000000036e-01
4.806000000000000000e+03 2.238269999999999982e-01
4.807000000000000000e+03 2.250149999999999928e-01
4.808000000000000000e+03 2.262029999999999874e-01
4.809000000000000000e+03 2.273910000000000098e-01
4.810000000000000000e+03 2.285790000000000044e-01
4.811000000000000000e+03 2.299670000000000047e-01
4.812000000000000000e+03 2.313550000000000051e-01
4.813000000000000000e+03 2.327430000000000054e-01
4.814000000000000000e+03 2.341310000000000058e-01
4.815000000000000000e+03 2.355200000000000071e-01
4.816000000000000000e+03 2.369080000000000075e-01
4.817000000000000000e+03 2.382960000000000078e-01
4.818000000000000000e+03 2.396840000000000082e-01
4.819000000000000000e+03 2.410730000000000095e-01
4.820000000000000000e+03 2.424620000000000108e-01
4.821000000000000000e+03 2.436599999999999877e-01
4.822000000000000000e+03 2.448589999999999933e-01
4.823000000000000000e+03 2.460569999999999979e-01
4.824000000000000000e+03 2.472560000000000036e-01
4.825000000000000000e+03 2.484550000000000092e-01
4.826000000000000000e+03 2.496539999999999870e-01
4.827000000000000000e+03 2.508540000000000214e-01
4.828000000000000000e+03 2.520530000000000270e-01
4.829000000000000000e+03 2.532519999999999771e-01
4.830000000000000000e+03 2.544520000000000115e-01
4.831000000000000000e+03 2.556189999999999851e-01
4.832000000000000000e+03 2.567849999999999855e-01
4.833000000000000000e+03 2.579520000000000146e-01
4.834000000000000000e+03 2.591189999999999882e-01
4.835000000000000000e+03 2.602860000000000174e-01
4.836000000000000000e+03 2.614529999999999910e-01
4.837000000000000000e+03 2.626200000000000201e-01
4.838000000000000000e+03 2.637869999999999937e-01
4.839000000000000000e+03 2.649560000000000248e-01
4.840000000000000000e+03 2.661240000000000272e-01
4.841000000000000000e+03 2.669420000000000126e-01
4.842000000000000000e+03 2.677610000000000268e-01
4.843000000000000000e+03 2.685790000000000122e-01
4.844000000000000000e+03 2.693980000000000263e-01
4.845000000000000000e+03 2.702160000000000117e-01
4.846000000000000000e+03 2.710339999999999971e-01
4.847000000000000000e+03 2.718519999999999825e-01
4.848000000000000000e+03 2.726700000000000235e-01
4.849000000000000000e+03 2.734880000000000089e-01
4.850000000000000000e+03 2.743059999999999943e-01
4.851000000000000000e+03 2.753970000000000029e-01
4.852000000000000000e+03 2.764880000000000115e-01
4.853000000000000000e+03 2.775790000000000202e-01
4.854000000000000000e+03 2.786699999999999733e-01
4.855000000000000000e+03 2.797600000000000087e-01
4.856000000000000000e+03 2.808499999999999885e-01
4.857000000000000000e+03 2.819409999999999972e-01
4.858000000000000000e+03 2.830309999999999770e-01
4.859000000000000000e+03 2.841210000000000124e-01
4.860000000000000000e+03 2.852109999999999923e-01
4.861000000000000000e+03 2.856799999999999895e-01
4.862000000000000000e+03 2.861500000000000155e-01
4.863000000000000000e+03 2.866190000000000127e-01
4.864000000000000000e+03 2.870889999999999831e-01
4.865000000000000000e+03 2.875590000000000090e-01
4.866000000000000000e+03 2.880289999999999795e-01
4.867000000000000000e+03 2.884990000000000054e-01
4.868000000000000000e+03 2.889689999999999759e-01
4.869000000000000000e+03 2.894399999999999751e-01
4.870000000000000000e+03 2.899100000000000010e-01
4.871000000000000000e+03 2.904950000000000032e-01
4.872000000000000000e+03 2.910789999999999766e-01
4.873000000000000000e+03 2.916639999999999788e-01
4.874000000000000000e+03 2.922489999999999810e-01
4.875000000000000000e+03 2.928339999999999832e-01
4.876000000000000000e+03 2.934189999999999854e-01
4.877000000000000000e+03 2.940030000000000143e-01
4.878000000000000000e+03 2.945880000000000165e-01
4.879000000000000000e+03 2.951730000000000187e-01
4.880000000000000000e+03 2.957569999999999921e-01
4.881000000000000000e+03 2.963140000000000218e-01
4.882000000000000000e+03 2.968700000000000228e-01
4.883000000000000000e+03 2.974280000000000257e-01
4.884000000000000000e+03 2.979840000000000266e-01
4.885000000000000000e+03 2.985410000000000008e-01
4.886000000000000000e+03 2.990979999999999750e-01
4.887000000000000000e+03 2.996550000000000047e-01
4.888000000000000000e+03 3.002119999999999789e-01
4.889000000000000000e+03 3.007679999999999798e-01
4.890000000000000000e+03 3.013250000000000095e-01
4.891000000000000000e+03 3.017159999999999842e-01
4.892000000000000000e+03 3.021070000000000144e-01
4.893000000000000000e+03 3.024979999999999891e-01
4.894000000000000000e+03 3.028890000000000193e-01
4.895000000000000000e+03 3.032810000000000228e-01
4.896000000000000000e+03 3.036719999999999975e-01
4.897000000000000000e+03 3.040630000000000277e-01
4.898000000000000000e+03 3.044549999999999756e-01
4.899000000000000000e+03 3.048469999999999791e-01
4.900000000000000000e+03 3.052380000000000093e-01
4.901000000000000000e+03 3.055539999999999923e-01
4.902000000000000000e+03 3.058690000000000020e-01
4.903000000000000000e+03 3.061840000000000117e-01
4.904000000000000000e+03 3.064999999999999947e-01
4.905000000000000000e+03 3.068150000000000044e-01
4.906000000000000000e+03 3.071309999999999873e-01
4.907000000000000000e+03 3.074459999999999971e-01
4.908000000000000000e+03 3.077610000000000068e-01
4.909000000000000000e+03 3.080769999999999897e-01
4.910000000000000000e+03 3.083919999999999995e-01
4.911000000000000000e+03 3.087750000000000217e-01
4.912000000000000000e+03 3.091570000000000151e-01
4.913000000000000000e+03 3.095410000000000106e-01
4.914000000000000000e+03 3.099239999999999773e-01
4.915000000000000000e+03 3.103069999999999995e-01
4.916000000000000000e+03 3.106900000000000217e-01
4.917000000000000000e+03 3.110740000000000172e-01
4.918000000000000000e+03 3.114569999999999839e-01
4.919000000000000000e+03 3.118400000000000061e-01
4.920000000000000000e+03 3.122240000000000015e-01
4.921000000000000000e+03 3.124700000000000255e-01
4.922000000000000000e+03 3.127159999999999940e-01
4.923000000000000000e+03 3.129609999999999892e-01
4.924000000000000000e+03 3.132070000000000132e-01
4.925000000000000000e+03 3.134529999999999816e-01
4.926000000000000000e+03 3.136990000000000056e-01
4.927000000000000000e+03 3.139440000000000008e-01
4.928000000000000000e+03 3.141900000000000248e-01
4.929000000000000000e+03 3.144370000000000220e-01
4.930000000000000000e+03 3.146820000000000173e-01
4.931000000000000000e+03 3.149919999999999942e-01
4.932000000000000000e+03 3.153020000000000267e-01
4.933000000000000000e+03 3.156120000000000037e-01
4.934000000000000000e+03 3.159219999999999806e-01
4.935000000000000000e+03 3.162320000000000131e-01
4.936000000000000000e+03 3.165419999999999900e-01
4.937000000000000000e+03 3.168520000000000225e-01
4.938000000000000000e+03 3.171629999999999727e-01
4.939000000000000000e+03 3.174730000000000052e-01
4.940000000000000000e+03 3.177829999999999822e-01
4.941000000000000000e+03 3.175520000000000009e-01
4.942000000000000000e+03 3.173219999999999930e-01
4.943000000000000000e+03 3.170910000000000117e-01
4.944000000000000000e+03 3.168599999999999750e-01
4.945000000000000000e+03 3.166289999999999938e-01
4.946000000000000000e+03 3.163989999999999858e-01
4.947000000000000000e+03 3.161669999999999758e-01
4.948000000000000000e+03 3.159350000000000214e-01
4.949000000000000000e+03 3.157039999999999846e-01
4.950000000000000000e+03 3.154730000000000034e-01
4.951000000000000000e+03 3.164500000000000091e-01
4.952000000000000000e+03 3.174279999999999879e-01
4.953000000000000000e+03 3.184040000000000203e-01
4.954000000000000000e+03 3.193810000000000260e-01
4.955000000000000000e+03 3.203579999999999761e-01
4.956000000000000000e+03 3.213340000000000085e-01
4.957000000000000000e+03 3.223110000000000142e-01
4.958000000000000000e+03 3.232869999999999910e-01
4.959000000000000000e+03 3.242639999999999967e-01
4.960000000000000000e+03 3.252399999999999736e-01
4.961000000000000000e+03 3.254819999999999935e-01
4.962000000000000000e+03 3.257229999999999848e-01
4.963000000000000000e+03 3.259650000000000047e-01
4.964000000000000000e+03 3.262070000000000247e-01
4.965000000000000000e+03 3.264489999999999892e-01
4.966000000000000000e+03 3.266910000000000092e-01
4.967000000000000000e+03 3.269329999999999736e-01
4.968000000000000000e+03 3.271749999999999936e-01
4.969000000000000000e+03 3.274170000000000136e-01
4.970000000000000000e+03 3.276589999999999780e-01
4.971000000000000000e+03 3.285299999999999887e-01
4.972000000000000000e+03 3.293989999999999974e-01
4.973000000000000000e+03 3.302700000000000080e-01
4.974000000000000000e+03 3.311399999999999899e-01
4.975000000000000000e+03 3.320100000000000273e-01
4.976000000000000000e+03 3.328809999999999825e-01
4.977000000000000000e+03 3.337519999999999931e-01
4.978000000000000000e+03 3.346230000000000038e-01
4.979000000000000000e+03 3.354940000000000144e-01
4.980000000000000000e+03 3.363650000000000251e-01
4.981000000000000000e+03 3.364179999999999948e-01
4.982000000000000000e+03 3.364710000000000201e-01
4.983000000000000000e+03 3.365230000000000166e-01
4.984000000000000000e+03 3.365759999999999863e-01
4.985000000000000000e+03 3.366290000000000115e-01
4.986000000000000000e+03 3.366810000000000080e-01
4.987000000000000000e+03 3.367339999999999778e-01
4.988000000000000000e+03 3.367870000000000030e-01
4.989000000000000000e+03 3.368399999999999728e-01
4.990000000000000000e+03 3.368929999999999980e-01
4.991000000000000000e+03 3.373820000000000152e-01
4.992000000000000000e+03 3.378709999999999769e-01
4.993000000000000000e+03 3.383619999999999961e-01
4.994000000000000000e+03 3.388510000000000133e-01
4.995000000000000000e+03 3.393410000000000037e-01
4.996000000000000000e+03 3.398320000000000229e-01
4.997000000000000000e+03 3.403220000000000134e-01
4.998000000000000000e+03 3.408120000000000038e-01
4.999000000000000000e+03 3.413019999999999943e-01
5.000000000000000000e+03 3.417930000000000135e-01
5.001000000000000000e+03 3.422560000000000047e-01
5.002000000000000000e+03 3.427180000000000226e-01
5.003000000000000000e+03 3.431799999999999851e-01
5.004000000000000000e+03 3.436420000000000030e-01
5.005000000000000000e+03 3.441040000000000210e-01
5.006000000000000000e+03 3.445670000000000122e-01
5.007000000000000000e+03 3.450289999999999746e-01
5.008000000000000000e+03 3.454929999999999946e-01
5.009000000000000000e+03 3.459550000000000125e-01
5.010000000000000000e+03 3.464180000000000037e-01
5.011000000000000000e+03 3.466980000000000062e-01
5.012000000000000000e+03 3.469769999999999799e-01
5.013000000000000000e+03 3.472569999999999824e-01
5.014000000000000000e+03 3.475380000000000136e-01
5.015000000000000000e+03 3.478189999999999893e-01
5.016000000000000000e+03 3.481000000000000205e-01
5.017000000000000000e+03 3.483800000000000230e-01
5.018000000000000000e+03 3.486589999999999967e-01
5.019000000000000000e+03 3.489410000000000012e-01
5.020000000000000000e+03 3.492210000000000036e-01
5.021000000000000000e+03 3.492509999999999781e-01
5.022000000000000000e+03 3.492810000000000081e-01
5.023000000000000000e+03 3.493129999999999846e-01
5.024000000000000000e+03 3.493430000000000146e-01
5.025000000000000000e+03 3.493740000000000179e-01
5.026000000000000000e+03 3.494039999999999924e-01
5.027000000000000000e+03 3.494340000000000224e-01
5.028000000000000000e+03 3.494650000000000256e-01
5.029000000000000000e+03 3.494940000000000269e-01
5.030000000000000000e+03 3.495249999999999746e-01
5.031000000000000000e+03 3.498829999999999996e-01
5.032000000000000000e+03 3.502419999999999978e-01
5.033000000000000000e+03 3.506009999999999960e-01
5.034000000000000000e+03 3.509599999999999942e-01
5.035000000000000000e+03 3.513189999999999924e-01
5.036000000000000000e+03 3.516779999999999906e-01
5.037000000000000000e+03 3.520360000000000156e-01
5.038000000000000000e+03 3.523959999999999870e-01
5.039000000000000000e+03 3.527540000000000120e-01
5.040000000000000000e+03 3.531130000000000102e-01
5.041000000000000000e+03 3.529260000000000175e-01
5.042000000000000000e+03 3.527370000000000227e-01
5.043000000000000000e+03 3.525479999999999725e-01
5.044000000000000000e+03 3.523600000000000065e-01
5.045000000000000000e+03 3.521719999999999851e-01
5.046000000000000000e+03 3.519829999999999903e-01
5.047000000000000000e+03 3.517939999999999956e-01
5.048000000000000000e+03 3.516050000000000009e-01
5.049000000000000000e+03 3.514160000000000061e-01
5.050000000000000000e+03 3.512270000000000114e-01
5.051000000000000000e+03 3.516250000000000209e-01
5.052000000000000000e+03 3.520220000000000016e-01
5.053000000000000000e+03 3.524189999999999823e-01
5.054000000000000000e+03 3.528169999999999917e-01
5.055000000000000000e+03 3.532139999999999724e-01
5.056000000000000000e+03 3.536110000000000086e-01
5.057000000000000000e+03 3.540090000000000181e-01
5.058000000000000000e+03 3.544059999999999988e-01
5.059000000000000000e+03 3.548040000000000083e-01
5.060000000000000000e+03 3.552020000000000177e-01
5.061000000000000000e+03 3.546869999999999745e-01
5.062000000000000000e+03 3.541719999999999868e-01
5.063000000000000000e+03 3.536569999999999991e-01
5.064000000000000000e+03 3.531409999999999827e-01
5.065000000000000000e+03 3.526259999999999950e-01
5.066000000000000000e+03 3.521099999999999786e-01
5.067000000000000000e+03 3.515940000000000176e-01
5.068000000000000000e+03 3.510769999999999724e-01
5.069000000000000000e+03 3.505610000000000115e-01
5.070000000000000000e+03 3.500440000000000218e-01
5.071000000000000000e+03 3.502290000000000125e-01
5.072000000000000000e+03 3.504129999999999745e-01
5.073000000000000000e+03 3.505969999999999920e-01
5.074000000000000000e+03 3.507819999999999827e-01
5.075000000000000000e+03 3.509660000000000002e-01
5.076000000000000000e+03 3.511509999999999909e-01
5.077000000000000000e+03 3.513350000000000084e-01
5.078000000000000000e+03 3.515209999999999724e-01
5.079000000000000000e+03 3.517049999999999899e-01
5.080000000000000000e+03 3.518890000000000073e-01
5.081000000000000000e+03 3.514349999999999974e-01
5.082000000000000000e+03 3.509809999999999874e-01
5.083000000000000000e+03 3.505269999999999775e-01
5.084000000000000000e+03 3.500730000000000230e-01
5.085000000000000000e+03 3.496190000000000131e-01
5.086000000000000000e+03 3.491639999999999744e-01
5.087000000000000000e+03 3.487089999999999912e-01
5.088000000000000000e+03 3.482540000000000080e-01
5.089000000000000000e+03 3.477999999999999980e-01
5.090000000000000000e+03 3.473450000000000149e-01
5.091000000000000000e+03 3.471949999999999759e-01
5.092000000000000000e+03 3.470449999999999924e-01
5.093000000000000000e+03 3.468950000000000089e-01
5.094000000000000000e+03 3.467450000000000254e-01
5.095000000000000000e+03 3.465949999999999864e-01
5.096000000000000000e+03 3.464450000000000029e-01
5.097000000000000000e+03 3.462950000000000195e-01
5.098000000000000000e+03 3.461449999999999805e-01
5.099000000000000000e+03 3.459940000000000238e-01
5.100000000000000000e+03 3.458430000000000115e-01
5.101000000000000000e+03 3.456850000000000200e-01
5.102000000000000000e+03 3.455259999999999998e-01
5.103000000000000000e+03 3.453669999999999796e-01
5.104000000000000000e+03 3.452080000000000148e-01
5.105000000000000000e+03 3.450480000000000214e-01
5.106000000000000000e+03 3.448890000000000011e-01
5.107000000000000000e+03 3.447299999999999809e-01
5.108000000000000000e+03 3.445699999999999874e-01
5.109000000000000000e+03 3.444099999999999939e-01
5.110000000000000000e+03 3.442500000000000004e-01
5.111000000000000000e+03 3.442089999999999872e-01
5.112000000000000000e+03 3.441679999999999739e-01
5.113000000000000000e+03 3.441259999999999875e-01
5.114000000000000000e+03 3.440849999999999742e-01
5.115000000000000000e+03 3.440440000000000165e-01
5.116000000000000000e+03 3.440030000000000032e-01
5.117000000000000000e+03 3.439610000000000167e-01
5.118000000000000000e+03 3.439200000000000035e-01
5.119000000000000000e+03 3.438780000000000170e-01
5.120000000000000000e+03 3.438359999999999750e-01
5.121000000000000000e+03 3.438200000000000145e-01
5.122000000000000000e+03 3.438050000000000272e-01
5.123000000000000000e+03 3.437890000000000112e-01
5.124000000000000000e+03 3.437729999999999952e-01
5.125000000000000000e+03 3.437560000000000060e-01
5.126000000000000000e+03 3.437410000000000188e-01
5.127000000000000000e+03 3.437250000000000028e-01
5.128000000000000000e+03 3.437080000000000135e-01
5.129000000000000000e+03 3.436919999999999975e-01
5.130000000000000000e+03 3.436759999999999815e-01
5.131000000000000000e+03 3.435639999999999805e-01
5.132000000000000000e+03 3.434519999999999795e-01
5.133000000000000000e+03 3.433410000000000073e-01
5.134000000000000000e+03 3.432290000000000063e-01
5.135000000000000000e+03 3.431170000000000053e-01
5.136000000000000000e+03 3.430050000000000043e-01
5.137000000000000000e+03 3.428939999999999766e-01
5.138000000000000000e+03 3.427819999999999756e-01
5.139000000000000000e+03 3.426699999999999746e-01
5.140000000000000000e+03 3.425579999999999736e-01
5.141000000000000000e+03 3.424789999999999779e-01
5.142000000000000000e+03 3.423990000000000089e-01
5.143000000000000000e+03 3.423209999999999864e-01
5.144000000000000000e+03 3.422410000000000174e-01
5.145000000000000000e+03 3.421620000000000217e-01
5.146000000000000000e+03 3.420830000000000259e-01
5.147000000000000000e+03 3.420030000000000014e-01
5.148000000000000000e+03 3.419220000000000037e-01
5.149000000000000000e+03 3.418430000000000080e-01
5.150000000000000000e+03 3.417629999999999835e-01
5.151000000000000000e+03 3.418100000000000027e-01
5.152000000000000000e+03 3.418570000000000220e-01
5.153000000000000000e+03 3.419050000000000145e-01
5.154000000000000000e+03 3.419510000000000050e-01
5.155000000000000000e+03 3.419989999999999974e-01
5.156000000000000000e+03 3.420449999999999879e-01
5.157000000000000000e+03 3.420929999999999804e-01
5.158000000000000000e+03 3.421390000000000264e-01
5.159000000000000000e+03 3.421859999999999902e-01
5.160000000000000000e+03 3.422330000000000094e-01
5.161000000000000000e+03 3.424880000000000146e-01
5.162000000000000000e+03 3.427419999999999911e-01
5.163000000000000000e+03 3.429960000000000231e-01
5.164000000000000000e+03 3.432509999999999728e-01
5.165000000000000000e+03 3.435050000000000048e-01
5.166000000000000000e+03 3.437600000000000100e-01
5.167000000000000000e+03 3.440139999999999865e-01
5.168000000000000000e+03 3.442689999999999917e-01
5.169000000000000000e+03 3.445239999999999969e-01
5.170000000000000000e+03 3.447779999999999734e-01
5.171000000000000000e+03 3.451330000000000231e-01
5.172000000000000000e+03 3.454880000000000173e-01
5.173000000000000000e+03 3.458419999999999828e-01
5.174000000000000000e+03 3.461969999999999770e-01
5.175000000000000000e+03 3.465520000000000267e-01
5.176000000000000000e+03 3.469070000000000209e-01
5.177000000000000000e+03 3.472620000000000151e-01
5.178000000000000000e+03 3.476170000000000093e-01
5.179000000000000000e+03 3.479709999999999748e-01
5.180000000000000000e+03 3.483269999999999977e-01
5.181000000000000000e+03 3.482529999999999792e-01
5.182000000000000000e+03 3.481799999999999895e-01
5.183000000000000000e+03 3.481069999999999998e-01
5.184000000000000000e+03 3.480329999999999813e-01
5.185000000000000000e+03 3.479590000000000183e-01
5.186000000000000000e+03 3.478849999999999998e-01
5.187000000000000000e+03 3.478109999999999813e-01
5.188000000000000000e+03 3.477370000000000183e-01
5.189000000000000000e+03 3.476629999999999998e-01
5.190000000000000000e+03 3.475889999999999813e-01
5.191000000000000000e+03 3.479410000000000003e-01
5.192000000000000000e+03 3.482930000000000192e-01
5.193000000000000000e+03 3.486449999999999827e-01
5.194000000000000000e+03 3.489970000000000017e-01
5.195000000000000000e+03 3.493490000000000206e-01
5.196000000000000000e+03 3.497020000000000128e-01
5.197000000000000000e+03 3.500539999999999763e-01
5.198000000000000000e+03 3.504059999999999953e-01
5.199000000000000000e+03 3.507589999999999875e-01
5.200000000000000000e+03 3.511110000000000064e-01
5.201000000000000000e+03 3.511130000000000084e-01
5.202000000000000000e+03 3.511130000000000084e-01
5.203000000000000000e+03 3.511139999999999817e-01
5.204000000000000000e+03 3.511150000000000104e-01
5.205000000000000000e+03 3.511150000000000104e-01
5.206000000000000000e+03 3.511150000000000104e-01
5.207000000000000000e+03 3.511159999999999837e-01
5.208000000000000000e+03 3.511159999999999837e-01
5.209000000000000000e+03 3.511170000000000124e-01
5.210000000000000000e+03 3.511179999999999857e-01
5.211000000000000000e+03 3.514430000000000054e-01
5.212000000000000000e+03 3.517680000000000251e-01
5.213000000000000000e+03 3.520929999999999893e-01
5.214000000000000000e+03 3.524180000000000090e-01
5.215000000000000000e+03 3.527440000000000020e-01
5.216000000000000000e+03 3.530699999999999950e-01
5.217000000000000000e+03 3.533950000000000147e-01
5.218000000000000000e+03 3.537210000000000076e-01
5.219000000000000000e+03 3.540470000000000006e-01
5.220000000000000000e+03 3.543729999999999936e-01
5.221000000000000000e+03 3.543959999999999888e-01
5.222000000000000000e+03 3.544180000000000108e-01
5.223000000000000000e+03 3.544410000000000061e-01
5.224000000000000000e+03 3.544640000000000013e-01
5.225000000000000000e+03 3.544869999999999965e-01
5.226000000000000000e+03 3.545090000000000185e-01
5.227000000000000000e+03 3.545320000000000138e-01
5.228000000000000000e+03 3.545539999999999803e-01
5.229000000000000000e+03 3.545769999999999755e-01
5.230000000000000000e+03 3.545989999999999975e-01
5.231000000000000000e+03 3.548569999999999780e-01
5.232000000000000000e+03 3.551150000000000140e-01
5.233000000000000000e+03 3.553729999999999944e-01
5.234000000000000000e+03 3.556300000000000017e-01
5.235000000000000000e+03 3.558879999999999821e-01
5.236000000000000000e+03 3.561460000000000181e-01
5.237000000000000000e+03 3.564039999999999986e-01
5.238000000000000000e+03 3.566619999999999790e-01
5.239000000000000000e+03 3.569200000000000150e-01
5.240000000000000000e+03 3.571779999999999955e-01
5.241000000000000000e+03 3.569660000000000055e-01
5.242000000000000000e+03 3.567560000000000175e-01
5.243000000000000000e+03 3.565440000000000276e-01
5.244000000000000000e+03 3.563330000000000108e-01
5.245000000000000000e+03 3.561219999999999941e-01
5.246000000000000000e+03 3.559100000000000041e-01
5.247000000000000000e+03 3.556980000000000142e-01
5.248000000000000000e+03 3.554869999999999974e-01
5.249000000000000000e+03 3.552750000000000075e-01
5.250000000000000000e+03 3.550630000000000175e-01
5.251000000000000000e+03 3.550340000000000162e-01
5.252000000000000000e+03 3.550050000000000150e-01
5.253000000000000000e+03 3.549769999999999870e-01
5.254000000000000000e+03 3.549490000000000145e-01
5.255000000000000000e+03 3.549200000000000133e-01
5.256000000000000000e+03 3.548910000000000120e-01
5.257000000000000000e+03 3.548620000000000108e-01
5.258000000000000000e+03 3.548339999999999828e-01
5.259000000000000000e+03 3.548060000000000103e-01
5.260000000000000000e+03 3.547759999999999803e-01
5.261000000000000000e+03 3.548729999999999940e-01
5.262000000000000000e+03 3.549689999999999790e-01
5.263000000000000000e+03 3.550659999999999927e-01
5.264000000000000000e+03 3.551619999999999777e-01
5.265000000000000000e+03 3.552589999999999915e-01
5.266000000000000000e+03 3.553560000000000052e-01
5.267000000000000000e+03 3.554510000000000169e-01
5.268000000000000000e+03 3.555470000000000019e-01
5.269000000000000000e+03 3.556440000000000157e-01
5.270000000000000000e+03 3.557400000000000007e-01
5.271000000000000000e+03 3.556090000000000084e-01
5.272000000000000000e+03 3.554769999999999874e-01
5.273000000000000000e+03 3.553459999999999952e-01
5.274000000000000000e+03 3.552139999999999742e-01
5.275000000000000000e+03 3.550820000000000087e-01
5.276000000000000000e+03 3.549490000000000145e-01
5.277000000000000000e+03 3.548169999999999935e-01
5.278000000000000000e+03 3.546860000000000013e-01
5.279000000000000000e+03 3.545530000000000070e-01
5.280000000000000000e+03 3.544200000000000128e-01
5.281000000000000000e+03 3.538950000000000151e-01
5.282000000000000000e+03 3.533709999999999907e-01
5.283000000000000000e+03 3.528450000000000197e-01
5.284000000000000000e+03 3.523200000000000220e-01
5.285000000000000000e+03 3.517950000000000244e-01
5.286000000000000000e+03 3.512700000000000267e-01
5.287000000000000000e+03 3.507440000000000002e-01
5.288000000000000000e+03 3.502190000000000025e-01
5.289000000000000000e+03 3.496929999999999761e-01
5.290000000000000000e+03 3.491670000000000051e-01
5.291000000000000000e+03 3.493220000000000214e-01
5.292000000000000000e+03 3.494740000000000069e-01
5.293000000000000000e+03 3.496279999999999943e-01
5.294000000000000000e+03 3.497810000000000086e-01
5.295000000000000000e+03 3.499349999999999961e-01
5.296000000000000000e+03 3.500880000000000103e-01
5.297000000000000000e+03 3.502410000000000245e-01
5.298000000000000000e+03 3.503950000000000120e-01
5.299000000000000000e+03 3.505480000000000262e-01
5.300000000000000000e+03 3.507020000000000137e-01
5.301000000000000000e+03 3.502770000000000050e-01
5.302000000000000000e+03 3.498519999999999963e-01
5.303000000000000000e+03 3.494249999999999856e-01
5.304000000000000000e+03 3.489999999999999769e-01
5.305000000000000000e+03 3.485750000000000237e-01
5.306000000000000000e+03 3.481489999999999863e-01
5.307000000000000000e+03 3.477230000000000043e-01
5.308000000000000000e+03 3.472959999999999936e-01
5.309000000000000000e+03 3.468700000000000117e-01
5.310000000000000000e+03 3.464439999999999742e-01
5.311000000000000000e+03 3.464780000000000082e-01
5.312000000000000000e+03 3.465119999999999867e-01
5.313000000000000000e+03 3.465460000000000207e-01
5.314000000000000000e+03 3.465799999999999992e-01
5.315000000000000000e+03 3.466139999999999777e-01
5.316000000000000000e+03 3.466469999999999829e-01
5.317000000000000000e+03 3.466810000000000169e-01
5.318000000000000000e+03 3.467149999999999954e-01
5.319000000000000000e+03 3.467480000000000007e-01
5.320000000000000000e+03 3.467819999999999792e-01
5.321000000000000000e+03 3.463950000000000085e-01
5.322000000000000000e+03 3.460099999999999842e-01
5.323000000000000000e+03 3.456239999999999868e-01
5.324000000000000000e+03 3.452379999999999893e-01
5.325000000000000000e+03 3.448510000000000186e-01
5.326000000000000000e+03 3.444650000000000212e-01
5.327000000000000000e+03 3.440790000000000237e-01
5.328000000000000000e+03 3.436930000000000263e-01
5.329000000000000000e+03 3.433060000000000000e-01
5.330000000000000000e+03 3.429200000000000026e-01
5.331000000000000000e+03 3.430909999999999793e-01
5.332000000000000000e+03 3.432640000000000136e-01
5.333000000000000000e+03 3.434349999999999903e-01
5.334000000000000000e+03 3.436069999999999958e-01
5.335000000000000000e+03 3.437790000000000012e-01
5.336000000000000000e+03 3.439499999999999780e-01
5.337000000000000000e+03 3.441230000000000122e-01
5.338000000000000000e+03 3.442950000000000177e-01
5.339000000000000000e+03 3.444670000000000232e-01
5.340000000000000000e+03 3.446389999999999731e-01
5.341000000000000000e+03 3.444070000000000187e-01
5.342000000000000000e+03 3.441759999999999819e-01
5.343000000000000000e+03 3.439440000000000275e-01
5.344000000000000000e+03 3.437109999999999888e-01
5.345000000000000000e+03 3.434789999999999788e-01
5.346000000000000000e+03 3.432479999999999976e-01
5.347000000000000000e+03 3.430150000000000143e-01
5.348000000000000000e+03 3.427819999999999756e-01
5.349000000000000000e+03 3.425500000000000211e-01
5.350000000000000000e+03 3.423160000000000092e-01
5.351000000000000000e+03 3.423129999999999784e-01
5.352000000000000000e+03 3.423089999999999744e-01
5.353000000000000000e+03 3.423050000000000259e-01
5.354000000000000000e+03 3.423010000000000219e-01
5.355000000000000000e+03 3.422970000000000179e-01
5.356000000000000000e+03 3.422930000000000139e-01
5.357000000000000000e+03 3.422890000000000099e-01
5.358000000000000000e+03 3.422850000000000059e-01
5.359000000000000000e+03 3.422810000000000019e-01
5.360000000000000000e+03 3.422760000000000247e-01
5.361000000000000000e+03 3.422540000000000027e-01
5.362000000000000000e+03 3.422310000000000074e-01
5.363000000000000000e+03 3.422089999999999854e-01
5.364000000000000000e+03 3.421850000000000169e-01
5.365000000000000000e+03 3.421629999999999949e-01
5.366000000000000000e+03 3.421390000000000264e-01
5.367000000000000000e+03 3.421170000000000044e-01
5.368000000000000000e+03 3.420940000000000092e-01
5.369000000000000000e+03 3.420710000000000139e-01
5.370000000000000000e+03 3.420469999999999899e-01
5.371000000000000000e+03 3.424639999999999906e-01
5.372000000000000000e+03 3.428820000000000201e-01
5.373000000000000000e+03 3.432990000000000208e-01
5.374000000000000000e+03 3.437169999999999948e-01
5.375000000000000000e+03 3.441339999999999955e-01
5.376000000000000000e+03 3.445509999999999962e-01
5.377000000000000000e+03 3.449690000000000256e-01
5.378000000000000000e+03 3.453860000000000263e-01
5.379000000000000000e+03 3.458040000000000003e-01
5.380000000000000000e+03 3.462210000000000010e-01
5.381000000000000000e+03 3.462759999999999727e-01
5.382000000000000000e+03 3.463310000000000000e-01
5.383000000000000000e+03 3.463849999999999985e-01
5.384000000000000000e+03 3.464400000000000257e-01
5.385000000000000000e+03 3.464949999999999974e-01
5.386000000000000000e+03 3.465489999999999959e-01
5.387000000000000000e+03 3.466040000000000232e-01
5.388000000000000000e+03 3.466589999999999949e-01
5.389000000000000000e+03 3.467129999999999934e-01
5.390000000000000000e+03 3.467680000000000207e-01
5.391000000000000000e+03 3.469740000000000046e-01
5.392000000000000000e+03 3.471790000000000154e-01
5.393000000000000000e+03 3.473859999999999726e-01
5.394000000000000000e+03 3.475909999999999833e-01
5.395000000000000000e+03 3.477970000000000228e-01
5.396000000000000000e+03 3.480030000000000068e-01
5.397000000000000000e+03 3.482080000000000175e-01
5.398000000000000000e+03 3.484140000000000015e-01
5.399000000000000000e+03 3.486199999999999855e-01
5.400000000000000000e+03 3.488249999999999962e-01
5.401000000000000000e+03 3.489340000000000219e-01
5.402000000000000000e+03 3.490429999999999922e-01
5.403000000000000000e+03 3.491509999999999891e-01
5.404000000000000000e+03 3.492589999999999861e-01
5.405000000000000000e+03 3.493669999999999831e-01
5.406000000000000000e+03 3.494760000000000089e-01
5.407000000000000000e+03 3.495840000000000058e-01
5.408000000000000000e+03 3.496909999999999741e-01
5.409000000000000000e+03 3.497999999999999998e-01
5.410000000000000000e+03 3.499079999999999968e-01
5.411000000000000000e+03 3.500499999999999723e-01
5.412000000000000000e+03 3.501929999999999765e-01
5.413000000000000000e+03 3.503359999999999808e-01
5.414000000000000000e+03 3.504780000000000117e-01
5.415000000000000000e+03 3.506210000000000160e-01
5.416000000000000000e+03 3.507629999999999915e-01
5.417000000000000000e+03 3.509050000000000225e-01
5.418000000000000000e+03 3.510480000000000267e-01
5.419000000000000000e+03 3.511889999999999734e-01
5.420000000000000000e+03 3.513319999999999776e-01
5.421000000000000000e+03 3.517060000000000186e-01
5.422000000000000000e+03 3.520820000000000061e-01
5.423000000000000000e+03 3.524579999999999935e-01
5.424000000000000000e+03 3.528330000000000077e-01
5.425000000000000000e+03 3.532069999999999932e-01
5.426000000000000000e+03 3.535820000000000074e-01
5.427000000000000000e+03 3.539579999999999949e-01
5.428000000000000000e+03 3.543330000000000091e-01
5.429000000000000000e+03 3.547069999999999945e-01
5.430000000000000000e+03 3.550829999999999820e-01
5.431000000000000000e+03 3.553089999999999860e-01
5.432000000000000000e+03 3.555349999999999899e-01
5.433000000000000000e+03 3.557600000000000207e-01
5.434000000000000000e+03 3.559860000000000246e-01
5.435000000000000000e+03 3.562119999999999731e-01
5.436000000000000000e+03 3.564379999999999771e-01
5.437000000000000000e+03 3.566650000000000098e-01
5.438000000000000000e+03 3.568899999999999850e-01
5.439000000000000000e+03 3.571159999999999890e-01
5.440000000000000000e+03 3.573419999999999930e-01
5.441000000000000000e+03 3.574660000000000060e-01
5.442000000000000000e+03 3.575889999999999902e-01
5.443000000000000000e+03 3.577139999999999764e-01
5.444000000000000000e+03 3.578359999999999874e-01
5.445000000000000000e+03 3.579600000000000004e-01
5.446000000000000000e+03 3.580840000000000134e-01
5.447000000000000000e+03 3.582080000000000264e-01
5.448000000000000000e+03 3.583310000000000106e-01
5.449000000000000000e+03 3.584539999999999949e-01
5.450000000000000000e+03 3.585780000000000078e-01
5.451000000000000000e+03 3.584620000000000029e-01
5.452000000000000000e+03 3.583439999999999959e-01
5.453000000000000000e+03 3.582279999999999909e-01
5.454000000000000000e+03 3.581110000000000126e-01
5.455000000000000000e+03 3.579939999999999789e-01
5.456000000000000000e+03 3.578770000000000007e-01
5.457000000000000000e+03 3.577600000000000224e-01
5.458000000000000000e+03 3.576429999999999887e-01
5.459000000000000000e+03 3.575260000000000105e-01
5.460000000000000000e+03 3.574080000000000035e-01
5.461000000000000000e+03 3.576949999999999852e-01
5.462000000000000000e+03 3.579820000000000224e-01
5.463000000000000000e+03 3.582690000000000041e-01
5.464000000000000000e+03 3.585559999999999858e-01
5.465000000000000000e+03 3.588419999999999943e-01
5.466000000000000000e+03 3.591289999999999760e-01
5.467000000000000000e+03 3.594160000000000132e-01
5.468000000000000000e+03 3.597020000000000217e-01
5.469000000000000000e+03 3.599890000000000034e-01
5.470000000000000000e+03 3.602750000000000119e-01
5.471000000000000000e+03 3.603790000000000049e-01
5.472000000000000000e+03 3.604809999999999959e-01
5.473000000000000000e+03 3.605849999999999889e-01
5.474000000000000000e+03 3.606880000000000086e-01
5.475000000000000000e+03 3.607909999999999728e-01
5.476000000000000000e+03 3.608930000000000193e-01
5.477000000000000000e+03 3.609950000000000103e-01
5.478000000000000000e+03 3.610979999999999746e-01
5.479000000000000000e+03 3.612000000000000210e-01
5.480000000000000000e+03 3.613029999999999853e-01
5.481000000000000000e+03 3.612810000000000188e-01
5.482000000000000000e+03 3.612589999999999968e-01
5.483000000000000000e+03 3.612380000000000035e-01
5.484000000000000000e+03 3.612159999999999815e-01
5.485000000000000000e+03 3.611940000000000150e-01
5.486000000000000000e+03 3.611719999999999930e-01
5.487000000000000000e+03 3.611500000000000266e-01
5.488000000000000000e+03 3.611280000000000046e-01
5.489000000000000000e+03 3.611050000000000093e-01
5.490000000000000000e+03 3.610829999999999873e-01
5.491000000000000000e+03 3.615289999999999893e-01
5.492000000000000000e+03 3.619760000000000200e-01
5.493000000000000000e+03 3.624220000000000219e-01
5.494000000000000000e+03 3.628680000000000239e-01
5.495000000000000000e+03 3.633149999999999991e-01
5.496000000000000000e+03 3.637610000000000010e-01
5.497000000000000000e+03 3.642070000000000030e-01
5.498000000000000000e+03 3.646530000000000049e-01
5.499000000000000000e+03 3.650999999999999801e-01
5.500000000000000000e+03 3.655459999999999821e-01
5.501000000000000000e+03 3.650610000000000244e-01
5.502000000000000000e+03 3.645749999999999824e-01
5.503000000000000000e+03 3.640900000000000247e-01
5.504000000000000000e+03 3.636039999999999828e-01
5.505000000000000000e+03 3.631179999999999963e-01
5.506000000000000000e+03 3.626309999999999811e-01
5.507000000000000000e+03 3.621449999999999947e-01
5.508000000000000000e+03 3.616579999999999795e-01
5.509000000000000000e+03 3.611699999999999910e-01
5.510000000000000000e+03 3.606829999999999758e-01
5.511000000000000000e+03 3.606039999999999801e-01
5.512000000000000000e+03 3.605240000000000111e-01
5.513000000000000000e+03 3.604439999999999866e-01
5.514000000000000000e+03 3.603640000000000176e-01
5.515000000000000000e+03 3.602850000000000219e-01
5.516000000000000000e+03 3.602049999999999974e-01
5.517000000000000000e+03 3.601249999999999729e-01
5.518000000000000000e+03 3.600459999999999772e-01
5.519000000000000000e+03 3.599649999999999794e-01
5.520000000000000000e+03 3.598850000000000104e-01
5.521000000000000000e+03 3.596610000000000085e-01
5.522000000000000000e+03 3.594350000000000045e-01
5.523000000000000000e+03 3.592099999999999738e-01
5.524000000000000000e+03 3.589849999999999985e-01
5.525000000000000000e+03 3.587600000000000233e-01
5.526000000000000000e+03 3.585340000000000193e-01
5.527000000000000000e+03 3.583089999999999886e-01
5.528000000000000000e+03 3.580829999999999846e-01
5.529000000000000000e+03 3.578569999999999807e-01
5.530000000000000000e+03 3.576309999999999767e-01
5.531000000000000000e+03 3.575320000000000165e-01
5.532000000000000000e+03 3.574320000000000275e-01
5.533000000000000000e+03 3.573319999999999830e-01
5.534000000000000000e+03 3.572319999999999940e-01
5.535000000000000000e+03 3.571309999999999762e-01
5.536000000000000000e+03 3.570309999999999873e-01
5.537000000000000000e+03 3.569309999999999983e-01
5.538000000000000000e+03 3.568310000000000093e-01
5.539000000000000000e+03 3.567299999999999915e-01
5.540000000000000000e+03 3.566289999999999738e-01
5.541000000000000000e+03 3.562489999999999823e-01
5.542000000000000000e+03 3.558689999999999909e-01
5.543000000000000000e+03 3.554889999999999994e-01
5.544000000000000000e+03 3.551090000000000080e-01
5.545000000000000000e+03 3.547290000000000165e-01
5.546000000000000000e+03 3.543479999999999963e-01
5.547000000000000000e+03 3.539669999999999761e-01
5.548000000000000000e+03 3.535869999999999846e-01
5.549000000000000000e+03 3.532060000000000199e-01
5.550000000000000000e+03 3.528259999999999730e-01
5.551000000000000000e+03 3.529249999999999887e-01
5.552000000000000000e+03 3.530240000000000045e-01
5.553000000000000000e+03 3.531230000000000202e-01
5.554000000000000000e+03 3.532210000000000072e-01
5.555000000000000000e+03 3.533200000000000229e-01
5.556000000000000000e+03 3.534200000000000119e-01
5.557000000000000000e+03 3.535190000000000277e-01
5.558000000000000000e+03 3.536179999999999879e-01
5.559000000000000000e+03 3.537170000000000036e-01
5.560000000000000000e+03 3.538149999999999906e-01
5.561000000000000000e+03 3.532310000000000172e-01
5.562000000000000000e+03 3.526469999999999883e-01
5.563000000000000000e+03 3.520630000000000148e-01
5.564000000000000000e+03 3.514780000000000126e-01
5.565000000000000000e+03 3.508939999999999837e-01
5.566000000000000000e+03 3.503089999999999815e-01
5.567000000000000000e+03 3.497239999999999793e-01
5.568000000000000000e+03 3.491389999999999771e-01
5.569000000000000000e+03 3.485539999999999750e-01
5.570000000000000000e+03 3.479689999999999728e-01
5.571000000000000000e+03 3.480440000000000200e-01
5.572000000000000000e+03 3.481199999999999850e-01
5.573000000000000000e+03 3.481949999999999767e-01
5.574000000000000000e+03 3.482700000000000240e-01
5.575000000000000000e+03 3.483439999999999870e-01
5.576000000000000000e+03 3.484200000000000075e-01
5.577000000000000000e+03 3.484940000000000260e-01
5.578000000000000000e+03 3.485690000000000177e-01
5.579000000000000000e+03 3.486429999999999807e-01
5.580000000000000000e+03 3.487179999999999724e-01
5.581000000000000000e+03 3.483080000000000065e-01
5.582000000000000000e+03 3.478970000000000118e-01
5.583000000000000000e+03 3.474880000000000191e-01
5.584000000000000000e+03 3.470779999999999976e-01
5.585000000000000000e+03 3.466659999999999742e-01
5.586000000000000000e+03 3.462560000000000082e-01
5.587000000000000000e+03 3.458450000000000135e-01
5.588000000000000000e+03 3.454340000000000188e-01
5.589000000000000000e+03 3.450230000000000241e-01
5.590000000000000000e+03 3.446119999999999739e-01
5.591000000000000000e+03 3.443990000000000107e-01
5.592000000000000000e+03 3.441859999999999919e-01
5.593000000000000000e+03 3.439729999999999732e-01
5.594000000000000000e+03 3.437609999999999832e-01
5.595000000000000000e+03 3.435469999999999913e-01
5.596000000000000000e+03 3.433339999999999725e-01
5.597000000000000000e+03 3.431210000000000093e-01
5.598000000000000000e+03 3.429070000000000173e-01
5.599000000000000000e+03 3.426930000000000254e-01
5.600000000000000000e+03 3.424789999999999779e-01
5.601000000000000000e+03 3.419579999999999842e-01
5.602000000000000000e+03 3.414369999999999905e-01
5.603000000000000000e+03 3.409150000000000236e-01
5.604000000000000000e+03 3.403939999999999744e-01
5.605000000000000000e+03 3.398720000000000074e-01
5.606000000000000000e+03 3.393499999999999850e-01
5.607000000000000000e+03 3.388280000000000181e-01
5.608000000000000000e+03 3.383050000000000224e-01
5.609000000000000000e+03 3.377829999999999999e-01
5.610000000000000000e+03 3.372589999999999755e-01
5.611000000000000000e+03 3.371379999999999932e-01
5.612000000000000000e+03 3.370159999999999823e-01
5.613000000000000000e+03 3.368940000000000268e-01
5.614000000000000000e+03 3.367709999999999870e-01
5.615000000000000000e+03 3.366489999999999760e-01
5.616000000000000000e+03 3.365270000000000206e-01
5.617000000000000000e+03 3.364039999999999808e-01
5.618000000000000000e+03 3.362820000000000253e-01
5.619000000000000000e+03 3.361589999999999856e-01
5.620000000000000000e+03 3.360360000000000014e-01
5.621000000000000000e+03 3.357470000000000176e-01
5.622000000000000000e+03 3.354579999999999784e-01
5.623000000000000000e+03 3.351680000000000215e-01
5.624000000000000000e+03 3.348800000000000110e-01
5.625000000000000000e+03 3.345899999999999985e-01
5.626000000000000000e+03 3.343010000000000148e-01
5.627000000000000000e+03 3.340119999999999756e-01
5.628000000000000000e+03 3.337229999999999919e-01
5.629000000000000000e+03 3.334340000000000082e-01
5.630000000000000000e+03 3.331450000000000244e-01
5.631000000000000000e+03 3.334309999999999774e-01
5.632000000000000000e+03 3.337180000000000146e-01
5.633000000000000000e+03 3.340049999999999963e-01
5.634000000000000000e+03 3.342919999999999781e-01
5.635000000000000000e+03 3.345790000000000153e-01
5.636000000000000000e+03 3.348670000000000258e-01
5.637000000000000000e+03 3.351540000000000075e-01
5.638000000000000000e+03 3.354409999999999892e-01
5.639000000000000000e+03 3.357280000000000264e-01
5.640000000000000000e+03 3.360150000000000081e-01
5.641000000000000000e+03 3.354480000000000239e-01
5.642000000000000000e+03 3.348809999999999842e-01
5.643000000000000000e+03 3.343140000000000001e-01
5.644000000000000000e+03 3.337470000000000159e-01
5.645000000000000000e+03 3.331790000000000029e-01
5.646000000000000000e+03 3.326120000000000188e-01
5.647000000000000000e+03 3.320429999999999771e-01
5.648000000000000000e+03 3.314759999999999929e-01
5.649000000000000000e+03 3.309079999999999799e-01
5.650000000000000000e+03 3.303400000000000225e-01
5.651000000000000000e+03 3.298470000000000013e-01
5.652000000000000000e+03 3.293539999999999801e-01
5.653000000000000000e+03 3.288619999999999877e-01
5.654000000000000000e+03 3.283690000000000220e-01
5.655000000000000000e+03 3.278760000000000008e-01
5.656000000000000000e+03 3.273829999999999796e-01
5.657000000000000000e+03 3.268900000000000139e-01
5.658000000000000000e+03 3.263969999999999927e-01
5.659000000000000000e+03 3.259040000000000270e-01
5.660000000000000000e+03 3.254110000000000058e-01
5.661000000000000000e+03 3.254029999999999978e-01
5.662000000000000000e+03 3.253940000000000166e-01
5.663000000000000000e+03 3.253860000000000086e-01
5.664000000000000000e+03 3.253770000000000273e-01
5.665000000000000000e+03 3.253690000000000193e-01
5.666000000000000000e+03 3.253610000000000113e-01
5.667000000000000000e+03 3.253530000000000033e-01
5.668000000000000000e+03 3.253440000000000221e-01
5.669000000000000000e+03 3.253360000000000141e-01
5.670000000000000000e+03 3.253280000000000061e-01
5.671000000000000000e+03 3.252459999999999796e-01
5.672000000000000000e+03 3.251649999999999818e-01
5.673000000000000000e+03 3.250850000000000128e-01
5.674000000000000000e+03 3.250040000000000151e-01
5.675000000000000000e+03 3.249219999999999886e-01
5.676000000000000000e+03 3.248409999999999909e-01
5.677000000000000000e+03 3.247610000000000219e-01
5.678000000000000000e+03 3.246789999999999954e-01
5.679000000000000000e+03 3.245990000000000264e-01
5.680000000000000000e+03 3.245169999999999999e-01
5.681000000000000000e+03 3.238369999999999860e-01
5.682000000000000000e+03 3.231570000000000276e-01
5.683000000000000000e+03 3.224770000000000136e-01
5.684000000000000000e+03 3.217969999999999997e-01
5.685000000000000000e+03 3.211160000000000125e-01
5.686000000000000000e+03 3.204339999999999966e-01
5.687000000000000000e+03 3.197539999999999827e-01
5.688000000000000000e+03 3.190720000000000223e-01
5.689000000000000000e+03 3.183900000000000063e-01
5.690000000000000000e+03 3.177090000000000192e-01
5.691000000000000000e+03 3.174790000000000112e-01
5.692000000000000000e+03 3.172499999999999765e-01
5.693000000000000000e+03 3.170209999999999972e-01
5.694000000000000000e+03 3.167909999999999893e-01
5.695000000000000000e+03 3.165629999999999833e-01
5.696000000000000000e+03 3.163329999999999753e-01
5.697000000000000000e+03 3.161039999999999961e-01
5.698000000000000000e+03 3.158750000000000169e-01
5.699000000000000000e+03 3.156450000000000089e-01
5.700000000000000000e+03 3.154159999999999742e-01
5.701000000000000000e+03 3.152989999999999959e-01
5.702000000000000000e+03 3.151829999999999909e-01
5.703000000000000000e+03 3.150680000000000147e-01
5.704000000000000000e+03 3.149509999999999810e-01
5.705000000000000000e+03 3.148349999999999760e-01
5.706000000000000000e+03 3.147179999999999978e-01
5.707000000000000000e+03 3.146030000000000215e-01
5.708000000000000000e+03 3.144859999999999878e-01
5.709000000000000000e+03 3.143699999999999828e-01
5.710000000000000000e+03 3.142539999999999778e-01
5.711000000000000000e+03 3.139419999999999988e-01
5.712000000000000000e+03 3.136300000000000199e-01
5.713000000000000000e+03 3.133190000000000142e-01
5.714000000000000000e+03 3.130069999999999797e-01
5.715000000000000000e+03 3.126950000000000007e-01
5.716000000000000000e+03 3.123839999999999950e-01
5.717000000000000000e+03 3.120720000000000161e-01
5.718000000000000000e+03 3.117610000000000103e-01
5.719000000000000000e+03 3.114489999999999759e-01
5.720000000000000000e+03 3.111380000000000257e-01
5.721000000000000000e+03 3.102530000000000010e-01
5.722000000000000000e+03 3.093699999999999783e-01
5.723000000000000000e+03 3.084859999999999824e-01
5.724000000000000000e+03 3.076030000000000153e-01
5.725000000000000000e+03 3.067190000000000194e-01
5.726000000000000000e+03 3.058359999999999967e-01
5.727000000000000000e+03 3.049529999999999741e-01
5.728000000000000000e+03 3.040709999999999802e-01
5.729000000000000000e+03 3.031880000000000130e-01
5.730000000000000000e+03 3.023049999999999904e-01
5.731000000000000000e+03 3.024470000000000214e-01
5.732000000000000000e+03 3.025869999999999949e-01
5.733000000000000000e+03 3.027290000000000258e-01
5.734000000000000000e+03 3.028710000000000013e-01
5.735000000000000000e+03 3.030120000000000036e-01
5.736000000000000000e+03 3.031539999999999790e-01
5.737000000000000000e+03 3.032960000000000100e-01
5.738000000000000000e+03 3.034379999999999855e-01
5.739000000000000000e+03 3.035809999999999897e-01
5.740000000000000000e+03 3.037230000000000207e-01
5.741000000000000000e+03 3.031079999999999885e-01
5.742000000000000000e+03 3.024959999999999871e-01
5.743000000000000000e+03 3.018819999999999837e-01
5.744000000000000000e+03 3.012679999999999803e-01
5.745000000000000000e+03 3.006550000000000056e-01
5.746000000000000000e+03 3.000410000000000021e-01
5.747000000000000000e+03 2.994280000000000275e-01
5.748000000000000000e+03 2.988149999999999973e-01
5.749000000000000000e+03 2.982020000000000226e-01
5.750000000000000000e+03 2.975889999999999924e-01
5.751000000000000000e+03 2.973149999999999959e-01
5.752000000000000000e+03 2.970400000000000262e-01
5.753000000000000000e+03 2.967650000000000010e-01
5.754000000000000000e+03 2.964890000000000025e-01
5.755000000000000000e+03 2.962150000000000061e-01
5.756000000000000000e+03 2.959390000000000076e-01
5.757000000000000000e+03 2.956650000000000111e-01
5.758000000000000000e+03 2.953890000000000127e-01
5.759000000000000000e+03 2.951130000000000142e-01
5.760000000000000000e+03 2.948390000000000177e-01
5.761000000000000000e+03 2.943609999999999838e-01
5.762000000000000000e+03 2.938850000000000073e-01
5.763000000000000000e+03 2.934089999999999754e-01
5.764000000000000000e+03 2.929320000000000257e-01
5.765000000000000000e+03 2.924559999999999937e-01
5.766000000000000000e+03 2.919800000000000173e-01
5.767000000000000000e+03 2.915039999999999853e-01
5.768000000000000000e+03 2.910280000000000089e-01
5.769000000000000000e+03 2.905519999999999770e-01
5.770000000000000000e+03 2.900750000000000273e-01
5.771000000000000000e+03 2.898310000000000053e-01
5.772000000000000000e+03 2.895860000000000101e-01
5.773000000000000000e+03 2.893410000000000148e-01
5.774000000000000000e+03 2.890969999999999929e-01
5.775000000000000000e+03 2.888510000000000244e-01
5.776000000000000000e+03 2.886059999999999737e-01
5.777000000000000000e+03 2.883609999999999784e-01
5.778000000000000000e+03 2.881159999999999832e-01
5.779000000000000000e+03 2.878709999999999880e-01
5.780000000000000000e+03 2.876259999999999928e-01
5.781000000000000000e+03 2.872569999999999846e-01
5.782000000000000000e+03 2.868859999999999744e-01
5.783000000000000000e+03 2.865170000000000217e-01
5.784000000000000000e+03 2.861460000000000115e-01
5.785000000000000000e+03 2.857770000000000032e-01
5.786000000000000000e+03 2.854070000000000218e-01
5.787000000000000000e+03 2.850369999999999848e-01
5.788000000000000000e+03 2.846670000000000034e-01
5.789000000000000000e+03 2.842970000000000219e-01
5.790000000000000000e+03 2.839269999999999849e-01
5.791000000000000000e+03 2.837979999999999947e-01
5.792000000000000000e+03 2.836679999999999757e-01
5.793000000000000000e+03 2.835380000000000122e-01
5.794000000000000000e+03 2.834090000000000220e-01
5.795000000000000000e+03 2.832790000000000030e-01
5.796000000000000000e+03 2.831500000000000128e-01
5.797000000000000000e+03 2.830210000000000226e-01
5.798000000000000000e+03 2.828910000000000036e-01
5.799000000000000000e+03 2.827620000000000133e-01
5.800000000000000000e+03 2.826319999999999943e-01
5.801000000000000000e+03 2.819329999999999892e-01
5.802000000000000000e+03 2.812330000000000108e-01
5.803000000000000000e+03 2.805329999999999768e-01
5.804000000000000000e+03 2.798329999999999984e-01
5.805000000000000000e+03 2.791330000000000200e-01
5.806000000000000000e+03 2.784329999999999861e-01
5.807000000000000000e+03 2.777339999999999809e-01
5.808000000000000000e+03 2.770340000000000025e-01
5.809000000000000000e+03 2.763349999999999973e-01
5.810000000000000000e+03 2.756350000000000189e-01
5.811000000000000000e+03 2.754269999999999774e-01
5.812000000000000000e+03 2.752180000000000182e-01
5.813000000000000000e+03 2.750099999999999767e-01
5.814000000000000000e+03 2.748010000000000175e-01
5.815000000000000000e+03 2.745920000000000027e-01
5.816000000000000000e+03 2.743840000000000168e-01
5.817000000000000000e+03 2.741750000000000020e-01
5.818000000000000000e+03 2.739659999999999873e-01
5.819000000000000000e+03 2.737569999999999726e-01
5.820000000000000000e+03 2.735489999999999866e-01
5.821000000000000000e+03 2.728450000000000042e-01
5.822000000000000000e+03 2.721410000000000218e-01
5.823000000000000000e+03 2.714369999999999838e-01
5.824000000000000000e+03 2.707330000000000014e-01
5.825000000000000000e+03 2.700279999999999903e-01
5.826000000000000000e+03 2.693229999999999791e-01
5.827000000000000000e+03 2.686189999999999967e-01
5.828000000000000000e+03 2.679130000000000122e-01
5.829000000000000000e+03 2.672089999999999743e-01
5.830000000000000000e+03 2.665029999999999899e-01
5.831000000000000000e+03 2.661680000000000157e-01
5.832000000000000000e+03 2.658340000000000147e-01
5.833000000000000000e+03 2.654989999999999850e-01
5.834000000000000000e+03 2.651640000000000108e-01
5.835000000000000000e+03 2.648300000000000098e-01
5.836000000000000000e+03 2.644949999999999801e-01
5.837000000000000000e+03 2.641600000000000059e-01
5.838000000000000000e+03 2.638260000000000050e-01
5.839000000000000000e+03 2.634909999999999752e-01
5.840000000000000000e+03 2.631569999999999743e-01
5.841000000000000000e+03 2.625700000000000256e-01
5.842000000000000000e+03 2.619830000000000214e-01
5.843000000000000000e+03 2.613960000000000172e-01
5.844000000000000000e+03 2.608099999999999863e-01
5.845000000000000000e+03 2.602229999999999821e-01
5.846000000000000000e+03 2.596359999999999779e-01
5.847000000000000000e+03 2.590489999999999737e-01
5.848000000000000000e+03 2.584620000000000251e-01
5.849000000000000000e+03 2.578750000000000209e-01
5.850000000000000000e+03 2.572880000000000167e-01
5.851000000000000000e+03 2.569489999999999830e-01
5.852000000000000000e+03 2.566100000000000048e-01
5.853000000000000000e+03 2.562710000000000266e-01
5.854000000000000000e+03 2.559330000000000216e-01
5.855000000000000000e+03 2.555930000000000146e-01
5.856000000000000000e+03 2.552539999999999809e-01
5.857000000000000000e+03 2.549159999999999759e-01
5.858000000000000000e+03 2.545769999999999977e-01
5.859000000000000000e+03 2.542389999999999928e-01
5.860000000000000000e+03 2.539000000000000146e-01
5.861000000000000000e+03 2.532429999999999959e-01
5.862000000000000000e+03 2.525859999999999772e-01
5.863000000000000000e+03 2.519290000000000140e-01
5.864000000000000000e+03 2.512710000000000221e-01
5.865000000000000000e+03 2.506129999999999747e-01
5.866000000000000000e+03 2.499550000000000105e-01
5.867000000000000000e+03 2.492969999999999908e-01
5.868000000000000000e+03 2.486379999999999979e-01
5.869000000000000000e+03 2.479790000000000050e-01
5.870000000000000000e+03 2.473210000000000131e-01
5.871000000000000000e+03 2.469349999999999878e-01
5.872000000000000000e+03 2.465489999999999904e-01
5.873000000000000000e+03 2.461639999999999939e-01
5.874000000000000000e+03 2.457779999999999965e-01
5.875000000000000000e+03 2.453919999999999990e-01
5.876000000000000000e+03 2.450070000000000026e-01
5.877000000000000000e+03 2.446210000000000051e-01
5.878000000000000000e+03 2.442350000000000076e-01
5.879000000000000000e+03 2.438500000000000112e-01
5.880000000000000000e+03 2.434640000000000137e-01
5.881000000000000000e+03 2.426619999999999888e-01
5.882000000000000000e+03 2.418599999999999917e-01
5.883000000000000000e+03 2.410569999999999935e-01
5.884000000000000000e+03 2.402539999999999953e-01
5.885000000000000000e+03 2.394509999999999972e-01
5.886000000000000000e+03 2.386479999999999990e-01
5.887000000000000000e+03 2.378439999999999999e-01
5.888000000000000000e+03 2.370410000000000017e-01
5.889000000000000000e+03 2.362370000000000025e-01
5.890000000000000000e+03 2.354330000000000034e-01
5.891000000000000000e+03 2.350379999999999969e-01
5.892000000000000000e+03 2.346439999999999915e-01
5.893000000000000000e+03 2.342500000000000138e-01
5.894000000000000000e+03 2.338550000000000073e-01
5.895000000000000000e+03 2.334610000000000019e-01
5.896000000000000000e+03 2.330659999999999954e-01
5.897000000000000000e+03 2.326709999999999889e-01
5.898000000000000000e+03 2.322760000000000102e-01
5.899000000000000000e+03 2.318810000000000038e-01
5.900000000000000000e+03 2.314859999999999973e-01
5.901000000000000000e+03 2.307089999999999974e-01
5.902000000000000000e+03 2.299299999999999955e-01
5.903000000000000000e+03 2.291529999999999956e-01
5.904000000000000000e+03 2.283749999999999947e-01
5.905000000000000000e+03 2.275969999999999938e-01
5.906000000000000000e+03 2.268179999999999918e-01
5.907000000000000000e+03 2.260399999999999909e-01
5.908000000000000000e+03 2.252619999999999900e-01
5.909000000000000000e+03 2.244839999999999891e-01
5.910000000000000000e+03 2.237049999999999872e-01
5.911000000000000000e+03 2.232300000000000118e-01
5.912000000000000000e+03 2.227550000000000086e-01
5.913000000000000000e+03 2.222790000000000044e-01
5.914000000000000000e+03 2.218040000000000012e-01
5.915000000000000000e+03 2.213289999999999980e-01
5.916000000000000000e+03 2.208529999999999938e-01
5.917000000000000000e+03 2.203779999999999906e-01
5.918000000000000000e+03 2.199029999999999874e-01
5.919000000000000000e+03 2.194280000000000119e-01
5.920000000000000000e+03 2.189530000000000087e-01
5.921000000000000000e+03 2.183319999999999983e-01
5.922000000000000000e+03 2.177109999999999879e-01
5.923000000000000000e+03 2.170900000000000052e-01
5.924000000000000000e+03 2.164679999999999938e-01
5.925000000000000000e+03 2.158470000000000111e-01
5.926000000000000000e+03 2.152239999999999986e-01
5.927000000000000000e+03 2.146019999999999872e-01
5.928000000000000000e+03 2.139800000000000035e-01
5.929000000000000000e+03 2.133569999999999911e-01
5.930000000000000000e+03 2.127350000000000074e-01
5.931000000000000000e+03 2.125009999999999954e-01
5.932000000000000000e+03 2.122670000000000112e-01
5.933000000000000000e+03 2.120340000000000003e-01
5.934000000000000000e+03 2.117999999999999883e-01
5.935000000000000000e+03 2.115660000000000041e-01
5.936000000000000000e+03 2.113319999999999921e-01
5.937000000000000000e+03 2.110990000000000089e-01
5.938000000000000000e+03 2.108649999999999969e-01
5.939000000000000000e+03 2.106310000000000127e-01
5.940000000000000000e+03 2.103970000000000007e-01
5.941000000000000000e+03 2.099779999999999980e-01
5.942000000000000000e+03 2.095589999999999953e-01
5.943000000000000000e+03 2.091399999999999926e-01
5.944000000000000000e+03 2.087209999999999899e-01
5.945000000000000000e+03 2.083019999999999872e-01
5.946000000000000000e+03 2.078820000000000112e-01
5.947000000000000000e+03 2.074630000000000085e-01
5.948000000000000000e+03 2.070430000000000048e-01
5.949000000000000000e+03 2.066240000000000021e-01
5.950000000000000000e+03 2.062039999999999984e-01
5.951000000000000000e+03 2.056139999999999912e-01
5.952000000000000000e+03 2.050220000000000098e-01
5.953000000000000000e+03 2.044310000000000016e-01
5.954000000000000000e+03 2.038399999999999934e-01
5.955000000000000000e+03 2.032490000000000130e-01
5.956000000000000000e+03 2.026570000000000038e-01
5.957000000000000000e+03 2.020649999999999946e-01
5.958000000000000000e+03 2.014730000000000132e-01
5.959000000000000000e+03 2.008810000000000040e-01
5.960000000000000000e+03 2.002889999999999948e-01
5.961000000000000000e+03 2.000240000000000073e-01
5.962000000000000000e+03 1.997599999999999931e-01
5.963000000000000000e+03 1.994950000000000057e-01
5.964000000000000000e+03 1.992299999999999904e-01
5.965000000000000000e+03 1.989650000000000030e-01
5.966000000000000000e+03 1.986999999999999877e-01
5.967000000000000000e+03 1.984350000000000003e-01
5.968000000000000000e+03 1.981700000000000128e-01
5.969000000000000000e+03 1.979049999999999976e-01
5.970000000000000000e+03 1.976400000000000101e-01
5.971000000000000000e+03 1.975349999999999884e-01
5.972000000000000000e+03 1.974309999999999954e-01
5.973000000000000000e+03 1.973260000000000014e-01
5.974000000000000000e+03 1.972220000000000084e-01
5.975000000000000000e+03 1.971169999999999867e-01
5.976000000000000000e+03 1.970119999999999927e-01
5.977000000000000000e+03 1.969079999999999997e-01
5.978000000000000000e+03 1.968030000000000057e-01
5.979000000000000000e+03 1.966990000000000127e-01
5.980000000000000000e+03 1.965939999999999910e-01
5.981000000000000000e+03 1.963900000000000090e-01
5.982000000000000000e+03 1.961870000000000003e-01
5.983000000000000000e+03 1.959829999999999905e-01
5.984000000000000000e+03 1.957790000000000086e-01
5.985000000000000000e+03 1.955749999999999988e-01
5.986000000000000000e+03 1.953709999999999891e-01
5.987000000000000000e+03 1.951670000000000071e-01
5.988000000000000000e+03 1.949629999999999974e-01
5.989000000000000000e+03 1.947579999999999867e-01
5.990000000000000000e+03 1.945540000000000047e-01
5.991000000000000000e+03 1.944510000000000127e-01
5.992000000000000000e+03 1.943479999999999930e-01
5.993000000000000000e+03 1.942450000000000010e-01
5.994000000000000000e+03 1.941420000000000090e-01
5.995000000000000000e+03 1.940389999999999893e-01
5.996000000000000000e+03 1.939349999999999963e-01
5.997000000000000000e+03 1.938320000000000043e-01
5.998000000000000000e+03 1.937290000000000123e-01
5.999000000000000000e+03 1.936249999999999916e-01
6.000000000000000000e+03 1.935219999999999996e-01
6.001000000000000000e+03 1.928729999999999889e-01
6.002000000000000000e+03 1.922230000000000050e-01
6.003000000000000000e+03 1.915729999999999933e-01
6.004000000000000000e+03 1.909230000000000094e-01
6.005000000000000000e+03 1.902729999999999977e-01
6.006000000000000000e+03 1.896220000000000128e-01
6.007000000000000000e+03 1.889720000000000011e-01
6.008000000000000000e+03 1.883209999999999884e-01
6.009000000000000000e+03 1.876690000000000025e-01
6.010000000000000000e+03 1.870179999999999898e-01
6.011000000000000000e+03 1.864449999999999996e-01
6.012000000000000000e+03 1.858720000000000094e-01
6.013000000000000000e+03 1.852989999999999915e-01
6.014000000000000000e+03 1.847250000000000003e-01
6.015000000000000000e+03 1.841520000000000101e-01
6.016000000000000000e+03 1.835789999999999922e-01
6.017000000000000000e+03 1.830050000000000010e-01
6.018000000000000000e+03 1.824310000000000098e-01
6.019000000000000000e+03 1.818569999999999909e-01
6.020000000000000000e+03 1.812829999999999997e-01
6.021000000000000000e+03 1.799999999999999933e-01
6.022000000000000000e+03 1.787160000000000137e-01
6.023000000000000000e+03 1.774310000000000054e-01
6.024000000000000000e+03 1.761459999999999970e-01
6.025000000000000000e+03 1.748599999999999877e-01
6.026000000000000000e+03 1.735750000000000071e-01
6.027000000000000000e+03 1.722879999999999967e-01
6.028000000000000000e+03 1.710009999999999863e-01
6.029000000000000000e+03 1.697140000000000037e-01
6.030000000000000000e+03 1.684259999999999924e-01
6.031000000000000000e+03 1.671479999999999910e-01
6.032000000000000000e+03 1.658699999999999897e-01
6.033000000000000000e+03 1.645909999999999873e-01
6.034000000000000000e+03 1.633110000000000117e-01
6.035000000000000000e+03 1.620300000000000074e-01
6.036000000000000000e+03 1.607490000000000030e-01
6.037000000000000000e+03 1.594669999999999976e-01
6.038000000000000000e+03 1.581849999999999923e-01
6.039000000000000000e+03 1.569020000000000137e-01
6.040000000000000000e+03 1.556180000000000063e-01
6.041000000000000000e+03 1.537610000000000088e-01
6.042000000000000000e+03 1.519050000000000122e-01
6.043000000000000000e+03 1.500470000000000137e-01
6.044000000000000000e+03 1.481889999999999874e-01
6.045000000000000000e+03 1.463309999999999889e-01
6.046000000000000000e+03 1.444729999999999903e-01
6.047000000000000000e+03 1.426139999999999908e-01
6.048000000000000000e+03 1.407549999999999912e-01
6.049000000000000000e+03 1.388949999999999907e-01
6.050000000000000000e+03 1.370349999999999902e-01
6.051000000000000000e+03 1.348169999999999924e-01
6.052000000000000000e+03 1.325979999999999936e-01
6.053000000000000000e+03 1.303789999999999949e-01
6.054000000000000000e+03 1.281579999999999941e-01
6.055000000000000000e+03 1.259369999999999934e-01
6.056000000000000000e+03 1.237160000000000065e-01
6.057000000000000000e+03 1.214930000000000038e-01
6.058000000000000000e+03 1.192700000000000010e-01
6.059000000000000000e+03 1.170469999999999983e-01
6.060000000000000000e+03 1.148219999999999935e-01
6.061000000000000000e+03 1.125540000000000013e-01
6.062000000000000000e+03 1.102849999999999941e-01
6.063000000000000000e+03 1.080149999999999999e-01
6.064000000000000000e+03 1.057440000000000047e-01
6.065000000000000000e+03 1.034729999999999955e-01
6.066000000000000000e+03 1.012009999999999993e-01
6.067000000000000000e+03 9.892769999999999342e-02
6.068000000000000000e+03 9.665419999999999567e-02
6.069000000000000000e+03 9.437959999999999405e-02
6.070000000000000000e+03 9.210430000000000006e-02
6.071000000000000000e+03 9.009799999999999753e-02
6.072000000000000000e+03 8.809119999999999451e-02
6.073000000000000000e+03 8.608409999999999673e-02
6.074000000000000000e+03 8.407620000000000371e-02
6.075000000000000000e+03 8.206839999999999968e-02
6.076000000000000000e+03 8.005980000000000041e-02
6.077000000000000000e+03 7.805070000000000063e-02
6.078000000000000000e+03 7.604130000000000611e-02
6.079000000000000000e+03 7.403150000000000008e-02
6.080000000000000000e+03 7.202110000000000456e-02
6.081000000000000000e+03 7.024510000000000476e-02
6.082000000000000000e+03 6.846829999999999583e-02
6.083000000000000000e+03 6.669089999999999741e-02
6.084000000000000000e+03 6.491280000000000661e-02
6.085000000000000000e+03 6.313420000000000143e-02
6.086000000000000000e+03 6.135480000000000100e-02
6.087000000000000000e+03 5.957459999999999839e-02
6.088000000000000000e+03 5.779410000000000103e-02
6.089000000000000000e+03 5.601269999999999860e-02
6.090000000000000000e+03 5.423059999999999686e-02
6.091000000000000000e+03 5.288679999999999770e-02
6.092000000000000000e+03 5.154269999999999685e-02
6.093000000000000000e+03 5.019810000000000244e-02
6.094000000000000000e+03 4.885330000000000228e-02
6.095000000000000000e+03 4.750789999999999874e-02
6.096000000000000000e+03 4.616230000000000333e-02
6.097000000000000000e+03 4.481630000000000336e-02
6.098000000000000000e+03 4.346980000000000288e-02
6.099000000000000000e+03 4.212300000000000072e-02
6.100000000000000000e+03 4.077580000000000093e-02
6.101000000000000000e+03 3.972210000000000324e-02
6.102000000000000000e+03 3.866839999999999861e-02
6.103000000000000000e+03 3.761420000000000041e-02
6.104000000000000000e+03 3.655989999999999934e-02
6.105000000000000000e+03 3.550520000000000065e-02
6.106000000000000000e+03 3.445020000000000027e-02
6.107000000000000000e+03 3.339509999999999701e-02
6.108000000000000000e+03 3.233960000000000307e-02
6.109000000000000000e+03 3.128390000000000337e-02
6.110000000000000000e+03 3.022789999999999852e-02
6.111000000000000000e+03 2.947879999999999945e-02
6.112000000000000000e+03 2.872929999999999928e-02
6.113000000000000000e+03 2.797950000000000090e-02
6.114000000000000000e+03 2.722940000000000083e-02
6.115000000000000000e+03 2.647889999999999966e-02
6.116000000000000000e+03 2.572810000000000027e-02
6.117000000000000000e+03 2.497689999999999980e-02
6.118000000000000000e+03 2.422540000000000110e-02
6.119000000000000000e+03 2.347360000000000071e-02
6.120000000000000000e+03 2.272139999999999924e-02
6.121000000000000000e+03 2.214750000000000052e-02
6.122000000000000000e+03 2.157339999999999952e-02
6.123000000000000000e+03 2.099909999999999971e-02
6.124000000000000000e+03 2.042470000000000049e-02
6.125000000000000000e+03 1.985009999999999900e-02
6.126000000000000000e+03 1.927529999999999868e-02
6.127000000000000000e+03 1.870029999999999956e-02
6.128000000000000000e+03 1.812520000000000103e-02
6.129000000000000000e+03 1.754980000000000082e-02
6.130000000000000000e+03 1.697430000000000119e-02
6.131000000000000000e+03 1.655159999999999965e-02
6.132000000000000000e+03 1.612869999999999929e-02
6.133000000000000000e+03 1.570560000000000012e-02
6.134000000000000000e+03 1.528249999999999921e-02
6.135000000000000000e+03 1.485910000000000009e-02
6.136000000000000000e+03 1.443559999999999982e-02
6.137000000000000000e+03 1.401200000000000015e-02
6.138000000000000000e+03 1.358829999999999934e-02
6.139000000000000000e+03 1.316439999999999971e-02
6.140000000000000000e+03 1.274040000000000068e-02
6.141000000000000000e+03 1.241830000000000017e-02
6.142000000000000000e+03 1.209610000000000025e-02
6.143000000000000000e+03 1.177379999999999920e-02
6.144000000000000000e+03 1.145140000000000047e-02
6.145000000000000000e+03 1.112879999999999946e-02
6.146000000000000000e+03 1.080620000000000018e-02
6.147000000000000000e+03 1.048340000000000036e-02
6.148000000000000000e+03 1.016049999999999939e-02
6.149000000000000000e+03 9.837490000000000817e-03
6.150000000000000000e+03 9.514359999999999484e-03
6.151000000000000000e+03 9.287939999999999738e-03
6.152000000000000000e+03 9.061460000000000348e-03
6.153000000000000000e+03 8.834929999999999520e-03
6.154000000000000000e+03 8.608360000000000664e-03
6.155000000000000000e+03 8.381730000000000430e-03
6.156000000000000000e+03 8.155050000000000493e-03
6.157000000000000000e+03 7.928330000000000793e-03
6.158000000000000000e+03 7.701559999999999656e-03
6.159000000000000000e+03 7.474749999999999624e-03
6.160000000000000000e+03 7.247889999999999888e-03
6.161000000000000000e+03 7.082040000000000383e-03
6.162000000000000000e+03 6.916150000000000249e-03
6.163000000000000000e+03 6.750189999999999663e-03
6.164000000000000000e+03 6.584160000000000360e-03
6.165000000000000000e+03 6.418059999999999737e-03
6.166000000000000000e+03 6.251900000000000339e-03
6.167000000000000000e+03 6.085649999999999740e-03
6.168000000000000000e+03 5.919350000000000306e-03
6.169000000000000000e+03 5.752980000000000420e-03
6.170000000000000000e+03 5.586550000000000023e-03
6.171000000000000000e+03 5.462780000000000413e-03
6.172000000000000000e+03 5.338970000000000174e-03
6.173000000000000000e+03 5.215120000000000172e-03
6.174000000000000000e+03 5.091209999999999659e-03
6.175000000000000000e+03 4.967270000000000192e-03
6.176000000000000000e+03 4.843270000000000214e-03
6.177000000000000000e+03 4.719229999999999606e-03
6.178000000000000000e+03 4.595150000000000103e-03
6.179000000000000000e+03 4.471010000000000088e-03
6.180000000000000000e+03 4.346840000000000252e-03
6.181000000000000000e+03 4.316290000000000404e-03
6.182000000000000000e+03 4.285749999999999629e-03
6.183000000000000000e+03 4.255189999999999841e-03
6.184000000000000000e+03 4.224620000000000111e-03
6.185000000000000000e+03 4.194039999999999574e-03
6.186000000000000000e+03 4.163459999999999904e-03
6.187000000000000000e+03 4.132850000000000412e-03
6.188000000000000000e+03 4.102240000000000053e-03
6.189000000000000000e+03 4.071619999999999753e-03
6.190000000000000000e+03 4.040990000000000380e-03
6.191000000000000000e+03 4.010449999999999605e-03
6.192000000000000000e+03 3.979899999999999757e-03
6.193000000000000000e+03 3.949349999999999909e-03
6.194000000000000000e+03 3.918770000000000239e-03
6.195000000000000000e+03 3.888190000000000136e-03
6.196000000000000000e+03 3.857590000000000151e-03
6.197000000000000000e+03 3.826990000000000166e-03
6.198000000000000000e+03 3.796369999999999866e-03
6.199000000000000000e+03 3.765740000000000059e-03
6.200000000000000000e+03 3.735089999999999938e-03
6.201000000000000000e+03 3.678129999999999941e-03
6.202000000000000000e+03 3.621150000000000063e-03
6.203000000000000000e+03 3.564170000000000185e-03
6.204000000000000000e+03 3.507179999999999933e-03
6.205000000000000000e+03 3.450180000000000174e-03
6.206000000000000000e+03 3.393170000000000040e-03
6.207000000000000000e+03 3.336149999999999966e-03
6.208000000000000000e+03 3.279129999999999892e-03
6.209000000000000000e+03 3.222089999999999937e-03
6.210000000000000000e+03 3.165049999999999981e-03
6.211000000000000000e+03 3.108029999999999907e-03
6.212000000000000000e+03 3.050980000000000011e-03
6.213000000000000000e+03 2.993940000000000056e-03
6.214000000000000000e+03 2.936869999999999845e-03
6.215000000000000000e+03 2.879810000000000009e-03
6.216000000000000000e+03 2.822729999999999857e-03
6.217000000000000000e+03 2.765640000000000199e-03
6.218000000000000000e+03 2.708550000000000107e-03
6.219000000000000000e+03 2.651450000000000074e-03
6.220000000000000000e+03 2.594340000000000101e-03
6.221000000000000000e+03 2.537479999999999944e-03
6.222000000000000000e+03 2.480599999999999906e-03
6.223000000000000000e+03 2.423709999999999927e-03
6.224000000000000000e+03 2.366780000000000186e-03
6.225000000000000000e+03 2.309840000000000070e-03
6.226000000000000000e+03 2.252890000000000014e-03
6.227000000000000000e+03 2.195910000000000136e-03
6.228000000000000000e+03 2.138909999999999943e-03
6.229000000000000000e+03 2.081879999999999929e-03
6.230000000000000000e+03 2.024839999999999973e-03
6.231000000000000000e+03 1.967589999999999964e-03
6.232000000000000000e+03 1.910320000000000074e-03
6.233000000000000000e+03 1.853049999999999966e-03
6.234000000000000000e+03 1.795759999999999978e-03
6.235000000000000000e+03 1.738469999999999989e-03
6.236000000000000000e+03 1.681170000000000060e-03
6.237000000000000000e+03 1.623869999999999914e-03
6.238000000000000000e+03 1.566550000000000104e-03
6.239000000000000000e+03 1.509230000000000077e-03
6.240000000000000000e+03 1.451889999999999951e-03
6.241000000000000000e+03 1.431280000000000052e-03
6.242000000000000000e+03 1.410659999999999996e-03
6.243000000000000000e+03 1.390029999999999998e-03
6.244000000000000000e+03 1.369400000000000001e-03
6.245000000000000000e+03 1.348760000000000063e-03
6.246000000000000000e+03 1.328119999999999908e-03
6.247000000000000000e+03 1.307470000000000030e-03
6.248000000000000000e+03 1.286819999999999934e-03
6.249000000000000000e+03 1.266159999999999898e-03
6.250000000000000000e+03 1.245500000000000079e-03
6.251000000000000000e+03 1.224800000000000064e-03
6.252000000000000000e+03 1.204100000000000049e-03
6.253000000000000000e+03 1.183400000000000033e-03
6.254000000000000000e+03 1.162679999999999920e-03
6.255000000000000000e+03 1.141969999999999964e-03
6.256000000000000000e+03 1.121250000000000068e-03
6.257000000000000000e+03 1.100529999999999954e-03
6.258000000000000000e+03 1.079799999999999901e-03
6.259000000000000000e+03 1.059070000000000063e-03
6.260000000000000000e+03 1.038330000000000069e-03
6.261000000000000000e+03 1.017630000000000054e-03
6.262000000000000000e+03 9.969099999999999403e-04
6.263000000000000000e+03 9.761880000000000123e-04
6.264000000000000000e+03 9.554630000000000371e-04
6.265000000000000000e+03 9.347290000000000286e-04
6.266000000000000000e+03 9.139940000000000044e-04
6.267000000000000000e+03 8.932529999999999941e-04
6.268000000000000000e+03 8.725049999999999820e-04
6.269000000000000000e+03 8.517550000000000468e-04
6.270000000000000000e+03 8.309969999999999857e-04
6.271000000000000000e+03 8.102930000000000159e-04
6.272000000000000000e+03 7.895810000000000285e-04
6.273000000000000000e+03 7.688620000000000393e-04
6.274000000000000000e+03 7.481340000000000169e-04
6.275000000000000000e+03 7.273969999999999611e-04
6.276000000000000000e+03 7.066519999999999963e-04
6.277000000000000000e+03 6.859000000000000296e-04
6.278000000000000000e+03 6.651390000000000297e-04
6.279000000000000000e+03 6.443689999999999965e-04
6.280000000000000000e+03 6.235919999999999614e-04
6.281000000000000000e+03 6.149620000000000390e-04
6.282000000000000000e+03 6.063309999999999924e-04
6.283000000000000000e+03 5.976990000000000384e-04
6.284000000000000000e+03 5.890659999999999603e-04
6.285000000000000000e+03 5.804309999999999591e-04
6.286000000000000000e+03 5.717950000000000506e-04
6.287000000000000000e+03 5.631600000000000494e-04
6.288000000000000000e+03 5.545209999999999853e-04
6.289000000000000000e+03 5.458830000000000453e-04
6.290000000000000000e+03 5.372429999999999654e-04
6.291000000000000000e+03 5.286169999999999975e-04
6.292000000000000000e+03 5.199910000000000296e-04
6.293000000000000000e+03 5.113620000000000144e-04
6.294000000000000000e+03 5.027319999999999836e-04
6.295000000000000000e+03 4.941010000000000454e-04
6.296000000000000000e+03 4.854670000000000057e-04
6.297000000000000000e+03 4.768309999999999888e-04
6.298000000000000000e+03 4.681950000000000261e-04
6.299000000000000000e+03 4.595569999999999777e-04
6.300000000000000000e+03 4.509180000000000219e-04
6.301000000000000000e+03 4.422699999999999787e-04
6.302000000000000000e+03 4.336230000000000054e-04
6.303000000000000000e+03 4.249740000000000006e-04
6.304000000000000000e+03 4.163230000000000186e-04
6.305000000000000000e+03 4.076719999999999823e-04
6.306000000000000000e+03 3.990180000000000072e-04
6.307000000000000000e+03 3.903630000000000164e-04
6.308000000000000000e+03 3.817070000000000098e-04
6.309000000000000000e+03 3.730490000000000260e-04
6.310000000000000000e+03 3.643909999999999879e-04
6.311000000000000000e+03 3.557550000000000252e-04
6.312000000000000000e+03 3.471160000000000152e-04
6.313000000000000000e+03 3.384749999999999738e-04
6.314000000000000000e+03 3.298309999999999935e-04
6.315000000000000000e+03 3.211849999999999818e-04
6.316000000000000000e+03 3.125369999999999928e-04
6.317000000000000000e+03 3.038849999999999950e-04
6.318000000000000000e+03 2.952310000000000199e-04
6.319000000000000000e+03 2.865739999999999976e-04
6.320000000000000000e+03 2.779149999999999980e-04
6.321000000000000000e+03 2.744339999999999952e-04
6.322000000000000000e+03 2.709519999999999767e-04
6.323000000000000000e+03 2.674700000000000124e-04
6.324000000000000000e+03 2.639860000000000166e-04
6.325000000000000000e+03 2.605020000000000209e-04
6.326000000000000000e+03 2.570159999999999936e-04
6.327000000000000000e+03 2.535290000000000048e-04
6.328000000000000000e+03 2.500410000000000002e-04
6.329000000000000000e+03 2.465529999999999957e-04
6.330000000000000000e+03 2.430619999999999981e-04
6.331000000000000000e+03 2.395759999999999979e-04
6.332000000000000000e+03 2.360879999999999934e-04
6.333000000000000000e+03 2.325990000000000002e-04
6.334000000000000000e+03 2.291089999999999913e-04
6.335000000000000000e+03 2.256170000000000050e-04
6.336000000000000000e+03 2.221249999999999917e-04
6.337000000000000000e+03 2.186310000000000011e-04
6.338000000000000000e+03 2.151359999999999948e-04
6.339000000000000000e+03 2.116399999999999998e-04
6.340000000000000000e+03 2.081420000000000004e-04
6.341000000000000000e+03 2.046139999999999895e-04
6.342000000000000000e+03 2.010860000000000056e-04
6.343000000000000000e+03 1.975570000000000060e-04
6.344000000000000000e+03 1.940289999999999951e-04
6.345000000000000000e+03 1.904999999999999955e-04
6.346000000000000000e+03 1.869709999999999959e-04
6.347000000000000000e+03 1.834419999999999963e-04
6.348000000000000000e+03 1.799129999999999968e-04
6.349000000000000000e+03 1.763839999999999972e-04
6.350000000000000000e+03 1.728540000000000089e-04
6.351000000000000000e+03 1.693440000000000104e-04
6.352000000000000000e+03 1.658329999999999960e-04
6.353000000000000000e+03 1.623209999999999931e-04
6.354000000000000000e+03 1.588080000000000015e-04
6.355000000000000000e+03 1.552939999999999941e-04
6.356000000000000000e+03 1.517789999999999981e-04
6.357000000000000000e+03 1.482640000000000021e-04
6.358000000000000000e+03 1.447460000000000131e-04
6.359000000000000000e+03 1.412290000000000127e-04
6.360000000000000000e+03 1.377100000000000080e-04
6.361000000000000000e+03 1.361009999999999900e-04
6.362000000000000000e+03 1.344910000000000105e-04
6.363000000000000000e+03 1.328810000000000039e-04
6.364000000000000000e+03 1.312709999999999973e-04
6.365000000000000000e+03 1.296600000000000020e-04
6.366000000000000000e+03 1.280499999999999954e-04
6.367000000000000000e+03 1.264390000000000002e-04
6.368000000000000000e+03 1.248280000000000049e-04
6.369000000000000000e+03 1.232159999999999939e-04
6.370000000000000000e+03 1.216039999999999965e-04
6.371000000000000000e+03 1.200070000000000048e-04
6.372000000000000000e+03 1.184099999999999996e-04
6.373000000000000000e+03 1.168110000000000036e-04
6.374000000000000000e+03 1.152119999999999940e-04
6.375000000000000000e+03 1.136129999999999980e-04
6.376000000000000000e+03 1.120119999999999975e-04
6.377000000000000000e+03 1.104109999999999971e-04
6.378000000000000000e+03 1.088099999999999967e-04
6.379000000000000000e+03 1.072070000000000054e-04
6.380000000000000000e+03 1.056040000000000006e-04
6.381000000000000000e+03 1.039949999999999962e-04
6.382000000000000000e+03 1.023840000000000009e-04
6.383000000000000000e+03 1.007739999999999943e-04
6.384000000000000000e+03 9.916270000000000520e-05
6.385000000000000000e+03 9.755100000000000164e-05
6.386000000000000000e+03 9.593880000000000376e-05
6.387000000000000000e+03 9.432640000000000545e-05
6.388000000000000000e+03 9.271340000000000581e-05
6.389000000000000000e+03 9.110000000000000530e-05
6.390000000000000000e+03 8.948580000000000304e-05
6.391000000000000000e+03 8.786549999999999417e-05
6.392000000000000000e+03 8.624470000000000454e-05
6.393000000000000000e+03 8.462399999999999480e-05
6.394000000000000000e+03 8.300260000000000385e-05
6.395000000000000000e+03 8.138110000000000591e-05
6.396000000000000000e+03 7.975939999999999397e-05
6.397000000000000000e+03 7.813749999999999515e-05
6.398000000000000000e+03 7.651539999999999590e-05
6.399000000000000000e+03 7.489280000000000232e-05
6.400000000000000000e+03 7.327039999999999562e-05
