# F560W
4.758000000000000000e+04 1.000000000000000048e-04
4.764000000000000000e+04 1.000000000000000048e-04
4.770000000000000000e+04 1.000000000000000048e-04
4.776000000000000000e+04 1.000000000000000048e-04
4.782000000000000000e+04 1.000000000000000048e-04
4.787000000000000000e+04 1.000000000000000048e-04
4.793000000000000000e+04 1.000000000000000048e-04
4.799000000000000000e+04 1.000000000000000048e-04
4.805000000000000000e+04 2.000000000000000096e-04
4.811000000000000000e+04 2.000000000000000096e-04
4.816000000000000000e+04 2.999999999999999737e-04
4.822000000000000000e+04 2.999999999999999737e-04
4.828000000000000000e+04 4.000000000000000192e-04
4.834000000000000000e+04 5.000000000000000104e-04
4.840000000000000000e+04 5.999999999999999474e-04
4.845000000000000000e+04 8.999999999999999754e-04
4.851000000000000000e+04 1.100000000000000066e-03
4.857000000000000000e+04 1.399999999999999986e-03
4.863000000000000000e+04 1.699999999999999905e-03
4.869000000000000000e+04 2.200000000000000133e-03
4.874000000000000000e+04 2.599999999999999881e-03
4.880000000000000000e+04 3.099999999999999891e-03
4.886000000000000000e+04 3.500000000000000073e-03
4.892000000000000000e+04 4.000000000000000083e-03
4.898000000000000000e+04 4.400000000000000265e-03
4.903000000000000000e+04 4.700000000000000185e-03
4.909000000000000000e+04 5.000000000000000104e-03
4.915000000000000000e+04 5.300000000000000024e-03
4.921000000000000000e+04 5.599999999999999943e-03
4.927000000000000000e+04 6.000000000000000125e-03
4.932000000000000000e+04 6.400000000000000307e-03
4.938000000000000000e+04 6.799999999999999621e-03
4.944000000000000000e+04 7.499999999999999722e-03
4.950000000000000000e+04 8.300000000000000086e-03
4.956000000000000000e+04 9.199999999999999845e-03
4.961000000000000000e+04 1.030000000000000013e-02
4.967000000000000000e+04 1.209999999999999964e-02
4.973000000000000000e+04 1.389999999999999916e-02
4.979000000000000000e+04 1.580000000000000154e-02
4.985000000000000000e+04 1.940000000000000058e-02
4.990000000000000000e+04 2.340000000000000066e-02
4.996000000000000000e+04 2.740000000000000074e-02
5.002000000000000000e+04 3.320000000000000034e-02
5.008000000000000000e+04 4.209999999999999853e-02
5.014000000000000000e+04 5.109999999999999959e-02
5.019000000000000000e+04 6.010000000000000064e-02
5.025000000000000000e+04 7.639999999999999569e-02
5.031000000000000000e+04 9.349999999999999978e-02
5.037000000000000000e+04 1.107000000000000067e-01
5.043000000000000000e+04 1.302000000000000102e-01
5.048000000000000000e+04 1.524999999999999967e-01
5.054000000000000000e+04 1.748999999999999999e-01
5.060000000000000000e+04 1.973999999999999921e-01
5.066000000000000000e+04 2.122999999999999887e-01
5.072000000000000000e+04 2.273000000000000020e-01
5.077000000000000000e+04 2.424000000000000044e-01
5.083000000000000000e+04 2.506999999999999784e-01
5.089000000000000000e+04 2.535999999999999921e-01
5.095000000000000000e+04 2.565000000000000058e-01
5.101000000000000000e+04 2.589000000000000190e-01
5.106000000000000000e+04 2.567999999999999727e-01
5.112000000000000000e+04 2.546999999999999820e-01
5.118000000000000000e+04 2.525000000000000022e-01
5.124000000000000000e+04 2.505000000000000004e-01
5.130000000000000000e+04 2.485999999999999877e-01
5.135000000000000000e+04 2.467000000000000026e-01
5.141000000000000000e+04 2.452000000000000013e-01
5.147000000000000000e+04 2.452999999999999903e-01
5.153000000000000000e+04 2.454000000000000070e-01
5.159000000000000000e+04 2.454999999999999960e-01
5.164000000000000000e+04 2.475999999999999868e-01
5.170000000000000000e+04 2.503000000000000225e-01
5.176000000000000000e+04 2.530000000000000027e-01
5.182000000000000000e+04 2.561999999999999833e-01
5.188000000000000000e+04 2.605000000000000093e-01
5.193000000000000000e+04 2.647999999999999798e-01
5.199000000000000000e+04 2.691999999999999948e-01
5.205000000000000000e+04 2.726000000000000090e-01
5.211000000000000000e+04 2.760000000000000231e-01
5.217000000000000000e+04 2.793999999999999817e-01
5.222000000000000000e+04 2.814999999999999725e-01
5.228000000000000000e+04 2.817000000000000060e-01
5.234000000000000000e+04 2.819999999999999729e-01
5.240000000000000000e+04 2.822999999999999954e-01
5.246000000000000000e+04 2.796000000000000152e-01
5.251000000000000000e+04 2.767000000000000015e-01
5.257000000000000000e+04 2.737999999999999878e-01
5.263000000000000000e+04 2.703999999999999737e-01
5.269000000000000000e+04 2.664000000000000257e-01
5.275000000000000000e+04 2.625000000000000111e-01
5.280000000000000000e+04 2.585000000000000075e-01
5.286000000000000000e+04 2.550999999999999934e-01
5.292000000000000000e+04 2.518000000000000238e-01
5.298000000000000000e+04 2.484000000000000097e-01
5.304000000000000000e+04 2.459000000000000075e-01
5.309000000000000000e+04 2.439000000000000057e-01
5.315000000000000000e+04 2.419999999999999929e-01
5.321000000000000000e+04 2.404000000000000026e-01
5.327000000000000000e+04 2.406999999999999973e-01
5.333000000000000000e+04 2.409999999999999920e-01
5.338000000000000000e+04 2.412999999999999867e-01
5.344000000000000000e+04 2.431000000000000105e-01
5.350000000000000000e+04 2.454000000000000070e-01
5.356000000000000000e+04 2.477999999999999925e-01
5.362000000000000000e+04 2.503000000000000225e-01
5.367000000000000000e+04 2.534000000000000141e-01
5.373000000000000000e+04 2.564000000000000168e-01
5.379000000000000000e+04 2.595000000000000084e-01
5.385000000000000000e+04 2.634000000000000230e-01
5.391000000000000000e+04 2.674000000000000266e-01
5.396000000000000000e+04 2.713999999999999746e-01
5.402000000000000000e+04 2.756000000000000116e-01
5.408000000000000000e+04 2.800000000000000266e-01
5.414000000000000000e+04 2.843999999999999861e-01
5.420000000000000000e+04 2.888999999999999901e-01
5.425000000000000000e+04 2.901000000000000245e-01
5.431000000000000000e+04 2.911000000000000254e-01
5.437000000000000000e+04 2.919999999999999818e-01
5.443000000000000000e+04 2.923000000000000043e-01
5.449000000000000000e+04 2.919999999999999818e-01
5.454000000000000000e+04 2.916000000000000258e-01
5.460000000000000000e+04 2.911000000000000254e-01
5.466000000000000000e+04 2.886000000000000232e-01
5.472000000000000000e+04 2.859999999999999765e-01
5.478000000000000000e+04 2.833999999999999853e-01
5.483000000000000000e+04 2.802999999999999936e-01
5.489000000000000000e+04 2.767999999999999905e-01
5.495000000000000000e+04 2.731999999999999984e-01
5.501000000000000000e+04 2.700000000000000178e-01
5.507000000000000000e+04 2.682999999999999829e-01
5.512000000000000000e+04 2.666999999999999926e-01
5.518000000000000000e+04 2.651000000000000023e-01
5.524000000000000000e+04 2.646000000000000019e-01
5.530000000000000000e+04 2.646000000000000019e-01
5.536000000000000000e+04 2.646000000000000019e-01
5.541000000000000000e+04 2.652999999999999803e-01
5.547000000000000000e+04 2.681999999999999940e-01
5.553000000000000000e+04 2.711000000000000076e-01
5.559000000000000000e+04 2.740000000000000213e-01
5.565000000000000000e+04 2.787000000000000033e-01
5.570000000000000000e+04 2.837999999999999967e-01
5.576000000000000000e+04 2.888999999999999901e-01
5.582000000000000000e+04 2.936000000000000276e-01
5.588000000000000000e+04 2.975999999999999757e-01
5.594000000000000000e+04 3.015999999999999792e-01
5.599000000000000000e+04 3.055999999999999828e-01
5.605000000000000000e+04 3.095999999999999863e-01
5.611000000000000000e+04 3.135000000000000009e-01
5.617000000000000000e+04 3.175000000000000044e-01
5.623000000000000000e+04 3.206999999999999851e-01
5.628000000000000000e+04 3.230000000000000093e-01
5.634000000000000000e+04 3.254000000000000226e-01
5.640000000000000000e+04 3.276999999999999913e-01
5.646000000000000000e+04 3.257999999999999785e-01
5.652000000000000000e+04 3.240000000000000102e-01
5.657000000000000000e+04 3.220999999999999974e-01
5.663000000000000000e+04 3.202999999999999736e-01
5.669000000000000000e+04 3.185000000000000053e-01
5.675000000000000000e+04 3.166999999999999815e-01
5.681000000000000000e+04 3.150000000000000022e-01
5.686000000000000000e+04 3.133000000000000229e-01
5.692000000000000000e+04 3.116999999999999771e-01
5.698000000000000000e+04 3.100999999999999868e-01
5.704000000000000000e+04 3.100999999999999868e-01
5.710000000000000000e+04 3.109999999999999987e-01
5.715000000000000000e+04 3.118000000000000216e-01
5.721000000000000000e+04 3.126999999999999780e-01
5.727000000000000000e+04 3.133000000000000229e-01
5.733000000000000000e+04 3.140000000000000013e-01
5.739000000000000000e+04 3.146999999999999797e-01
5.744000000000000000e+04 3.165999999999999925e-01
5.750000000000000000e+04 3.189000000000000168e-01
5.756000000000000000e+04 3.211999999999999855e-01
5.762000000000000000e+04 3.232999999999999763e-01
5.768000000000000000e+04 3.250000000000000111e-01
5.773000000000000000e+04 3.266999999999999904e-01
5.779000000000000000e+04 3.282999999999999807e-01
5.785000000000000000e+04 3.291000000000000036e-01
5.791000000000000000e+04 3.297999999999999821e-01
5.797000000000000000e+04 3.305000000000000160e-01
5.802000000000000000e+04 3.321000000000000063e-01
5.808000000000000000e+04 3.350000000000000200e-01
5.814000000000000000e+04 3.377999999999999892e-01
5.820000000000000000e+04 3.407000000000000028e-01
5.826000000000000000e+04 3.398999999999999799e-01
5.831000000000000000e+04 3.388999999999999790e-01
5.837000000000000000e+04 3.378999999999999782e-01
5.843000000000000000e+04 3.375000000000000222e-01
5.849000000000000000e+04 3.377999999999999892e-01
5.855000000000000000e+04 3.381000000000000116e-01
5.860000000000000000e+04 3.385000000000000231e-01
5.866000000000000000e+04 3.395000000000000240e-01
5.872000000000000000e+04 3.405000000000000249e-01
5.878000000000000000e+04 3.416000000000000147e-01
5.884000000000000000e+04 3.401000000000000134e-01
5.889000000000000000e+04 3.371999999999999997e-01
5.895000000000000000e+04 3.342999999999999861e-01
5.901000000000000000e+04 3.313999999999999724e-01
5.907000000000000000e+04 3.285000000000000142e-01
5.913000000000000000e+04 3.255000000000000115e-01
5.918000000000000000e+04 3.225000000000000089e-01
5.924000000000000000e+04 3.217999999999999750e-01
5.930000000000000000e+04 3.217999999999999750e-01
5.936000000000000000e+04 3.219000000000000195e-01
5.942000000000000000e+04 3.210999999999999965e-01
5.947000000000000000e+04 3.180999999999999939e-01
5.953000000000000000e+04 3.150000000000000022e-01
5.959000000000000000e+04 3.119000000000000106e-01
5.965000000000000000e+04 3.120999999999999885e-01
5.971000000000000000e+04 3.130999999999999894e-01
5.976000000000000000e+04 3.140000000000000013e-01
5.982000000000000000e+04 3.150000000000000022e-01
5.988000000000000000e+04 3.160999999999999921e-01
5.994000000000000000e+04 3.170999999999999930e-01
6.000000000000000000e+04 3.181999999999999829e-01
6.005000000000000000e+04 3.201999999999999846e-01
6.011000000000000000e+04 3.221999999999999864e-01
6.017000000000000000e+04 3.242999999999999772e-01
6.023000000000000000e+04 3.266000000000000014e-01
6.029000000000000000e+04 3.291000000000000036e-01
6.034000000000000000e+04 3.316999999999999948e-01
6.040000000000000000e+04 3.341000000000000081e-01
6.046000000000000000e+04 3.348999999999999755e-01
6.052000000000000000e+04 3.356000000000000094e-01
6.058000000000000000e+04 3.362999999999999878e-01
6.063000000000000000e+04 3.355000000000000204e-01
6.069000000000000000e+04 3.337999999999999856e-01
6.075000000000000000e+04 3.321000000000000063e-01
6.081000000000000000e+04 3.300000000000000155e-01
6.087000000000000000e+04 3.256999999999999895e-01
6.092000000000000000e+04 3.215000000000000080e-01
6.098000000000000000e+04 3.173000000000000265e-01
6.104000000000000000e+04 3.119999999999999996e-01
6.110000000000000000e+04 3.062000000000000277e-01
6.116000000000000000e+04 3.004000000000000004e-01
6.121000000000000000e+04 2.929999999999999827e-01
6.127000000000000000e+04 2.806000000000000161e-01
6.133000000000000000e+04 2.681999999999999940e-01
6.139000000000000000e+04 2.558000000000000274e-01
6.145000000000000000e+04 2.409999999999999920e-01
6.150000000000000000e+04 2.257000000000000117e-01
6.156000000000000000e+04 2.102999999999999869e-01
6.162000000000000000e+04 1.945999999999999952e-01
6.168000000000000000e+04 1.784000000000000030e-01
6.174000000000000000e+04 1.622000000000000108e-01
6.179000000000000000e+04 1.459000000000000019e-01
6.185000000000000000e+04 1.320999999999999952e-01
6.191000000000000000e+04 1.185999999999999971e-01
6.197000000000000000e+04 1.049999999999999961e-01
6.203000000000000000e+04 9.360000000000000264e-02
6.208000000000000000e+04 8.480000000000000038e-02
6.214000000000000000e+04 7.610000000000000098e-02
6.220000000000000000e+04 6.729999999999999871e-02
6.226000000000000000e+04 6.180000000000000077e-02
6.232000000000000000e+04 5.630000000000000282e-02
6.237000000000000000e+04 5.090000000000000080e-02
6.243000000000000000e+04 4.660000000000000253e-02
6.249000000000000000e+04 4.329999999999999821e-02
6.255000000000000000e+04 4.009999999999999676e-02
6.261000000000000000e+04 3.690000000000000224e-02
6.266000000000000000e+04 3.490000000000000047e-02
6.272000000000000000e+04 3.289999999999999869e-02
6.278000000000000000e+04 3.090000000000000038e-02
6.284000000000000000e+04 2.929999999999999966e-02
6.290000000000000000e+04 2.800000000000000058e-02
6.295000000000000000e+04 2.659999999999999865e-02
6.301000000000000000e+04 2.529999999999999957e-02
6.307000000000000000e+04 2.419999999999999929e-02
6.313000000000000000e+04 2.299999999999999961e-02
6.319000000000000000e+04 2.189999999999999933e-02
6.324000000000000000e+04 2.069999999999999965e-02
6.330000000000000000e+04 1.949999999999999997e-02
6.336000000000000000e+04 1.830000000000000029e-02
6.342000000000000000e+04 1.700000000000000122e-02
6.348000000000000000e+04 1.559999999999999928e-02
6.353000000000000000e+04 1.420000000000000082e-02
6.359000000000000000e+04 1.280000000000000061e-02
6.365000000000000000e+04 1.149999999999999981e-02
6.371000000000000000e+04 1.030000000000000013e-02
6.377000000000000000e+04 9.100000000000000450e-03
6.382000000000000000e+04 8.099999999999999561e-03
6.388000000000000000e+04 7.199999999999999803e-03
6.394000000000000000e+04 6.400000000000000307e-03
6.400000000000000000e+04 5.499999999999999681e-03
6.406000000000000000e+04 5.000000000000000104e-03
6.411000000000000000e+04 4.499999999999999660e-03
6.417000000000000000e+04 3.899999999999999821e-03
6.423000000000000000e+04 3.500000000000000073e-03
6.429000000000000000e+04 3.099999999999999891e-03
6.435000000000000000e+04 2.700000000000000143e-03
6.440000000000000000e+04 2.399999999999999790e-03
6.446000000000000000e+04 2.200000000000000133e-03
6.452000000000000000e+04 2.000000000000000042e-03
6.458000000000000000e+04 1.799999999999999951e-03
6.464000000000000000e+04 1.600000000000000077e-03
6.469000000000000000e+04 1.500000000000000031e-03
6.475000000000000000e+04 1.399999999999999986e-03
6.481000000000000000e+04 1.299999999999999940e-03
6.487000000000000000e+04 1.199999999999999895e-03
6.493000000000000000e+04 1.199999999999999895e-03
6.498000000000000000e+04 1.100000000000000066e-03
6.504000000000000000e+04 1.100000000000000066e-03
6.510000000000000000e+04 1.000000000000000021e-03
6.516000000000000000e+04 1.000000000000000021e-03
6.522000000000000000e+04 8.999999999999999754e-04
6.527000000000000000e+04 8.999999999999999754e-04
6.533000000000000000e+04 8.999999999999999754e-04
6.539000000000000000e+04 8.000000000000000383e-04
6.545000000000000000e+04 8.000000000000000383e-04
6.551000000000000000e+04 8.000000000000000383e-04
6.556000000000000000e+04 8.000000000000000383e-04
6.562000000000000000e+04 8.000000000000000383e-04
6.568000000000000000e+04 8.000000000000000383e-04
6.574000000000000000e+04 6.999999999999999929e-04
6.580000000000000000e+04 6.999999999999999929e-04
6.585000000000000000e+04 6.999999999999999929e-04
6.591000000000000000e+04 6.999999999999999929e-04
6.597000000000000000e+04 6.999999999999999929e-04
6.603000000000000000e+04 6.999999999999999929e-04
6.609000000000000000e+04 5.999999999999999474e-04
6.614000000000000000e+04 5.999999999999999474e-04
6.620000000000000000e+04 5.000000000000000104e-04
6.626000000000000000e+04 5.000000000000000104e-04
6.632000000000000000e+04 5.000000000000000104e-04
6.638000000000000000e+04 4.000000000000000192e-04
6.643000000000000000e+04 4.000000000000000192e-04
6.649000000000000000e+04 2.999999999999999737e-04
6.655000000000000000e+04 2.999999999999999737e-04
6.661000000000000000e+04 2.999999999999999737e-04
6.667000000000000000e+04 2.000000000000000096e-04
6.672000000000000000e+04 2.000000000000000096e-04
6.678000000000000000e+04 1.000000000000000048e-04
6.684000000000000000e+04 1.000000000000000048e-04
6.690000000000000000e+04 1.000000000000000048e-04
6.696000000000000000e+04 1.000000000000000048e-04
