# F625W
5.383000000000000000e+03 1.229020000000000102e-04
5.384000000000000000e+03 1.498919999999999940e-04
5.385000000000000000e+03 1.768899999999999954e-04
5.386000000000000000e+03 2.038970000000000029e-04
5.387000000000000000e+03 2.309120000000000009e-04
5.388000000000000000e+03 2.579370000000000209e-04
5.389000000000000000e+03 2.849689999999999884e-04
5.390000000000000000e+03 3.120099999999999892e-04
5.391000000000000000e+03 3.390430000000000266e-04
5.392000000000000000e+03 3.660800000000000187e-04
5.393000000000000000e+03 3.931249999999999740e-04
5.394000000000000000e+03 4.201739999999999924e-04
5.395000000000000000e+03 4.472289999999999968e-04
5.396000000000000000e+03 4.742910000000000030e-04
5.397000000000000000e+03 5.013560000000000022e-04
5.398000000000000000e+03 5.284289999999999647e-04
5.399000000000000000e+03 5.555070000000000060e-04
5.400000000000000000e+03 5.825910000000000333e-04
5.401000000000000000e+03 6.097319999999999823e-04
5.402000000000000000e+03 6.368829999999999804e-04
5.403000000000000000e+03 6.640440000000000275e-04
5.404000000000000000e+03 6.912150000000000152e-04
5.405000000000000000e+03 7.183950000000000361e-04
5.406000000000000000e+03 7.455870000000000292e-04
5.407000000000000000e+03 7.727889999999999629e-04
5.408000000000000000e+03 7.999980000000000068e-04
5.409000000000000000e+03 8.272209999999999459e-04
5.410000000000000000e+03 8.544520000000000110e-04
5.411000000000000000e+03 8.816730000000000270e-04
5.412000000000000000e+03 9.089049999999999994e-04
5.413000000000000000e+03 9.361460000000000050e-04
5.414000000000000000e+03 9.633929999999999967e-04
5.415000000000000000e+03 9.906529999999999763e-04
5.416000000000000000e+03 1.017920000000000066e-03
5.417000000000000000e+03 1.045190000000000095e-03
5.418000000000000000e+03 1.072480000000000004e-03
5.419000000000000000e+03 1.099769999999999914e-03
5.420000000000000000e+03 1.127069999999999982e-03
5.421000000000000000e+03 1.246469999999999956e-03
5.422000000000000000e+03 1.365899999999999970e-03
5.423000000000000000e+03 1.485360000000000022e-03
5.424000000000000000e+03 1.604830000000000015e-03
5.425000000000000000e+03 1.724330000000000047e-03
5.426000000000000000e+03 1.843849999999999959e-03
5.427000000000000000e+03 1.963410000000000068e-03
5.428000000000000000e+03 2.082979999999999901e-03
5.429000000000000000e+03 2.202570000000000049e-03
5.430000000000000000e+03 2.322199999999999959e-03
5.431000000000000000e+03 2.441979999999999845e-03
5.432000000000000000e+03 2.561799999999999928e-03
5.433000000000000000e+03 2.681660000000000207e-03
5.434000000000000000e+03 2.801559999999999814e-03
5.435000000000000000e+03 2.921490000000000111e-03
5.436000000000000000e+03 3.041460000000000170e-03
5.437000000000000000e+03 3.161479999999999933e-03
5.438000000000000000e+03 3.281520000000000010e-03
5.439000000000000000e+03 3.401609999999999790e-03
5.440000000000000000e+03 3.521729999999999826e-03
5.441000000000000000e+03 3.841189999999999969e-03
5.442000000000000000e+03 4.160699999999999815e-03
5.443000000000000000e+03 4.480310000000000369e-03
5.444000000000000000e+03 4.799959999999999817e-03
5.445000000000000000e+03 5.119689999999999658e-03
5.446000000000000000e+03 5.439480000000000010e-03
5.447000000000000000e+03 5.759359999999999827e-03
5.448000000000000000e+03 6.079280000000000274e-03
5.449000000000000000e+03 6.399280000000000246e-03
5.450000000000000000e+03 6.719349999999999802e-03
5.451000000000000000e+03 7.209509999999999703e-03
5.452000000000000000e+03 7.699769999999999878e-03
5.453000000000000000e+03 8.190219999999999792e-03
5.454000000000000000e+03 8.680790000000000728e-03
5.455000000000000000e+03 9.171500000000000832e-03
5.456000000000000000e+03 9.662360000000000046e-03
5.457000000000000000e+03 1.015339999999999993e-02
5.458000000000000000e+03 1.064449999999999945e-02
5.459000000000000000e+03 1.113579999999999952e-02
5.460000000000000000e+03 1.162730000000000014e-02
5.461000000000000000e+03 1.239069999999999928e-02
5.462000000000000000e+03 1.315430000000000071e-02
5.463000000000000000e+03 1.391809999999999922e-02
5.464000000000000000e+03 1.468189999999999946e-02
5.465000000000000000e+03 1.544590000000000025e-02
5.466000000000000000e+03 1.620999999999999872e-02
5.467000000000000000e+03 1.697430000000000119e-02
5.468000000000000000e+03 1.773869999999999961e-02
5.469000000000000000e+03 1.850320000000000090e-02
5.470000000000000000e+03 1.926780000000000159e-02
5.471000000000000000e+03 2.037960000000000119e-02
5.472000000000000000e+03 2.149169999999999900e-02
5.473000000000000000e+03 2.260420000000000137e-02
5.474000000000000000e+03 2.371699999999999850e-02
5.475000000000000000e+03 2.483020000000000019e-02
5.476000000000000000e+03 2.594379999999999950e-02
5.477000000000000000e+03 2.705770000000000050e-02
5.478000000000000000e+03 2.817199999999999913e-02
5.479000000000000000e+03 2.928659999999999944e-02
5.480000000000000000e+03 3.040170000000000025e-02
5.481000000000000000e+03 3.158199999999999896e-02
5.482000000000000000e+03 3.276239999999999708e-02
5.483000000000000000e+03 3.394309999999999689e-02
5.484000000000000000e+03 3.512379999999999669e-02
5.485000000000000000e+03 3.630459999999999937e-02
5.486000000000000000e+03 3.748560000000000086e-02
5.487000000000000000e+03 3.866669999999999829e-02
5.488000000000000000e+03 3.984800000000000147e-02
5.489000000000000000e+03 4.102929999999999772e-02
5.490000000000000000e+03 4.221069999999999683e-02
5.491000000000000000e+03 4.303339999999999943e-02
5.492000000000000000e+03 4.385610000000000203e-02
5.493000000000000000e+03 4.467890000000000056e-02
5.494000000000000000e+03 4.550169999999999909e-02
5.495000000000000000e+03 4.632460000000000050e-02
5.496000000000000000e+03 4.714759999999999784e-02
5.497000000000000000e+03 4.797069999999999806e-02
5.498000000000000000e+03 4.879390000000000116e-02
5.499000000000000000e+03 4.961720000000000019e-02
5.500000000000000000e+03 5.044049999999999923e-02
5.501000000000000000e+03 5.194669999999999843e-02
5.502000000000000000e+03 5.345319999999999933e-02
5.503000000000000000e+03 5.496050000000000241e-02
5.504000000000000000e+03 5.646820000000000311e-02
5.505000000000000000e+03 5.797660000000000313e-02
5.506000000000000000e+03 5.948549999999999671e-02
5.507000000000000000e+03 6.099500000000000061e-02
5.508000000000000000e+03 6.250500000000000500e-02
5.509000000000000000e+03 6.401560000000000583e-02
5.510000000000000000e+03 6.552679999999999616e-02
5.511000000000000000e+03 6.796919999999999351e-02
5.512000000000000000e+03 7.041150000000000186e-02
5.513000000000000000e+03 7.285389999999999922e-02
5.514000000000000000e+03 7.529650000000000232e-02
5.515000000000000000e+03 7.773919999999999442e-02
5.516000000000000000e+03 8.018169999999999464e-02
5.517000000000000000e+03 8.262450000000000350e-02
5.518000000000000000e+03 8.506750000000000422e-02
5.519000000000000000e+03 8.751019999999999632e-02
5.520000000000000000e+03 8.995319999999999705e-02
5.521000000000000000e+03 9.214600000000000568e-02
5.522000000000000000e+03 9.433900000000000619e-02
5.523000000000000000e+03 9.653249999999999331e-02
5.524000000000000000e+03 9.872640000000000582e-02
5.525000000000000000e+03 1.009209999999999968e-01
5.526000000000000000e+03 1.031149999999999983e-01
5.527000000000000000e+03 1.053100000000000008e-01
5.528000000000000000e+03 1.075050000000000033e-01
5.529000000000000000e+03 1.097010000000000068e-01
5.530000000000000000e+03 1.118969999999999965e-01
5.531000000000000000e+03 1.139209999999999945e-01
5.532000000000000000e+03 1.159459999999999935e-01
5.533000000000000000e+03 1.179710000000000064e-01
5.534000000000000000e+03 1.199960000000000054e-01
5.535000000000000000e+03 1.220210000000000045e-01
5.536000000000000000e+03 1.240470000000000045e-01
5.537000000000000000e+03 1.260719999999999896e-01
5.538000000000000000e+03 1.280989999999999907e-01
5.539000000000000000e+03 1.301249999999999907e-01
5.540000000000000000e+03 1.321519999999999917e-01
5.541000000000000000e+03 1.338270000000000015e-01
5.542000000000000000e+03 1.355030000000000123e-01
5.543000000000000000e+03 1.371789999999999954e-01
5.544000000000000000e+03 1.388540000000000052e-01
5.545000000000000000e+03 1.405299999999999883e-01
5.546000000000000000e+03 1.422049999999999981e-01
5.547000000000000000e+03 1.438810000000000089e-01
5.548000000000000000e+03 1.455569999999999919e-01
5.549000000000000000e+03 1.472320000000000018e-01
5.550000000000000000e+03 1.489080000000000126e-01
5.551000000000000000e+03 1.508210000000000106e-01
5.552000000000000000e+03 1.527330000000000076e-01
5.553000000000000000e+03 1.546470000000000067e-01
5.554000000000000000e+03 1.565600000000000047e-01
5.555000000000000000e+03 1.584750000000000048e-01
5.556000000000000000e+03 1.603900000000000048e-01
5.557000000000000000e+03 1.623060000000000058e-01
5.558000000000000000e+03 1.642220000000000069e-01
5.559000000000000000e+03 1.661390000000000089e-01
5.560000000000000000e+03 1.680560000000000109e-01
5.561000000000000000e+03 1.698270000000000057e-01
5.562000000000000000e+03 1.715980000000000005e-01
5.563000000000000000e+03 1.733679999999999943e-01
5.564000000000000000e+03 1.751389999999999891e-01
5.565000000000000000e+03 1.769100000000000117e-01
5.566000000000000000e+03 1.786810000000000065e-01
5.567000000000000000e+03 1.804530000000000023e-01
5.568000000000000000e+03 1.822239999999999971e-01
5.569000000000000000e+03 1.839949999999999919e-01
5.570000000000000000e+03 1.857669999999999877e-01
5.571000000000000000e+03 1.874810000000000088e-01
5.572000000000000000e+03 1.891960000000000031e-01
5.573000000000000000e+03 1.909099999999999964e-01
5.574000000000000000e+03 1.926229999999999887e-01
5.575000000000000000e+03 1.943370000000000097e-01
5.576000000000000000e+03 1.960510000000000030e-01
5.577000000000000000e+03 1.977639999999999953e-01
5.578000000000000000e+03 1.994779999999999887e-01
5.579000000000000000e+03 2.011910000000000087e-01
5.580000000000000000e+03 2.029030000000000000e-01
5.581000000000000000e+03 2.040760000000000074e-01
5.582000000000000000e+03 2.052480000000000138e-01
5.583000000000000000e+03 2.064199999999999924e-01
5.584000000000000000e+03 2.075929999999999997e-01
5.585000000000000000e+03 2.087650000000000061e-01
5.586000000000000000e+03 2.099370000000000125e-01
5.587000000000000000e+03 2.111099999999999921e-01
5.588000000000000000e+03 2.122819999999999985e-01
5.589000000000000000e+03 2.134550000000000058e-01
5.590000000000000000e+03 2.146280000000000132e-01
5.591000000000000000e+03 2.150859999999999994e-01
5.592000000000000000e+03 2.155440000000000134e-01
5.593000000000000000e+03 2.160030000000000006e-01
5.594000000000000000e+03 2.164609999999999868e-01
5.595000000000000000e+03 2.169200000000000017e-01
5.596000000000000000e+03 2.173789999999999889e-01
5.597000000000000000e+03 2.178380000000000039e-01
5.598000000000000000e+03 2.182959999999999900e-01
5.599000000000000000e+03 2.187550000000000050e-01
5.600000000000000000e+03 2.192139999999999922e-01
5.601000000000000000e+03 2.204879999999999896e-01
5.602000000000000000e+03 2.217619999999999869e-01
5.603000000000000000e+03 2.230360000000000120e-01
5.604000000000000000e+03 2.243100000000000094e-01
5.605000000000000000e+03 2.255850000000000077e-01
5.606000000000000000e+03 2.268590000000000051e-01
5.607000000000000000e+03 2.281340000000000034e-01
5.608000000000000000e+03 2.294090000000000018e-01
5.609000000000000000e+03 2.306850000000000012e-01
5.610000000000000000e+03 2.319599999999999995e-01
5.611000000000000000e+03 2.332889999999999964e-01
5.612000000000000000e+03 2.346179999999999932e-01
5.613000000000000000e+03 2.359469999999999901e-01
5.614000000000000000e+03 2.372759999999999869e-01
5.615000000000000000e+03 2.386060000000000125e-01
5.616000000000000000e+03 2.399360000000000104e-01
5.617000000000000000e+03 2.412660000000000082e-01
5.618000000000000000e+03 2.425980000000000081e-01
5.619000000000000000e+03 2.439280000000000059e-01
5.620000000000000000e+03 2.452600000000000058e-01
5.621000000000000000e+03 2.472119999999999873e-01
5.622000000000000000e+03 2.491649999999999976e-01
5.623000000000000000e+03 2.511180000000000079e-01
5.624000000000000000e+03 2.530709999999999904e-01
5.625000000000000000e+03 2.550239999999999729e-01
5.626000000000000000e+03 2.569770000000000110e-01
5.627000000000000000e+03 2.589310000000000223e-01
5.628000000000000000e+03 2.608840000000000048e-01
5.629000000000000000e+03 2.628380000000000161e-01
5.630000000000000000e+03 2.647920000000000273e-01
5.631000000000000000e+03 2.658940000000000192e-01
5.632000000000000000e+03 2.669969999999999843e-01
5.633000000000000000e+03 2.680989999999999762e-01
5.634000000000000000e+03 2.692019999999999968e-01
5.635000000000000000e+03 2.703050000000000175e-01
5.636000000000000000e+03 2.714079999999999826e-01
5.637000000000000000e+03 2.725110000000000032e-01
5.638000000000000000e+03 2.736149999999999971e-01
5.639000000000000000e+03 2.747180000000000177e-01
5.640000000000000000e+03 2.758220000000000116e-01
5.641000000000000000e+03 2.768909999999999982e-01
5.642000000000000000e+03 2.779599999999999849e-01
5.643000000000000000e+03 2.790300000000000002e-01
5.644000000000000000e+03 2.800989999999999869e-01
5.645000000000000000e+03 2.811679999999999735e-01
5.646000000000000000e+03 2.822379999999999889e-01
5.647000000000000000e+03 2.833080000000000043e-01
5.648000000000000000e+03 2.843780000000000197e-01
5.649000000000000000e+03 2.854490000000000083e-01
5.650000000000000000e+03 2.865199999999999969e-01
5.651000000000000000e+03 2.868029999999999746e-01
5.652000000000000000e+03 2.870849999999999791e-01
5.653000000000000000e+03 2.873669999999999836e-01
5.654000000000000000e+03 2.876500000000000168e-01
5.655000000000000000e+03 2.879329999999999945e-01
5.656000000000000000e+03 2.882160000000000277e-01
5.657000000000000000e+03 2.884990000000000054e-01
5.658000000000000000e+03 2.887810000000000099e-01
5.659000000000000000e+03 2.890650000000000164e-01
5.660000000000000000e+03 2.893479999999999941e-01
5.661000000000000000e+03 2.902020000000000155e-01
5.662000000000000000e+03 2.910559999999999814e-01
5.663000000000000000e+03 2.919109999999999761e-01
5.664000000000000000e+03 2.927649999999999975e-01
5.665000000000000000e+03 2.936199999999999921e-01
5.666000000000000000e+03 2.944749999999999868e-01
5.667000000000000000e+03 2.953310000000000102e-01
5.668000000000000000e+03 2.961860000000000048e-01
5.669000000000000000e+03 2.970419999999999727e-01
5.670000000000000000e+03 2.978979999999999961e-01
5.671000000000000000e+03 2.990700000000000025e-01
5.672000000000000000e+03 3.002429999999999821e-01
5.673000000000000000e+03 3.014160000000000172e-01
5.674000000000000000e+03 3.025900000000000256e-01
5.675000000000000000e+03 3.037630000000000052e-01
5.676000000000000000e+03 3.049370000000000136e-01
5.677000000000000000e+03 3.061130000000000240e-01
5.678000000000000000e+03 3.072869999999999768e-01
5.679000000000000000e+03 3.084629999999999872e-01
5.680000000000000000e+03 3.096380000000000243e-01
5.681000000000000000e+03 3.096070000000000211e-01
5.682000000000000000e+03 3.095749999999999891e-01
5.683000000000000000e+03 3.095430000000000126e-01
5.684000000000000000e+03 3.095120000000000093e-01
5.685000000000000000e+03 3.094799999999999773e-01
5.686000000000000000e+03 3.094480000000000008e-01
5.687000000000000000e+03 3.094169999999999976e-01
5.688000000000000000e+03 3.093850000000000211e-01
5.689000000000000000e+03 3.093529999999999891e-01
5.690000000000000000e+03 3.093219999999999859e-01
5.691000000000000000e+03 3.089169999999999972e-01
5.692000000000000000e+03 3.085129999999999817e-01
5.693000000000000000e+03 3.081079999999999930e-01
5.694000000000000000e+03 3.077039999999999775e-01
5.695000000000000000e+03 3.073000000000000176e-01
5.696000000000000000e+03 3.068949999999999734e-01
5.697000000000000000e+03 3.064899999999999847e-01
5.698000000000000000e+03 3.060860000000000247e-01
5.699000000000000000e+03 3.056809999999999805e-01
5.700000000000000000e+03 3.052759999999999918e-01
5.701000000000000000e+03 3.045479999999999854e-01
5.702000000000000000e+03 3.038199999999999790e-01
5.703000000000000000e+03 3.030919999999999725e-01
5.704000000000000000e+03 3.023629999999999929e-01
5.705000000000000000e+03 3.016340000000000132e-01
5.706000000000000000e+03 3.009040000000000048e-01
5.707000000000000000e+03 3.001759999999999984e-01
5.708000000000000000e+03 2.994450000000000167e-01
5.709000000000000000e+03 2.987150000000000083e-01
5.710000000000000000e+03 2.979859999999999731e-01
5.711000000000000000e+03 2.986320000000000086e-01
5.712000000000000000e+03 2.992779999999999885e-01
5.713000000000000000e+03 2.999240000000000239e-01
5.714000000000000000e+03 3.005709999999999771e-01
5.715000000000000000e+03 3.012179999999999858e-01
5.716000000000000000e+03 3.018649999999999944e-01
5.717000000000000000e+03 3.025129999999999764e-01
5.718000000000000000e+03 3.031599999999999850e-01
5.719000000000000000e+03 3.038080000000000225e-01
5.720000000000000000e+03 3.044569999999999776e-01
5.721000000000000000e+03 3.057119999999999838e-01
5.722000000000000000e+03 3.069680000000000186e-01
5.723000000000000000e+03 3.082239999999999980e-01
5.724000000000000000e+03 3.094790000000000041e-01
5.725000000000000000e+03 3.107349999999999834e-01
5.726000000000000000e+03 3.119910000000000183e-01
5.727000000000000000e+03 3.132460000000000244e-01
5.728000000000000000e+03 3.145029999999999770e-01
5.729000000000000000e+03 3.157579999999999831e-01
5.730000000000000000e+03 3.170140000000000180e-01
5.731000000000000000e+03 3.184679999999999733e-01
5.732000000000000000e+03 3.199219999999999842e-01
5.733000000000000000e+03 3.213779999999999970e-01
5.734000000000000000e+03 3.228340000000000098e-01
5.735000000000000000e+03 3.242900000000000227e-01
5.736000000000000000e+03 3.257479999999999820e-01
5.737000000000000000e+03 3.272050000000000236e-01
5.738000000000000000e+03 3.286640000000000117e-01
5.739000000000000000e+03 3.301229999999999998e-01
5.740000000000000000e+03 3.315819999999999879e-01
5.741000000000000000e+03 3.324099999999999833e-01
5.742000000000000000e+03 3.332410000000000094e-01
5.743000000000000000e+03 3.340690000000000048e-01
5.744000000000000000e+03 3.348979999999999735e-01
5.745000000000000000e+03 3.357280000000000264e-01
5.746000000000000000e+03 3.365569999999999951e-01
5.747000000000000000e+03 3.373869999999999925e-01
5.748000000000000000e+03 3.382169999999999899e-01
5.749000000000000000e+03 3.390460000000000140e-01
5.750000000000000000e+03 3.398760000000000114e-01
5.751000000000000000e+03 3.396989999999999732e-01
5.752000000000000000e+03 3.395230000000000192e-01
5.753000000000000000e+03 3.393450000000000077e-01
5.754000000000000000e+03 3.391680000000000250e-01
5.755000000000000000e+03 3.389909999999999868e-01
5.756000000000000000e+03 3.388140000000000041e-01
5.757000000000000000e+03 3.386370000000000213e-01
5.758000000000000000e+03 3.384599999999999831e-01
5.759000000000000000e+03 3.382820000000000271e-01
5.760000000000000000e+03 3.381060000000000176e-01
5.761000000000000000e+03 3.378920000000000257e-01
5.762000000000000000e+03 3.376790000000000069e-01
5.763000000000000000e+03 3.374670000000000170e-01
5.764000000000000000e+03 3.372539999999999982e-01
5.765000000000000000e+03 3.370409999999999795e-01
5.766000000000000000e+03 3.368280000000000163e-01
5.767000000000000000e+03 3.366160000000000263e-01
5.768000000000000000e+03 3.364030000000000076e-01
5.769000000000000000e+03 3.361910000000000176e-01
5.770000000000000000e+03 3.359779999999999989e-01
5.771000000000000000e+03 3.361819999999999808e-01
5.772000000000000000e+03 3.363860000000000183e-01
5.773000000000000000e+03 3.365890000000000271e-01
5.774000000000000000e+03 3.367939999999999823e-01
5.775000000000000000e+03 3.369969999999999910e-01
5.776000000000000000e+03 3.372020000000000017e-01
5.777000000000000000e+03 3.374059999999999837e-01
5.778000000000000000e+03 3.376109999999999944e-01
5.779000000000000000e+03 3.378160000000000052e-01
5.780000000000000000e+03 3.380199999999999871e-01
5.781000000000000000e+03 3.385340000000000016e-01
5.782000000000000000e+03 3.390469999999999873e-01
5.783000000000000000e+03 3.395610000000000017e-01
5.784000000000000000e+03 3.400750000000000162e-01
5.785000000000000000e+03 3.405889999999999751e-01
5.786000000000000000e+03 3.411029999999999895e-01
5.787000000000000000e+03 3.416170000000000040e-01
5.788000000000000000e+03 3.421310000000000184e-01
5.789000000000000000e+03 3.426460000000000061e-01
5.790000000000000000e+03 3.431609999999999938e-01
5.791000000000000000e+03 3.445810000000000262e-01
5.792000000000000000e+03 3.460019999999999762e-01
5.793000000000000000e+03 3.474229999999999818e-01
5.794000000000000000e+03 3.488450000000000162e-01
5.795000000000000000e+03 3.502669999999999950e-01
5.796000000000000000e+03 3.516889999999999739e-01
5.797000000000000000e+03 3.531130000000000102e-01
5.798000000000000000e+03 3.545369999999999910e-01
5.799000000000000000e+03 3.559610000000000274e-01
5.800000000000000000e+03 3.573859999999999815e-01
5.801000000000000000e+03 3.573470000000000257e-01
5.802000000000000000e+03 3.573089999999999877e-01
5.803000000000000000e+03 3.572710000000000052e-01
5.804000000000000000e+03 3.572319999999999940e-01
5.805000000000000000e+03 3.571949999999999847e-01
5.806000000000000000e+03 3.571559999999999735e-01
5.807000000000000000e+03 3.571179999999999910e-01
5.808000000000000000e+03 3.570809999999999818e-01
5.809000000000000000e+03 3.570429999999999993e-01
5.810000000000000000e+03 3.570059999999999900e-01
5.811000000000000000e+03 3.569459999999999855e-01
5.812000000000000000e+03 3.568850000000000078e-01
5.813000000000000000e+03 3.568250000000000033e-01
5.814000000000000000e+03 3.567649999999999988e-01
5.815000000000000000e+03 3.567049999999999943e-01
5.816000000000000000e+03 3.566460000000000186e-01
5.817000000000000000e+03 3.565849999999999853e-01
5.818000000000000000e+03 3.565260000000000096e-01
5.819000000000000000e+03 3.564660000000000051e-01
5.820000000000000000e+03 3.564069999999999738e-01
5.821000000000000000e+03 3.563350000000000128e-01
5.822000000000000000e+03 3.562620000000000231e-01
5.823000000000000000e+03 3.561900000000000066e-01
5.824000000000000000e+03 3.561190000000000189e-01
5.825000000000000000e+03 3.560470000000000024e-01
5.826000000000000000e+03 3.559749999999999859e-01
5.827000000000000000e+03 3.559039999999999981e-01
5.828000000000000000e+03 3.558319999999999816e-01
5.829000000000000000e+03 3.557609999999999939e-01
5.830000000000000000e+03 3.556889999999999774e-01
5.831000000000000000e+03 3.563779999999999726e-01
5.832000000000000000e+03 3.570670000000000233e-01
5.833000000000000000e+03 3.577560000000000184e-01
5.834000000000000000e+03 3.584459999999999869e-01
5.835000000000000000e+03 3.591349999999999820e-01
5.836000000000000000e+03 3.598250000000000060e-01
5.837000000000000000e+03 3.605140000000000011e-01
5.838000000000000000e+03 3.612040000000000251e-01
5.839000000000000000e+03 3.618950000000000222e-01
5.840000000000000000e+03 3.625860000000000194e-01
5.841000000000000000e+03 3.634720000000000173e-01
5.842000000000000000e+03 3.643589999999999884e-01
5.843000000000000000e+03 3.652449999999999863e-01
5.844000000000000000e+03 3.661329999999999862e-01
5.845000000000000000e+03 3.670200000000000129e-01
5.846000000000000000e+03 3.679080000000000128e-01
5.847000000000000000e+03 3.687960000000000127e-01
5.848000000000000000e+03 3.696860000000000146e-01
5.849000000000000000e+03 3.705749999999999877e-01
5.850000000000000000e+03 3.714640000000000164e-01
5.851000000000000000e+03 3.716189999999999771e-01
5.852000000000000000e+03 3.717739999999999934e-01
5.853000000000000000e+03 3.719299999999999828e-01
5.854000000000000000e+03 3.720859999999999723e-01
5.855000000000000000e+03 3.722400000000000153e-01
5.856000000000000000e+03 3.723960000000000048e-01
5.857000000000000000e+03 3.725519999999999943e-01
5.858000000000000000e+03 3.727090000000000125e-01
5.859000000000000000e+03 3.728650000000000020e-01
5.860000000000000000e+03 3.730209999999999915e-01
5.861000000000000000e+03 3.726539999999999853e-01
5.862000000000000000e+03 3.722869999999999790e-01
5.863000000000000000e+03 3.719199999999999728e-01
5.864000000000000000e+03 3.715530000000000221e-01
5.865000000000000000e+03 3.711860000000000159e-01
5.866000000000000000e+03 3.708179999999999810e-01
5.867000000000000000e+03 3.704500000000000015e-01
5.868000000000000000e+03 3.700829999999999953e-01
5.869000000000000000e+03 3.697150000000000158e-01
5.870000000000000000e+03 3.693480000000000096e-01
5.871000000000000000e+03 3.688799999999999857e-01
5.872000000000000000e+03 3.684109999999999885e-01
5.873000000000000000e+03 3.679430000000000200e-01
5.874000000000000000e+03 3.674760000000000248e-01
5.875000000000000000e+03 3.670070000000000277e-01
5.876000000000000000e+03 3.665399999999999769e-01
5.877000000000000000e+03 3.660720000000000085e-01
5.878000000000000000e+03 3.656039999999999845e-01
5.879000000000000000e+03 3.651360000000000161e-01
5.880000000000000000e+03 3.646679999999999922e-01
5.881000000000000000e+03 3.652210000000000178e-01
5.882000000000000000e+03 3.657730000000000148e-01
5.883000000000000000e+03 3.663259999999999850e-01
5.884000000000000000e+03 3.668790000000000107e-01
5.885000000000000000e+03 3.674330000000000096e-01
5.886000000000000000e+03 3.679870000000000085e-01
5.887000000000000000e+03 3.685399999999999787e-01
5.888000000000000000e+03 3.690950000000000064e-01
5.889000000000000000e+03 3.696490000000000054e-01
5.890000000000000000e+03 3.702039999999999775e-01
5.891000000000000000e+03 3.707739999999999925e-01
5.892000000000000000e+03 3.713449999999999807e-01
5.893000000000000000e+03 3.719160000000000244e-01
5.894000000000000000e+03 3.724870000000000125e-01
5.895000000000000000e+03 3.730589999999999740e-01
5.896000000000000000e+03 3.736309999999999909e-01
5.897000000000000000e+03 3.742039999999999811e-01
5.898000000000000000e+03 3.747770000000000268e-01
5.899000000000000000e+03 3.753489999999999882e-01
5.900000000000000000e+03 3.759230000000000071e-01
5.901000000000000000e+03 3.759649999999999936e-01
5.902000000000000000e+03 3.760049999999999781e-01
5.903000000000000000e+03 3.760459999999999914e-01
5.904000000000000000e+03 3.760879999999999779e-01
5.905000000000000000e+03 3.761289999999999911e-01
5.906000000000000000e+03 3.761709999999999776e-01
5.907000000000000000e+03 3.762130000000000196e-01
5.908000000000000000e+03 3.762539999999999774e-01
5.909000000000000000e+03 3.762969999999999926e-01
5.910000000000000000e+03 3.763389999999999791e-01
5.911000000000000000e+03 3.758290000000000242e-01
5.912000000000000000e+03 3.753199999999999870e-01
5.913000000000000000e+03 3.748099999999999765e-01
5.914000000000000000e+03 3.743009999999999948e-01
5.915000000000000000e+03 3.737920000000000131e-01
5.916000000000000000e+03 3.732820000000000027e-01
5.917000000000000000e+03 3.727730000000000210e-01
5.918000000000000000e+03 3.722639999999999838e-01
5.919000000000000000e+03 3.717550000000000021e-01
5.920000000000000000e+03 3.712460000000000204e-01
5.921000000000000000e+03 3.709729999999999972e-01
5.922000000000000000e+03 3.706980000000000275e-01
5.923000000000000000e+03 3.704250000000000043e-01
5.924000000000000000e+03 3.701499999999999790e-01
5.925000000000000000e+03 3.698770000000000113e-01
5.926000000000000000e+03 3.696030000000000149e-01
5.927000000000000000e+03 3.693290000000000184e-01
5.928000000000000000e+03 3.690550000000000219e-01
5.929000000000000000e+03 3.687810000000000255e-01
5.930000000000000000e+03 3.685080000000000022e-01
5.931000000000000000e+03 3.680300000000000238e-01
5.932000000000000000e+03 3.675530000000000186e-01
5.933000000000000000e+03 3.670749999999999846e-01
5.934000000000000000e+03 3.665970000000000062e-01
5.935000000000000000e+03 3.661200000000000010e-01
5.936000000000000000e+03 3.656420000000000226e-01
5.937000000000000000e+03 3.651650000000000174e-01
5.938000000000000000e+03 3.646880000000000122e-01
5.939000000000000000e+03 3.642099999999999782e-01
5.940000000000000000e+03 3.637319999999999998e-01
5.941000000000000000e+03 3.642320000000000002e-01
5.942000000000000000e+03 3.647329999999999739e-01
5.943000000000000000e+03 3.652340000000000031e-01
5.944000000000000000e+03 3.657349999999999768e-01
5.945000000000000000e+03 3.662369999999999792e-01
5.946000000000000000e+03 3.667380000000000084e-01
5.947000000000000000e+03 3.672400000000000109e-01
5.948000000000000000e+03 3.677420000000000133e-01
5.949000000000000000e+03 3.682440000000000158e-01
5.950000000000000000e+03 3.687469999999999914e-01
5.951000000000000000e+03 3.698049999999999948e-01
5.952000000000000000e+03 3.708629999999999982e-01
5.953000000000000000e+03 3.719219999999999748e-01
5.954000000000000000e+03 3.729810000000000070e-01
5.955000000000000000e+03 3.740419999999999856e-01
5.956000000000000000e+03 3.751010000000000177e-01
5.957000000000000000e+03 3.761619999999999964e-01
5.958000000000000000e+03 3.772240000000000038e-01
5.959000000000000000e+03 3.782860000000000111e-01
5.960000000000000000e+03 3.793480000000000185e-01
5.961000000000000000e+03 3.801200000000000134e-01
5.962000000000000000e+03 3.808920000000000083e-01
5.963000000000000000e+03 3.816649999999999765e-01
5.964000000000000000e+03 3.824389999999999734e-01
5.965000000000000000e+03 3.832119999999999971e-01
5.966000000000000000e+03 3.839859999999999940e-01
5.967000000000000000e+03 3.847610000000000197e-01
5.968000000000000000e+03 3.855370000000000186e-01
5.969000000000000000e+03 3.863119999999999887e-01
5.970000000000000000e+03 3.870879999999999876e-01
5.971000000000000000e+03 3.868329999999999824e-01
5.972000000000000000e+03 3.865770000000000040e-01
5.973000000000000000e+03 3.863210000000000255e-01
5.974000000000000000e+03 3.860649999999999915e-01
5.975000000000000000e+03 3.858090000000000130e-01
5.976000000000000000e+03 3.855529999999999791e-01
5.977000000000000000e+03 3.852970000000000006e-01
5.978000000000000000e+03 3.850410000000000221e-01
5.979000000000000000e+03 3.847849999999999882e-01
5.980000000000000000e+03 3.845290000000000097e-01
5.981000000000000000e+03 3.839839999999999920e-01
5.982000000000000000e+03 3.834400000000000031e-01
5.983000000000000000e+03 3.828949999999999854e-01
5.984000000000000000e+03 3.823500000000000232e-01
5.985000000000000000e+03 3.818050000000000055e-01
5.986000000000000000e+03 3.812590000000000146e-01
5.987000000000000000e+03 3.807139999999999969e-01
5.988000000000000000e+03 3.801689999999999792e-01
5.989000000000000000e+03 3.796220000000000150e-01
5.990000000000000000e+03 3.790760000000000240e-01
5.991000000000000000e+03 3.780979999999999897e-01
5.992000000000000000e+03 3.771200000000000108e-01
5.993000000000000000e+03 3.761419999999999764e-01
5.994000000000000000e+03 3.751619999999999955e-01
5.995000000000000000e+03 3.741829999999999878e-01
5.996000000000000000e+03 3.732030000000000070e-01
5.997000000000000000e+03 3.722230000000000261e-01
5.998000000000000000e+03 3.712429999999999897e-01
5.999000000000000000e+03 3.702619999999999800e-01
6.000000000000000000e+03 3.692810000000000259e-01
6.001000000000000000e+03 3.697019999999999751e-01
6.002000000000000000e+03 3.701240000000000085e-01
6.003000000000000000e+03 3.705450000000000133e-01
6.004000000000000000e+03 3.709669999999999912e-01
6.005000000000000000e+03 3.713879999999999959e-01
6.006000000000000000e+03 3.718099999999999739e-01
6.007000000000000000e+03 3.722320000000000073e-01
6.008000000000000000e+03 3.726539999999999853e-01
6.009000000000000000e+03 3.730749999999999900e-01
6.010000000000000000e+03 3.734979999999999967e-01
6.011000000000000000e+03 3.741680000000000006e-01
6.012000000000000000e+03 3.748380000000000045e-01
6.013000000000000000e+03 3.755089999999999817e-01
6.014000000000000000e+03 3.761800000000000144e-01
6.015000000000000000e+03 3.768509999999999915e-01
6.016000000000000000e+03 3.775220000000000242e-01
6.017000000000000000e+03 3.781930000000000014e-01
6.018000000000000000e+03 3.788639999999999786e-01
6.019000000000000000e+03 3.795350000000000112e-01
6.020000000000000000e+03 3.802070000000000172e-01
6.021000000000000000e+03 3.815979999999999928e-01
6.022000000000000000e+03 3.829899999999999971e-01
6.023000000000000000e+03 3.843820000000000014e-01
6.024000000000000000e+03 3.857749999999999790e-01
6.025000000000000000e+03 3.871669999999999834e-01
6.026000000000000000e+03 3.885609999999999897e-01
6.027000000000000000e+03 3.899560000000000248e-01
6.028000000000000000e+03 3.913510000000000044e-01
6.029000000000000000e+03 3.927459999999999840e-01
6.030000000000000000e+03 3.941419999999999924e-01
6.031000000000000000e+03 3.946060000000000123e-01
6.032000000000000000e+03 3.950710000000000055e-01
6.033000000000000000e+03 3.955359999999999987e-01
6.034000000000000000e+03 3.960009999999999919e-01
6.035000000000000000e+03 3.964659999999999851e-01
6.036000000000000000e+03 3.969309999999999783e-01
6.037000000000000000e+03 3.973970000000000002e-01
6.038000000000000000e+03 3.978619999999999934e-01
6.039000000000000000e+03 3.983289999999999886e-01
6.040000000000000000e+03 3.987950000000000106e-01
6.041000000000000000e+03 3.989679999999999893e-01
6.042000000000000000e+03 3.991439999999999988e-01
6.043000000000000000e+03 3.993180000000000063e-01
6.044000000000000000e+03 3.994920000000000138e-01
6.045000000000000000e+03 3.996660000000000212e-01
6.046000000000000000e+03 3.998410000000000020e-01
6.047000000000000000e+03 4.000159999999999827e-01
6.048000000000000000e+03 4.001899999999999902e-01
6.049000000000000000e+03 4.003650000000000264e-01
6.050000000000000000e+03 4.005389999999999784e-01
6.051000000000000000e+03 4.005520000000000191e-01
6.052000000000000000e+03 4.005659999999999776e-01
6.053000000000000000e+03 4.005799999999999916e-01
6.054000000000000000e+03 4.005920000000000036e-01
6.055000000000000000e+03 4.006069999999999909e-01
6.056000000000000000e+03 4.006199999999999761e-01
6.057000000000000000e+03 4.006330000000000169e-01
6.058000000000000000e+03 4.006460000000000021e-01
6.059000000000000000e+03 4.006600000000000161e-01
6.060000000000000000e+03 4.006719999999999726e-01
6.061000000000000000e+03 4.001910000000000189e-01
6.062000000000000000e+03 3.997080000000000077e-01
6.063000000000000000e+03 3.992269999999999985e-01
6.064000000000000000e+03 3.987430000000000141e-01
6.065000000000000000e+03 3.982609999999999761e-01
6.066000000000000000e+03 3.977780000000000205e-01
6.067000000000000000e+03 3.972939999999999805e-01
6.068000000000000000e+03 3.968119999999999981e-01
6.069000000000000000e+03 3.963280000000000136e-01
6.070000000000000000e+03 3.958439999999999737e-01
6.071000000000000000e+03 3.957959999999999812e-01
6.072000000000000000e+03 3.957470000000000154e-01
6.073000000000000000e+03 3.956990000000000229e-01
6.074000000000000000e+03 3.956500000000000017e-01
6.075000000000000000e+03 3.956029999999999824e-01
6.076000000000000000e+03 3.955540000000000167e-01
6.077000000000000000e+03 3.955049999999999955e-01
6.078000000000000000e+03 3.954570000000000030e-01
6.079000000000000000e+03 3.954090000000000105e-01
6.080000000000000000e+03 3.953599999999999892e-01
6.081000000000000000e+03 3.956169999999999964e-01
6.082000000000000000e+03 3.958740000000000037e-01
6.083000000000000000e+03 3.961310000000000109e-01
6.084000000000000000e+03 3.963869999999999894e-01
6.085000000000000000e+03 3.966450000000000253e-01
6.086000000000000000e+03 3.969019999999999770e-01
6.087000000000000000e+03 3.971580000000000110e-01
6.088000000000000000e+03 3.974170000000000202e-01
6.089000000000000000e+03 3.976740000000000275e-01
6.090000000000000000e+03 3.979309999999999792e-01
6.091000000000000000e+03 3.973889999999999922e-01
6.092000000000000000e+03 3.968459999999999765e-01
6.093000000000000000e+03 3.963030000000000164e-01
6.094000000000000000e+03 3.957609999999999739e-01
6.095000000000000000e+03 3.952169999999999850e-01
6.096000000000000000e+03 3.946740000000000248e-01
6.097000000000000000e+03 3.941299999999999804e-01
6.098000000000000000e+03 3.935859999999999914e-01
6.099000000000000000e+03 3.930420000000000025e-01
6.100000000000000000e+03 3.924989999999999868e-01
6.101000000000000000e+03 3.911640000000000117e-01
6.102000000000000000e+03 3.898309999999999831e-01
6.103000000000000000e+03 3.884960000000000080e-01
6.104000000000000000e+03 3.871620000000000061e-01
6.105000000000000000e+03 3.858260000000000023e-01
6.106000000000000000e+03 3.844910000000000272e-01
6.107000000000000000e+03 3.831550000000000233e-01
6.108000000000000000e+03 3.818190000000000195e-01
6.109000000000000000e+03 3.804819999999999869e-01
6.110000000000000000e+03 3.791450000000000098e-01
6.111000000000000000e+03 3.790919999999999845e-01
6.112000000000000000e+03 3.790379999999999860e-01
6.113000000000000000e+03 3.789839999999999876e-01
6.114000000000000000e+03 3.789290000000000158e-01
6.115000000000000000e+03 3.788750000000000173e-01
6.116000000000000000e+03 3.788210000000000188e-01
6.117000000000000000e+03 3.787659999999999916e-01
6.118000000000000000e+03 3.787119999999999931e-01
6.119000000000000000e+03 3.786570000000000213e-01
6.120000000000000000e+03 3.786030000000000229e-01
6.121000000000000000e+03 3.795379999999999865e-01
6.122000000000000000e+03 3.804739999999999789e-01
6.123000000000000000e+03 3.814100000000000268e-01
6.124000000000000000e+03 3.823469999999999924e-01
6.125000000000000000e+03 3.832840000000000136e-01
6.126000000000000000e+03 3.842209999999999792e-01
6.127000000000000000e+03 3.851580000000000004e-01
6.128000000000000000e+03 3.860959999999999948e-01
6.129000000000000000e+03 3.870339999999999892e-01
6.130000000000000000e+03 3.879719999999999835e-01
6.131000000000000000e+03 3.892399999999999749e-01
6.132000000000000000e+03 3.905089999999999950e-01
6.133000000000000000e+03 3.917780000000000151e-01
6.134000000000000000e+03 3.930489999999999817e-01
6.135000000000000000e+03 3.943180000000000018e-01
6.136000000000000000e+03 3.955890000000000239e-01
6.137000000000000000e+03 3.968599999999999905e-01
6.138000000000000000e+03 3.981310000000000127e-01
6.139000000000000000e+03 3.994030000000000080e-01
6.140000000000000000e+03 4.006750000000000034e-01
6.141000000000000000e+03 4.020920000000000050e-01
6.142000000000000000e+03 4.035090000000000066e-01
6.143000000000000000e+03 4.049269999999999814e-01
6.144000000000000000e+03 4.063450000000000117e-01
6.145000000000000000e+03 4.077640000000000153e-01
6.146000000000000000e+03 4.091830000000000189e-01
6.147000000000000000e+03 4.106020000000000225e-01
6.148000000000000000e+03 4.120229999999999726e-01
6.149000000000000000e+03 4.134439999999999782e-01
6.150000000000000000e+03 4.148649999999999838e-01
6.151000000000000000e+03 4.151880000000000015e-01
6.152000000000000000e+03 4.155110000000000192e-01
6.153000000000000000e+03 4.158339999999999814e-01
6.154000000000000000e+03 4.161569999999999991e-01
6.155000000000000000e+03 4.164800000000000169e-01
6.156000000000000000e+03 4.168020000000000058e-01
6.157000000000000000e+03 4.171259999999999968e-01
6.158000000000000000e+03 4.174490000000000145e-01
6.159000000000000000e+03 4.177719999999999767e-01
6.160000000000000000e+03 4.180960000000000232e-01
6.161000000000000000e+03 4.178069999999999840e-01
6.162000000000000000e+03 4.175189999999999735e-01
6.163000000000000000e+03 4.172319999999999918e-01
6.164000000000000000e+03 4.169439999999999813e-01
6.165000000000000000e+03 4.166549999999999976e-01
6.166000000000000000e+03 4.163669999999999871e-01
6.167000000000000000e+03 4.160780000000000034e-01
6.168000000000000000e+03 4.157890000000000197e-01
6.169000000000000000e+03 4.154999999999999805e-01
6.170000000000000000e+03 4.152120000000000255e-01
6.171000000000000000e+03 4.140759999999999996e-01
6.172000000000000000e+03 4.129399999999999737e-01
6.173000000000000000e+03 4.118029999999999746e-01
6.174000000000000000e+03 4.106659999999999755e-01
6.175000000000000000e+03 4.095280000000000031e-01
6.176000000000000000e+03 4.083899999999999753e-01
6.177000000000000000e+03 4.072520000000000029e-01
6.178000000000000000e+03 4.061130000000000018e-01
6.179000000000000000e+03 4.049740000000000006e-01
6.180000000000000000e+03 4.038340000000000263e-01
6.181000000000000000e+03 4.040400000000000102e-01
6.182000000000000000e+03 4.042470000000000230e-01
6.183000000000000000e+03 4.044539999999999802e-01
6.184000000000000000e+03 4.046600000000000197e-01
6.185000000000000000e+03 4.048669999999999769e-01
6.186000000000000000e+03 4.050750000000000184e-01
6.187000000000000000e+03 4.052810000000000024e-01
6.188000000000000000e+03 4.054869999999999863e-01
6.189000000000000000e+03 4.056939999999999991e-01
6.190000000000000000e+03 4.059010000000000118e-01
6.191000000000000000e+03 4.058849999999999958e-01
6.192000000000000000e+03 4.058689999999999798e-01
6.193000000000000000e+03 4.058530000000000193e-01
6.194000000000000000e+03 4.058370000000000033e-01
6.195000000000000000e+03 4.058200000000000141e-01
6.196000000000000000e+03 4.058039999999999980e-01
6.197000000000000000e+03 4.057879999999999820e-01
6.198000000000000000e+03 4.057720000000000216e-01
6.199000000000000000e+03 4.057549999999999768e-01
6.200000000000000000e+03 4.057379999999999876e-01
6.201000000000000000e+03 4.066089999999999982e-01
6.202000000000000000e+03 4.074809999999999821e-01
6.203000000000000000e+03 4.083530000000000215e-01
6.204000000000000000e+03 4.092239999999999767e-01
6.205000000000000000e+03 4.100960000000000161e-01
6.206000000000000000e+03 4.109670000000000267e-01
6.207000000000000000e+03 4.118379999999999819e-01
6.208000000000000000e+03 4.127109999999999945e-01
6.209000000000000000e+03 4.135820000000000052e-01
6.210000000000000000e+03 4.144539999999999891e-01
6.211000000000000000e+03 4.149079999999999990e-01
6.212000000000000000e+03 4.153589999999999782e-01
6.213000000000000000e+03 4.158120000000000149e-01
6.214000000000000000e+03 4.162629999999999941e-01
6.215000000000000000e+03 4.167159999999999753e-01
6.216000000000000000e+03 4.171679999999999833e-01
6.217000000000000000e+03 4.176190000000000180e-01
6.218000000000000000e+03 4.180719999999999992e-01
6.219000000000000000e+03 4.185240000000000071e-01
6.220000000000000000e+03 4.189760000000000151e-01
6.221000000000000000e+03 4.194720000000000115e-01
6.222000000000000000e+03 4.199669999999999792e-01
6.223000000000000000e+03 4.204640000000000044e-01
6.224000000000000000e+03 4.209579999999999989e-01
6.225000000000000000e+03 4.214539999999999953e-01
6.226000000000000000e+03 4.219499999999999917e-01
6.227000000000000000e+03 4.224459999999999882e-01
6.228000000000000000e+03 4.229430000000000134e-01
6.229000000000000000e+03 4.234379999999999811e-01
6.230000000000000000e+03 4.239339999999999775e-01
6.231000000000000000e+03 4.236829999999999763e-01
6.232000000000000000e+03 4.234319999999999751e-01
6.233000000000000000e+03 4.231800000000000006e-01
6.234000000000000000e+03 4.229289999999999994e-01
6.235000000000000000e+03 4.226770000000000249e-01
6.236000000000000000e+03 4.224249999999999949e-01
6.237000000000000000e+03 4.221739999999999937e-01
6.238000000000000000e+03 4.219220000000000192e-01
6.239000000000000000e+03 4.216710000000000180e-01
6.240000000000000000e+03 4.214169999999999860e-01
6.241000000000000000e+03 4.211880000000000068e-01
6.242000000000000000e+03 4.209570000000000256e-01
6.243000000000000000e+03 4.207270000000000176e-01
6.244000000000000000e+03 4.204950000000000077e-01
6.245000000000000000e+03 4.202649999999999997e-01
6.246000000000000000e+03 4.200340000000000185e-01
6.247000000000000000e+03 4.198029999999999817e-01
6.248000000000000000e+03 4.195720000000000005e-01
6.249000000000000000e+03 4.193399999999999905e-01
6.250000000000000000e+03 4.191099999999999826e-01
6.251000000000000000e+03 4.197620000000000240e-01
6.252000000000000000e+03 4.204149999999999832e-01
6.253000000000000000e+03 4.210690000000000266e-01
6.254000000000000000e+03 4.217219999999999858e-01
6.255000000000000000e+03 4.223750000000000004e-01
6.256000000000000000e+03 4.230289999999999884e-01
6.257000000000000000e+03 4.236820000000000030e-01
6.258000000000000000e+03 4.243359999999999910e-01
6.259000000000000000e+03 4.249890000000000057e-01
6.260000000000000000e+03 4.256429999999999936e-01
6.261000000000000000e+03 4.258859999999999868e-01
6.262000000000000000e+03 4.261269999999999780e-01
6.263000000000000000e+03 4.263680000000000248e-01
6.264000000000000000e+03 4.266110000000000180e-01
6.265000000000000000e+03 4.268509999999999804e-01
6.266000000000000000e+03 4.270939999999999737e-01
6.267000000000000000e+03 4.273359999999999936e-01
6.268000000000000000e+03 4.275780000000000136e-01
6.269000000000000000e+03 4.278199999999999781e-01
6.270000000000000000e+03 4.280619999999999981e-01
6.271000000000000000e+03 4.279580000000000051e-01
6.272000000000000000e+03 4.278529999999999833e-01
6.273000000000000000e+03 4.277489999999999903e-01
6.274000000000000000e+03 4.276449999999999974e-01
6.275000000000000000e+03 4.275399999999999756e-01
6.276000000000000000e+03 4.274350000000000094e-01
6.277000000000000000e+03 4.273310000000000164e-01
6.278000000000000000e+03 4.272259999999999946e-01
6.279000000000000000e+03 4.271209999999999729e-01
6.280000000000000000e+03 4.270149999999999779e-01
6.281000000000000000e+03 4.267589999999999995e-01
6.282000000000000000e+03 4.265019999999999922e-01
6.283000000000000000e+03 4.262449999999999850e-01
6.284000000000000000e+03 4.259890000000000065e-01
6.285000000000000000e+03 4.257310000000000261e-01
6.286000000000000000e+03 4.254740000000000189e-01
6.287000000000000000e+03 4.252179999999999849e-01
6.288000000000000000e+03 4.249600000000000044e-01
6.289000000000000000e+03 4.247040000000000259e-01
6.290000000000000000e+03 4.244470000000000187e-01
6.291000000000000000e+03 4.228290000000000104e-01
6.292000000000000000e+03 4.212119999999999753e-01
6.293000000000000000e+03 4.195949999999999958e-01
6.294000000000000000e+03 4.179769999999999874e-01
6.295000000000000000e+03 4.163589999999999791e-01
6.296000000000000000e+03 4.147399999999999975e-01
6.297000000000000000e+03 4.131210000000000160e-01
6.298000000000000000e+03 4.115019999999999789e-01
6.299000000000000000e+03 4.098829999999999973e-01
6.300000000000000000e+03 4.082640000000000158e-01
6.301000000000000000e+03 4.068749999999999867e-01
6.302000000000000000e+03 4.054880000000000151e-01
6.303000000000000000e+03 4.041000000000000147e-01
6.304000000000000000e+03 4.027109999999999856e-01
6.305000000000000000e+03 4.013229999999999853e-01
6.306000000000000000e+03 3.999340000000000117e-01
6.307000000000000000e+03 3.985449999999999826e-01
6.308000000000000000e+03 3.971560000000000090e-01
6.309000000000000000e+03 3.957660000000000067e-01
6.310000000000000000e+03 3.943769999999999776e-01
6.311000000000000000e+03 3.937720000000000109e-01
6.312000000000000000e+03 3.931680000000000175e-01
6.313000000000000000e+03 3.925629999999999953e-01
6.314000000000000000e+03 3.919579999999999731e-01
6.315000000000000000e+03 3.913539999999999797e-01
6.316000000000000000e+03 3.907490000000000130e-01
6.317000000000000000e+03 3.901430000000000176e-01
6.318000000000000000e+03 3.895379999999999954e-01
6.319000000000000000e+03 3.889319999999999999e-01
6.320000000000000000e+03 3.883260000000000045e-01
6.321000000000000000e+03 3.890959999999999974e-01
6.322000000000000000e+03 3.898659999999999903e-01
6.323000000000000000e+03 3.906370000000000120e-01
6.324000000000000000e+03 3.914070000000000049e-01
6.325000000000000000e+03 3.921780000000000266e-01
6.326000000000000000e+03 3.929489999999999927e-01
6.327000000000000000e+03 3.937209999999999877e-01
6.328000000000000000e+03 3.944920000000000093e-01
6.329000000000000000e+03 3.952640000000000042e-01
6.330000000000000000e+03 3.960359999999999991e-01
6.331000000000000000e+03 3.981950000000000212e-01
6.332000000000000000e+03 4.003530000000000144e-01
6.333000000000000000e+03 4.025119999999999809e-01
6.334000000000000000e+03 4.046730000000000049e-01
6.335000000000000000e+03 4.068339999999999734e-01
6.336000000000000000e+03 4.089949999999999974e-01
6.337000000000000000e+03 4.111580000000000235e-01
6.338000000000000000e+03 4.133209999999999940e-01
6.339000000000000000e+03 4.154840000000000200e-01
6.340000000000000000e+03 4.176489999999999925e-01
6.341000000000000000e+03 4.183239999999999736e-01
6.342000000000000000e+03 4.189999999999999836e-01
6.343000000000000000e+03 4.196750000000000203e-01
6.344000000000000000e+03 4.203520000000000034e-01
6.345000000000000000e+03 4.210269999999999846e-01
6.346000000000000000e+03 4.217020000000000213e-01
6.347000000000000000e+03 4.223779999999999757e-01
6.348000000000000000e+03 4.230539999999999856e-01
6.349000000000000000e+03 4.237299999999999955e-01
6.350000000000000000e+03 4.244060000000000055e-01
6.351000000000000000e+03 4.256070000000000131e-01
6.352000000000000000e+03 4.268089999999999939e-01
6.353000000000000000e+03 4.280109999999999748e-01
6.354000000000000000e+03 4.292130000000000112e-01
6.355000000000000000e+03 4.304160000000000208e-01
6.356000000000000000e+03 4.316189999999999749e-01
6.357000000000000000e+03 4.328230000000000133e-01
6.358000000000000000e+03 4.340249999999999941e-01
6.359000000000000000e+03 4.352300000000000058e-01
6.360000000000000000e+03 4.364339999999999886e-01
6.361000000000000000e+03 4.364680000000000226e-01
6.362000000000000000e+03 4.365020000000000011e-01
6.363000000000000000e+03 4.365370000000000084e-01
6.364000000000000000e+03 4.365709999999999869e-01
6.365000000000000000e+03 4.366050000000000209e-01
6.366000000000000000e+03 4.366399999999999726e-01
6.367000000000000000e+03 4.366749999999999798e-01
6.368000000000000000e+03 4.367079999999999851e-01
6.369000000000000000e+03 4.367429999999999923e-01
6.370000000000000000e+03 4.367770000000000263e-01
6.371000000000000000e+03 4.360539999999999972e-01
6.372000000000000000e+03 4.353310000000000235e-01
6.373000000000000000e+03 4.346070000000000211e-01
6.374000000000000000e+03 4.338830000000000187e-01
6.375000000000000000e+03 4.331590000000000162e-01
6.376000000000000000e+03 4.324350000000000138e-01
6.377000000000000000e+03 4.317090000000000094e-01
6.378000000000000000e+03 4.309830000000000050e-01
6.379000000000000000e+03 4.302579999999999738e-01
6.380000000000000000e+03 4.295320000000000249e-01
6.381000000000000000e+03 4.300720000000000098e-01
6.382000000000000000e+03 4.306119999999999948e-01
6.383000000000000000e+03 4.311519999999999797e-01
6.384000000000000000e+03 4.316929999999999934e-01
6.385000000000000000e+03 4.322340000000000071e-01
6.386000000000000000e+03 4.327739999999999920e-01
6.387000000000000000e+03 4.333150000000000057e-01
6.388000000000000000e+03 4.338560000000000194e-01
6.389000000000000000e+03 4.343980000000000063e-01
6.390000000000000000e+03 4.349390000000000200e-01
6.391000000000000000e+03 4.353069999999999995e-01
6.392000000000000000e+03 4.356740000000000057e-01
6.393000000000000000e+03 4.360430000000000139e-01
6.394000000000000000e+03 4.364100000000000201e-01
6.395000000000000000e+03 4.367779999999999996e-01
6.396000000000000000e+03 4.371459999999999790e-01
6.397000000000000000e+03 4.375140000000000140e-01
6.398000000000000000e+03 4.378819999999999935e-01
6.399000000000000000e+03 4.382499999999999729e-01
6.400000000000000000e+03 4.386189999999999811e-01
6.401000000000000000e+03 4.384640000000000204e-01
6.402000000000000000e+03 4.383099999999999774e-01
6.403000000000000000e+03 4.381570000000000187e-01
6.404000000000000000e+03 4.380029999999999757e-01
6.405000000000000000e+03 4.378489999999999882e-01
6.406000000000000000e+03 4.376950000000000007e-01
6.407000000000000000e+03 4.375410000000000132e-01
6.408000000000000000e+03 4.373879999999999990e-01
6.409000000000000000e+03 4.372320000000000095e-01
6.410000000000000000e+03 4.370769999999999933e-01
6.411000000000000000e+03 4.370959999999999845e-01
6.412000000000000000e+03 4.371160000000000045e-01
6.413000000000000000e+03 4.371349999999999958e-01
6.414000000000000000e+03 4.371539999999999870e-01
6.415000000000000000e+03 4.371740000000000070e-01
6.416000000000000000e+03 4.371920000000000250e-01
6.417000000000000000e+03 4.372110000000000163e-01
6.418000000000000000e+03 4.372300000000000075e-01
6.419000000000000000e+03 4.372489999999999988e-01
6.420000000000000000e+03 4.372670000000000168e-01
6.421000000000000000e+03 4.363549999999999929e-01
6.422000000000000000e+03 4.354430000000000245e-01
6.423000000000000000e+03 4.345310000000000006e-01
6.424000000000000000e+03 4.336189999999999767e-01
6.425000000000000000e+03 4.327079999999999815e-01
6.426000000000000000e+03 4.317929999999999824e-01
6.427000000000000000e+03 4.308819999999999872e-01
6.428000000000000000e+03 4.299700000000000188e-01
6.429000000000000000e+03 4.290579999999999949e-01
6.430000000000000000e+03 4.281460000000000266e-01
6.431000000000000000e+03 4.276360000000000161e-01
6.432000000000000000e+03 4.271280000000000077e-01
6.433000000000000000e+03 4.266190000000000260e-01
6.434000000000000000e+03 4.261110000000000175e-01
6.435000000000000000e+03 4.256019999999999803e-01
6.436000000000000000e+03 4.250929999999999986e-01
6.437000000000000000e+03 4.245849999999999902e-01
6.438000000000000000e+03 4.240749999999999797e-01
6.439000000000000000e+03 4.235670000000000268e-01
6.440000000000000000e+03 4.230579999999999896e-01
6.441000000000000000e+03 4.231320000000000081e-01
6.442000000000000000e+03 4.232060000000000266e-01
6.443000000000000000e+03 4.232810000000000183e-01
6.444000000000000000e+03 4.233549999999999813e-01
6.445000000000000000e+03 4.234289999999999998e-01
6.446000000000000000e+03 4.235039999999999916e-01
6.447000000000000000e+03 4.235780000000000101e-01
6.448000000000000000e+03 4.236509999999999998e-01
6.449000000000000000e+03 4.237259999999999915e-01
6.450000000000000000e+03 4.238000000000000100e-01
6.451000000000000000e+03 4.238830000000000098e-01
6.452000000000000000e+03 4.239669999999999828e-01
6.453000000000000000e+03 4.240499999999999825e-01
6.454000000000000000e+03 4.241320000000000090e-01
6.455000000000000000e+03 4.242170000000000107e-01
6.456000000000000000e+03 4.242989999999999817e-01
6.457000000000000000e+03 4.243830000000000102e-01
6.458000000000000000e+03 4.244660000000000100e-01
6.459000000000000000e+03 4.245499999999999829e-01
6.460000000000000000e+03 4.246320000000000094e-01
6.461000000000000000e+03 4.256249999999999756e-01
6.462000000000000000e+03 4.266179999999999972e-01
6.463000000000000000e+03 4.276110000000000189e-01
6.464000000000000000e+03 4.286030000000000117e-01
6.465000000000000000e+03 4.295950000000000046e-01
6.466000000000000000e+03 4.305869999999999975e-01
6.467000000000000000e+03 4.315800000000000192e-01
6.468000000000000000e+03 4.325709999999999833e-01
6.469000000000000000e+03 4.335629999999999762e-01
6.470000000000000000e+03 4.345550000000000246e-01
6.471000000000000000e+03 4.352219999999999978e-01
6.472000000000000000e+03 4.358909999999999729e-01
6.473000000000000000e+03 4.365569999999999729e-01
6.474000000000000000e+03 4.372249999999999748e-01
6.475000000000000000e+03 4.378940000000000055e-01
6.476000000000000000e+03 4.385620000000000074e-01
6.477000000000000000e+03 4.392289999999999806e-01
6.478000000000000000e+03 4.398980000000000112e-01
6.479000000000000000e+03 4.405660000000000132e-01
6.480000000000000000e+03 4.412349999999999883e-01
6.481000000000000000e+03 4.405529999999999724e-01
6.482000000000000000e+03 4.398719999999999852e-01
6.483000000000000000e+03 4.391900000000000248e-01
6.484000000000000000e+03 4.385069999999999801e-01
6.485000000000000000e+03 4.378259999999999930e-01
6.486000000000000000e+03 4.371439999999999770e-01
6.487000000000000000e+03 4.364629999999999899e-01
6.488000000000000000e+03 4.357809999999999739e-01
6.489000000000000000e+03 4.350999999999999868e-01
6.490000000000000000e+03 4.344180000000000264e-01
6.491000000000000000e+03 4.331849999999999867e-01
6.492000000000000000e+03 4.319520000000000026e-01
6.493000000000000000e+03 4.307170000000000165e-01
6.494000000000000000e+03 4.294839999999999769e-01
6.495000000000000000e+03 4.282500000000000195e-01
6.496000000000000000e+03 4.270160000000000067e-01
6.497000000000000000e+03 4.257819999999999938e-01
6.498000000000000000e+03 4.245470000000000077e-01
6.499000000000000000e+03 4.233140000000000236e-01
6.500000000000000000e+03 4.220789999999999820e-01
6.501000000000000000e+03 4.203850000000000087e-01
6.502000000000000000e+03 4.186900000000000066e-01
6.503000000000000000e+03 4.169939999999999758e-01
6.504000000000000000e+03 4.152989999999999737e-01
6.505000000000000000e+03 4.136029999999999984e-01
6.506000000000000000e+03 4.119059999999999944e-01
6.507000000000000000e+03 4.102100000000000191e-01
6.508000000000000000e+03 4.085130000000000150e-01
6.509000000000000000e+03 4.068160000000000109e-01
6.510000000000000000e+03 4.051179999999999781e-01
6.511000000000000000e+03 4.045500000000000207e-01
6.512000000000000000e+03 4.039820000000000078e-01
6.513000000000000000e+03 4.034139999999999948e-01
6.514000000000000000e+03 4.028459999999999819e-01
6.515000000000000000e+03 4.022780000000000244e-01
6.516000000000000000e+03 4.017089999999999828e-01
6.517000000000000000e+03 4.011410000000000253e-01
6.518000000000000000e+03 4.005719999999999836e-01
6.519000000000000000e+03 4.000049999999999994e-01
6.520000000000000000e+03 3.994360000000000133e-01
6.521000000000000000e+03 3.996129999999999960e-01
6.522000000000000000e+03 3.997890000000000055e-01
6.523000000000000000e+03 3.999659999999999882e-01
6.524000000000000000e+03 4.001419999999999977e-01
6.525000000000000000e+03 4.003189999999999804e-01
6.526000000000000000e+03 4.004960000000000186e-01
6.527000000000000000e+03 4.006719999999999726e-01
6.528000000000000000e+03 4.008479999999999821e-01
6.529000000000000000e+03 4.010250000000000203e-01
6.530000000000000000e+03 4.012009999999999743e-01
6.531000000000000000e+03 4.016390000000000238e-01
6.532000000000000000e+03 4.020770000000000177e-01
6.533000000000000000e+03 4.025150000000000117e-01
6.534000000000000000e+03 4.029530000000000056e-01
6.535000000000000000e+03 4.033909999999999996e-01
6.536000000000000000e+03 4.038280000000000203e-01
6.537000000000000000e+03 4.042669999999999875e-01
6.538000000000000000e+03 4.047049999999999814e-01
6.539000000000000000e+03 4.051429999999999754e-01
6.540000000000000000e+03 4.055810000000000248e-01
6.541000000000000000e+03 4.074869999999999881e-01
6.542000000000000000e+03 4.093939999999999801e-01
6.543000000000000000e+03 4.113010000000000277e-01
6.544000000000000000e+03 4.132080000000000197e-01
6.545000000000000000e+03 4.151179999999999870e-01
6.546000000000000000e+03 4.170260000000000078e-01
6.547000000000000000e+03 4.189359999999999751e-01
6.548000000000000000e+03 4.208470000000000266e-01
6.549000000000000000e+03 4.227589999999999959e-01
6.550000000000000000e+03 4.246699999999999919e-01
6.551000000000000000e+03 4.252420000000000089e-01
6.552000000000000000e+03 4.258109999999999951e-01
6.553000000000000000e+03 4.263819999999999832e-01
6.554000000000000000e+03 4.269530000000000269e-01
6.555000000000000000e+03 4.275240000000000151e-01
6.556000000000000000e+03 4.280939999999999745e-01
6.557000000000000000e+03 4.286650000000000182e-01
6.558000000000000000e+03 4.292349999999999777e-01
6.559000000000000000e+03 4.298060000000000214e-01
6.560000000000000000e+03 4.303759999999999808e-01
6.561000000000000000e+03 4.304689999999999905e-01
6.562000000000000000e+03 4.305599999999999983e-01
6.563000000000000000e+03 4.306530000000000080e-01
6.564000000000000000e+03 4.307449999999999890e-01
6.565000000000000000e+03 4.308379999999999987e-01
6.566000000000000000e+03 4.309299999999999797e-01
6.567000000000000000e+03 4.310220000000000162e-01
6.568000000000000000e+03 4.311139999999999972e-01
6.569000000000000000e+03 4.312059999999999782e-01
6.570000000000000000e+03 4.312989999999999879e-01
6.571000000000000000e+03 4.309049999999999825e-01
6.572000000000000000e+03 4.305100000000000038e-01
6.573000000000000000e+03 4.301170000000000271e-01
6.574000000000000000e+03 4.297230000000000216e-01
6.575000000000000000e+03 4.293299999999999894e-01
6.576000000000000000e+03 4.289359999999999840e-01
6.577000000000000000e+03 4.285419999999999785e-01
6.578000000000000000e+03 4.281479999999999730e-01
6.579000000000000000e+03 4.277549999999999963e-01
6.580000000000000000e+03 4.273609999999999909e-01
6.581000000000000000e+03 4.280109999999999748e-01
6.582000000000000000e+03 4.286599999999999855e-01
6.583000000000000000e+03 4.293100000000000249e-01
6.584000000000000000e+03 4.299609999999999821e-01
6.585000000000000000e+03 4.306110000000000215e-01
6.586000000000000000e+03 4.312599999999999767e-01
6.587000000000000000e+03 4.319100000000000161e-01
6.588000000000000000e+03 4.325600000000000001e-01
6.589000000000000000e+03 4.332110000000000127e-01
6.590000000000000000e+03 4.338609999999999967e-01
6.591000000000000000e+03 4.335350000000000037e-01
6.592000000000000000e+03 4.332070000000000087e-01
6.593000000000000000e+03 4.328810000000000158e-01
6.594000000000000000e+03 4.325539999999999941e-01
6.595000000000000000e+03 4.322280000000000011e-01
6.596000000000000000e+03 4.319020000000000081e-01
6.597000000000000000e+03 4.315729999999999844e-01
6.598000000000000000e+03 4.312469999999999914e-01
6.599000000000000000e+03 4.309200000000000252e-01
6.600000000000000000e+03 4.305930000000000035e-01
6.601000000000000000e+03 4.316420000000000257e-01
6.602000000000000000e+03 4.326909999999999923e-01
6.603000000000000000e+03 4.337400000000000144e-01
6.604000000000000000e+03 4.347889999999999810e-01
6.605000000000000000e+03 4.358389999999999764e-01
6.606000000000000000e+03 4.368879999999999986e-01
6.607000000000000000e+03 4.379390000000000227e-01
6.608000000000000000e+03 4.389879999999999893e-01
6.609000000000000000e+03 4.400379999999999847e-01
6.610000000000000000e+03 4.410890000000000088e-01
6.611000000000000000e+03 4.410859999999999781e-01
6.612000000000000000e+03 4.410839999999999761e-01
6.613000000000000000e+03 4.410819999999999741e-01
6.614000000000000000e+03 4.410789999999999988e-01
6.615000000000000000e+03 4.410769999999999968e-01
6.616000000000000000e+03 4.410760000000000236e-01
6.617000000000000000e+03 4.410740000000000216e-01
6.618000000000000000e+03 4.410709999999999908e-01
6.619000000000000000e+03 4.410689999999999888e-01
6.620000000000000000e+03 4.410669999999999868e-01
6.621000000000000000e+03 4.408790000000000209e-01
6.622000000000000000e+03 4.406919999999999726e-01
6.623000000000000000e+03 4.405040000000000067e-01
6.624000000000000000e+03 4.403170000000000139e-01
6.625000000000000000e+03 4.401300000000000212e-01
6.626000000000000000e+03 4.399419999999999997e-01
6.627000000000000000e+03 4.397550000000000070e-01
6.628000000000000000e+03 4.395669999999999855e-01
6.629000000000000000e+03 4.393799999999999928e-01
6.630000000000000000e+03 4.391930000000000001e-01
6.631000000000000000e+03 4.393549999999999955e-01
6.632000000000000000e+03 4.395180000000000198e-01
6.633000000000000000e+03 4.396789999999999865e-01
6.634000000000000000e+03 4.398420000000000107e-01
6.635000000000000000e+03 4.400040000000000062e-01
6.636000000000000000e+03 4.401660000000000017e-01
6.637000000000000000e+03 4.403279999999999972e-01
6.638000000000000000e+03 4.404910000000000214e-01
6.639000000000000000e+03 4.406539999999999901e-01
6.640000000000000000e+03 4.408159999999999856e-01
6.641000000000000000e+03 4.397130000000000205e-01
6.642000000000000000e+03 4.386079999999999979e-01
6.643000000000000000e+03 4.375040000000000040e-01
6.644000000000000000e+03 4.364000000000000101e-01
6.645000000000000000e+03 4.352969999999999895e-01
6.646000000000000000e+03 4.341920000000000224e-01
6.647000000000000000e+03 4.330879999999999730e-01
6.648000000000000000e+03 4.319839999999999791e-01
6.649000000000000000e+03 4.308799999999999852e-01
6.650000000000000000e+03 4.297759999999999914e-01
6.651000000000000000e+03 4.298609999999999931e-01
6.652000000000000000e+03 4.299459999999999948e-01
6.653000000000000000e+03 4.300309999999999966e-01
6.654000000000000000e+03 4.301170000000000271e-01
6.655000000000000000e+03 4.302019999999999733e-01
6.656000000000000000e+03 4.302860000000000018e-01
6.657000000000000000e+03 4.303710000000000035e-01
6.658000000000000000e+03 4.304569999999999785e-01
6.659000000000000000e+03 4.305410000000000070e-01
6.660000000000000000e+03 4.306260000000000088e-01
6.661000000000000000e+03 4.308660000000000267e-01
6.662000000000000000e+03 4.311050000000000160e-01
6.663000000000000000e+03 4.313449999999999784e-01
6.664000000000000000e+03 4.315840000000000232e-01
6.665000000000000000e+03 4.318230000000000124e-01
6.666000000000000000e+03 4.320629999999999749e-01
6.667000000000000000e+03 4.323020000000000196e-01
6.668000000000000000e+03 4.325419999999999821e-01
6.669000000000000000e+03 4.327810000000000268e-01
6.670000000000000000e+03 4.330209999999999892e-01
6.671000000000000000e+03 4.336260000000000114e-01
6.672000000000000000e+03 4.342320000000000069e-01
6.673000000000000000e+03 4.348380000000000023e-01
6.674000000000000000e+03 4.354430000000000245e-01
6.675000000000000000e+03 4.360479999999999912e-01
6.676000000000000000e+03 4.366539999999999866e-01
6.677000000000000000e+03 4.372590000000000088e-01
6.678000000000000000e+03 4.378639999999999755e-01
6.679000000000000000e+03 4.384689999999999976e-01
6.680000000000000000e+03 4.390740000000000198e-01
6.681000000000000000e+03 4.393079999999999763e-01
6.682000000000000000e+03 4.395410000000000150e-01
6.683000000000000000e+03 4.397739999999999982e-01
6.684000000000000000e+03 4.400080000000000102e-01
6.685000000000000000e+03 4.402420000000000222e-01
6.686000000000000000e+03 4.404750000000000054e-01
6.687000000000000000e+03 4.407090000000000174e-01
6.688000000000000000e+03 4.409420000000000006e-01
6.689000000000000000e+03 4.411760000000000126e-01
6.690000000000000000e+03 4.414100000000000246e-01
6.691000000000000000e+03 4.406450000000000089e-01
6.692000000000000000e+03 4.398799999999999932e-01
6.693000000000000000e+03 4.391140000000000043e-01
6.694000000000000000e+03 4.383489999999999887e-01
6.695000000000000000e+03 4.375829999999999997e-01
6.696000000000000000e+03 4.368179999999999841e-01
6.697000000000000000e+03 4.360539999999999972e-01
6.698000000000000000e+03 4.352889999999999815e-01
6.699000000000000000e+03 4.345229999999999926e-01
6.700000000000000000e+03 4.337570000000000037e-01
6.701000000000000000e+03 4.334999999999999964e-01
6.702000000000000000e+03 4.332429999999999892e-01
6.703000000000000000e+03 4.329850000000000088e-01
6.704000000000000000e+03 4.327280000000000015e-01
6.705000000000000000e+03 4.324709999999999943e-01
6.706000000000000000e+03 4.322139999999999871e-01
6.707000000000000000e+03 4.319569999999999799e-01
6.708000000000000000e+03 4.317010000000000014e-01
6.709000000000000000e+03 4.314430000000000209e-01
6.710000000000000000e+03 4.311869999999999870e-01
6.711000000000000000e+03 4.302659999999999818e-01
6.712000000000000000e+03 4.293449999999999767e-01
6.713000000000000000e+03 4.284259999999999735e-01
6.714000000000000000e+03 4.275039999999999951e-01
6.715000000000000000e+03 4.265840000000000187e-01
6.716000000000000000e+03 4.256630000000000136e-01
6.717000000000000000e+03 4.247409999999999797e-01
6.718000000000000000e+03 4.238190000000000013e-01
6.719000000000000000e+03 4.228970000000000229e-01
6.720000000000000000e+03 4.219760000000000177e-01
6.721000000000000000e+03 4.222799999999999887e-01
6.722000000000000000e+03 4.225829999999999864e-01
6.723000000000000000e+03 4.228859999999999841e-01
6.724000000000000000e+03 4.231889999999999818e-01
6.725000000000000000e+03 4.234919999999999796e-01
6.726000000000000000e+03 4.237949999999999773e-01
6.727000000000000000e+03 4.240990000000000038e-01
6.728000000000000000e+03 4.244020000000000015e-01
6.729000000000000000e+03 4.247059999999999724e-01
6.730000000000000000e+03 4.250090000000000257e-01
6.731000000000000000e+03 4.251809999999999756e-01
6.732000000000000000e+03 4.253529999999999811e-01
6.733000000000000000e+03 4.255249999999999866e-01
6.734000000000000000e+03 4.256969999999999921e-01
6.735000000000000000e+03 4.258689999999999976e-01
6.736000000000000000e+03 4.260399999999999743e-01
6.737000000000000000e+03 4.262119999999999798e-01
6.738000000000000000e+03 4.263839999999999852e-01
6.739000000000000000e+03 4.265559999999999907e-01
6.740000000000000000e+03 4.267279999999999962e-01
6.741000000000000000e+03 4.272130000000000094e-01
6.742000000000000000e+03 4.276969999999999938e-01
6.743000000000000000e+03 4.281809999999999783e-01
6.744000000000000000e+03 4.286670000000000202e-01
6.745000000000000000e+03 4.291510000000000047e-01
6.746000000000000000e+03 4.296360000000000179e-01
6.747000000000000000e+03 4.301200000000000023e-01
6.748000000000000000e+03 4.306059999999999888e-01
6.749000000000000000e+03 4.310899999999999732e-01
6.750000000000000000e+03 4.315740000000000132e-01
6.751000000000000000e+03 4.322469999999999923e-01
6.752000000000000000e+03 4.329189999999999983e-01
6.753000000000000000e+03 4.335899999999999754e-01
6.754000000000000000e+03 4.342630000000000101e-01
6.755000000000000000e+03 4.349339999999999873e-01
6.756000000000000000e+03 4.356070000000000220e-01
6.757000000000000000e+03 4.362789999999999724e-01
6.758000000000000000e+03 4.369520000000000071e-01
6.759000000000000000e+03 4.376249999999999862e-01
6.760000000000000000e+03 4.382969999999999922e-01
6.761000000000000000e+03 4.380040000000000044e-01
6.762000000000000000e+03 4.377079999999999860e-01
6.763000000000000000e+03 4.374140000000000250e-01
6.764000000000000000e+03 4.371200000000000085e-01
6.765000000000000000e+03 4.368250000000000188e-01
6.766000000000000000e+03 4.365310000000000024e-01
6.767000000000000000e+03 4.362369999999999859e-01
6.768000000000000000e+03 4.359419999999999962e-01
6.769000000000000000e+03 4.356470000000000065e-01
6.770000000000000000e+03 4.353540000000000187e-01
6.771000000000000000e+03 4.349330000000000140e-01
6.772000000000000000e+03 4.345140000000000113e-01
6.773000000000000000e+03 4.340939999999999799e-01
6.774000000000000000e+03 4.336729999999999752e-01
6.775000000000000000e+03 4.332529999999999992e-01
6.776000000000000000e+03 4.328319999999999945e-01
6.777000000000000000e+03 4.324129999999999918e-01
6.778000000000000000e+03 4.319919999999999871e-01
6.779000000000000000e+03 4.315709999999999824e-01
6.780000000000000000e+03 4.311510000000000065e-01
6.781000000000000000e+03 4.310160000000000102e-01
6.782000000000000000e+03 4.308819999999999872e-01
6.783000000000000000e+03 4.307469999999999910e-01
6.784000000000000000e+03 4.306119999999999948e-01
6.785000000000000000e+03 4.304769999999999985e-01
6.786000000000000000e+03 4.303420000000000023e-01
6.787000000000000000e+03 4.302079999999999793e-01
6.788000000000000000e+03 4.300720000000000098e-01
6.789000000000000000e+03 4.299379999999999868e-01
6.790000000000000000e+03 4.298020000000000174e-01
6.791000000000000000e+03 4.295479999999999854e-01
6.792000000000000000e+03 4.292929999999999802e-01
6.793000000000000000e+03 4.290379999999999749e-01
6.794000000000000000e+03 4.287830000000000252e-01
6.795000000000000000e+03 4.285280000000000200e-01
6.796000000000000000e+03 4.282730000000000148e-01
6.797000000000000000e+03 4.280180000000000096e-01
6.798000000000000000e+03 4.277630000000000043e-01
6.799000000000000000e+03 4.275089999999999724e-01
6.800000000000000000e+03 4.272529999999999939e-01
6.801000000000000000e+03 4.278689999999999993e-01
6.802000000000000000e+03 4.284850000000000048e-01
6.803000000000000000e+03 4.291010000000000102e-01
6.804000000000000000e+03 4.297170000000000156e-01
6.805000000000000000e+03 4.303330000000000211e-01
6.806000000000000000e+03 4.309479999999999977e-01
6.807000000000000000e+03 4.315640000000000032e-01
6.808000000000000000e+03 4.321800000000000086e-01
6.809000000000000000e+03 4.327949999999999853e-01
6.810000000000000000e+03 4.334109999999999907e-01
6.811000000000000000e+03 4.326050000000000173e-01
6.812000000000000000e+03 4.317989999999999884e-01
6.813000000000000000e+03 4.309939999999999882e-01
6.814000000000000000e+03 4.301889999999999881e-01
6.815000000000000000e+03 4.293839999999999879e-01
6.816000000000000000e+03 4.285780000000000145e-01
6.817000000000000000e+03 4.277739999999999876e-01
6.818000000000000000e+03 4.269680000000000142e-01
6.819000000000000000e+03 4.261630000000000140e-01
6.820000000000000000e+03 4.253589999999999871e-01
6.821000000000000000e+03 4.251719999999999944e-01
6.822000000000000000e+03 4.249859999999999749e-01
6.823000000000000000e+03 4.247989999999999822e-01
6.824000000000000000e+03 4.246130000000000182e-01
6.825000000000000000e+03 4.244260000000000255e-01
6.826000000000000000e+03 4.242400000000000060e-01
6.827000000000000000e+03 4.240519999999999845e-01
6.828000000000000000e+03 4.238660000000000205e-01
6.829000000000000000e+03 4.236789999999999723e-01
6.830000000000000000e+03 4.234930000000000083e-01
6.831000000000000000e+03 4.230050000000000199e-01
6.832000000000000000e+03 4.225169999999999759e-01
6.833000000000000000e+03 4.220300000000000162e-01
6.834000000000000000e+03 4.215430000000000010e-01
6.835000000000000000e+03 4.210559999999999858e-01
6.836000000000000000e+03 4.205690000000000262e-01
6.837000000000000000e+03 4.200820000000000110e-01
6.838000000000000000e+03 4.195940000000000225e-01
6.839000000000000000e+03 4.191059999999999786e-01
6.840000000000000000e+03 4.186199999999999921e-01
6.841000000000000000e+03 4.180949999999999944e-01
6.842000000000000000e+03 4.175699999999999967e-01
6.843000000000000000e+03 4.170440000000000258e-01
6.844000000000000000e+03 4.165200000000000014e-01
6.845000000000000000e+03 4.159950000000000037e-01
6.846000000000000000e+03 4.154709999999999792e-01
6.847000000000000000e+03 4.149459999999999815e-01
6.848000000000000000e+03 4.144220000000000126e-01
6.849000000000000000e+03 4.138979999999999881e-01
6.850000000000000000e+03 4.133729999999999905e-01
6.851000000000000000e+03 4.136560000000000237e-01
6.852000000000000000e+03 4.139399999999999746e-01
6.853000000000000000e+03 4.142230000000000079e-01
6.854000000000000000e+03 4.145070000000000143e-01
6.855000000000000000e+03 4.147890000000000188e-01
6.856000000000000000e+03 4.150719999999999965e-01
6.857000000000000000e+03 4.153560000000000030e-01
6.858000000000000000e+03 4.156389999999999807e-01
6.859000000000000000e+03 4.159220000000000139e-01
6.860000000000000000e+03 4.162060000000000204e-01
6.861000000000000000e+03 4.160789999999999766e-01
6.862000000000000000e+03 4.159530000000000172e-01
6.863000000000000000e+03 4.158259999999999734e-01
6.864000000000000000e+03 4.157000000000000139e-01
6.865000000000000000e+03 4.155730000000000257e-01
6.866000000000000000e+03 4.154459999999999820e-01
6.867000000000000000e+03 4.153200000000000225e-01
6.868000000000000000e+03 4.151929999999999787e-01
6.869000000000000000e+03 4.150670000000000193e-01
6.870000000000000000e+03 4.149399999999999755e-01
6.871000000000000000e+03 4.151210000000000178e-01
6.872000000000000000e+03 4.153020000000000045e-01
6.873000000000000000e+03 4.154829999999999912e-01
6.874000000000000000e+03 4.156650000000000067e-01
6.875000000000000000e+03 4.158459999999999934e-01
6.876000000000000000e+03 4.160280000000000089e-01
6.877000000000000000e+03 4.162089999999999956e-01
6.878000000000000000e+03 4.163899999999999824e-01
6.879000000000000000e+03 4.165710000000000246e-01
6.880000000000000000e+03 4.167520000000000113e-01
6.881000000000000000e+03 4.165090000000000181e-01
6.882000000000000000e+03 4.162649999999999961e-01
6.883000000000000000e+03 4.160209999999999742e-01
6.884000000000000000e+03 4.157770000000000077e-01
6.885000000000000000e+03 4.155329999999999857e-01
6.886000000000000000e+03 4.152890000000000192e-01
6.887000000000000000e+03 4.150449999999999973e-01
6.888000000000000000e+03 4.148009999999999753e-01
6.889000000000000000e+03 4.145570000000000088e-01
6.890000000000000000e+03 4.143129999999999868e-01
6.891000000000000000e+03 4.137549999999999839e-01
6.892000000000000000e+03 4.131969999999999810e-01
6.893000000000000000e+03 4.126389999999999780e-01
6.894000000000000000e+03 4.120800000000000018e-01
6.895000000000000000e+03 4.115219999999999989e-01
6.896000000000000000e+03 4.109639999999999960e-01
6.897000000000000000e+03 4.104070000000000218e-01
6.898000000000000000e+03 4.098479999999999901e-01
6.899000000000000000e+03 4.092899999999999872e-01
6.900000000000000000e+03 4.087330000000000130e-01
6.901000000000000000e+03 4.083789999999999920e-01
6.902000000000000000e+03 4.080250000000000266e-01
6.903000000000000000e+03 4.076710000000000056e-01
6.904000000000000000e+03 4.073160000000000114e-01
6.905000000000000000e+03 4.069630000000000192e-01
6.906000000000000000e+03 4.066080000000000250e-01
6.907000000000000000e+03 4.062540000000000040e-01
6.908000000000000000e+03 4.058999999999999830e-01
6.909000000000000000e+03 4.055469999999999908e-01
6.910000000000000000e+03 4.051930000000000254e-01
6.911000000000000000e+03 4.052379999999999871e-01
6.912000000000000000e+03 4.052819999999999756e-01
6.913000000000000000e+03 4.053269999999999929e-01
6.914000000000000000e+03 4.053720000000000101e-01
6.915000000000000000e+03 4.054159999999999986e-01
6.916000000000000000e+03 4.054610000000000158e-01
6.917000000000000000e+03 4.055050000000000043e-01
6.918000000000000000e+03 4.055489999999999928e-01
6.919000000000000000e+03 4.055929999999999813e-01
6.920000000000000000e+03 4.056370000000000253e-01
6.921000000000000000e+03 4.061480000000000090e-01
6.922000000000000000e+03 4.066600000000000215e-01
6.923000000000000000e+03 4.071710000000000051e-01
6.924000000000000000e+03 4.076819999999999888e-01
6.925000000000000000e+03 4.081919999999999993e-01
6.926000000000000000e+03 4.087029999999999830e-01
6.927000000000000000e+03 4.092140000000000222e-01
6.928000000000000000e+03 4.097230000000000039e-01
6.929000000000000000e+03 4.102339999999999876e-01
6.930000000000000000e+03 4.107439999999999980e-01
6.931000000000000000e+03 4.107529999999999792e-01
6.932000000000000000e+03 4.107640000000000180e-01
6.933000000000000000e+03 4.107729999999999992e-01
6.934000000000000000e+03 4.107830000000000092e-01
6.935000000000000000e+03 4.107919999999999905e-01
6.936000000000000000e+03 4.108020000000000005e-01
6.937000000000000000e+03 4.108109999999999817e-01
6.938000000000000000e+03 4.108189999999999897e-01
6.939000000000000000e+03 4.108289999999999997e-01
6.940000000000000000e+03 4.108379999999999810e-01
6.941000000000000000e+03 4.104119999999999990e-01
6.942000000000000000e+03 4.099860000000000171e-01
6.943000000000000000e+03 4.095599999999999796e-01
6.944000000000000000e+03 4.091339999999999977e-01
6.945000000000000000e+03 4.087080000000000157e-01
6.946000000000000000e+03 4.082810000000000050e-01
6.947000000000000000e+03 4.078550000000000231e-01
6.948000000000000000e+03 4.074269999999999836e-01
6.949000000000000000e+03 4.070010000000000017e-01
6.950000000000000000e+03 4.065730000000000177e-01
6.951000000000000000e+03 4.056919999999999971e-01
6.952000000000000000e+03 4.048100000000000032e-01
6.953000000000000000e+03 4.039289999999999825e-01
6.954000000000000000e+03 4.030469999999999886e-01
6.955000000000000000e+03 4.021660000000000235e-01
6.956000000000000000e+03 4.012839999999999741e-01
6.957000000000000000e+03 4.004030000000000089e-01
6.958000000000000000e+03 3.995230000000000170e-01
6.959000000000000000e+03 3.986419999999999964e-01
6.960000000000000000e+03 3.977609999999999757e-01
6.961000000000000000e+03 3.965520000000000156e-01
6.962000000000000000e+03 3.953430000000000000e-01
6.963000000000000000e+03 3.941350000000000131e-01
6.964000000000000000e+03 3.929270000000000262e-01
6.965000000000000000e+03 3.917180000000000106e-01
6.966000000000000000e+03 3.905100000000000238e-01
6.967000000000000000e+03 3.893030000000000102e-01
6.968000000000000000e+03 3.880950000000000233e-01
6.969000000000000000e+03 3.868880000000000097e-01
6.970000000000000000e+03 3.856809999999999961e-01
6.971000000000000000e+03 3.844569999999999932e-01
6.972000000000000000e+03 3.832329999999999903e-01
6.973000000000000000e+03 3.820100000000000162e-01
6.974000000000000000e+03 3.807860000000000134e-01
6.975000000000000000e+03 3.795620000000000105e-01
6.976000000000000000e+03 3.783400000000000096e-01
6.977000000000000000e+03 3.771149999999999780e-01
6.978000000000000000e+03 3.758920000000000039e-01
6.979000000000000000e+03 3.746680000000000010e-01
6.980000000000000000e+03 3.734439999999999982e-01
6.981000000000000000e+03 3.716809999999999836e-01
6.982000000000000000e+03 3.699169999999999958e-01
6.983000000000000000e+03 3.681530000000000080e-01
6.984000000000000000e+03 3.663890000000000202e-01
6.985000000000000000e+03 3.646240000000000037e-01
6.986000000000000000e+03 3.628580000000000139e-01
6.987000000000000000e+03 3.610929999999999973e-01
6.988000000000000000e+03 3.593270000000000075e-01
6.989000000000000000e+03 3.575610000000000177e-01
6.990000000000000000e+03 3.557949999999999724e-01
6.991000000000000000e+03 3.530349999999999877e-01
6.992000000000000000e+03 3.502739999999999743e-01
6.993000000000000000e+03 3.475130000000000163e-01
6.994000000000000000e+03 3.447529999999999761e-01
6.995000000000000000e+03 3.419929999999999914e-01
6.996000000000000000e+03 3.392330000000000068e-01
6.997000000000000000e+03 3.364719999999999933e-01
6.998000000000000000e+03 3.337120000000000086e-01
6.999000000000000000e+03 3.309520000000000239e-01
7.000000000000000000e+03 3.281919999999999837e-01
7.001000000000000000e+03 3.226450000000000151e-01
7.002000000000000000e+03 3.170990000000000197e-01
7.003000000000000000e+03 3.115539999999999976e-01
7.004000000000000000e+03 3.060120000000000062e-01
7.005000000000000000e+03 3.004700000000000149e-01
7.006000000000000000e+03 2.949300000000000255e-01
7.007000000000000000e+03 2.893910000000000093e-01
7.008000000000000000e+03 2.838539999999999952e-01
7.009000000000000000e+03 2.783189999999999831e-01
7.010000000000000000e+03 2.727840000000000265e-01
7.011000000000000000e+03 2.654819999999999958e-01
7.012000000000000000e+03 2.581809999999999938e-01
7.013000000000000000e+03 2.508810000000000207e-01
7.014000000000000000e+03 2.435819999999999930e-01
7.015000000000000000e+03 2.362849999999999950e-01
7.016000000000000000e+03 2.289889999999999981e-01
7.017000000000000000e+03 2.216940000000000022e-01
7.018000000000000000e+03 2.144000000000000072e-01
7.019000000000000000e+03 2.071079999999999866e-01
7.020000000000000000e+03 1.998179999999999956e-01
7.021000000000000000e+03 1.939339999999999953e-01
7.022000000000000000e+03 1.880499999999999949e-01
7.023000000000000000e+03 1.821669999999999956e-01
7.024000000000000000e+03 1.762849999999999973e-01
7.025000000000000000e+03 1.704029999999999989e-01
7.026000000000000000e+03 1.645220000000000016e-01
7.027000000000000000e+03 1.586410000000000042e-01
7.028000000000000000e+03 1.527610000000000079e-01
7.029000000000000000e+03 1.468820000000000126e-01
7.030000000000000000e+03 1.410029999999999895e-01
7.031000000000000000e+03 1.369049999999999989e-01
7.032000000000000000e+03 1.328070000000000084e-01
7.033000000000000000e+03 1.287099999999999911e-01
7.034000000000000000e+03 1.246130000000000015e-01
7.035000000000000000e+03 1.205159999999999981e-01
7.036000000000000000e+03 1.164209999999999967e-01
7.037000000000000000e+03 1.123249999999999943e-01
7.038000000000000000e+03 1.082300000000000068e-01
7.039000000000000000e+03 1.041350000000000053e-01
7.040000000000000000e+03 1.000410000000000049e-01
7.041000000000000000e+03 9.738349999999999784e-02
7.042000000000000000e+03 9.472679999999999989e-02
7.043000000000000000e+03 9.207079999999999431e-02
7.044000000000000000e+03 8.941530000000000311e-02
7.045000000000000000e+03 8.676040000000000141e-02
7.046000000000000000e+03 8.410620000000000596e-02
7.047000000000000000e+03 8.145270000000000288e-02
7.048000000000000000e+03 7.879970000000000030e-02
7.049000000000000000e+03 7.614759999999999585e-02
7.050000000000000000e+03 7.349580000000000002e-02
7.051000000000000000e+03 7.108720000000000316e-02
7.052000000000000000e+03 6.867900000000000393e-02
7.053000000000000000e+03 6.627120000000000233e-02
7.054000000000000000e+03 6.386379999999999835e-02
7.055000000000000000e+03 6.145710000000000062e-02
7.056000000000000000e+03 5.905060000000000170e-02
7.057000000000000000e+03 5.664469999999999922e-02
7.058000000000000000e+03 5.423920000000000130e-02
7.059000000000000000e+03 5.183410000000000101e-02
7.060000000000000000e+03 4.942959999999999715e-02
7.061000000000000000e+03 4.727599999999999858e-02
7.062000000000000000e+03 4.512300000000000338e-02
7.063000000000000000e+03 4.297100000000000225e-02
7.064000000000000000e+03 4.081959999999999755e-02
7.065000000000000000e+03 3.866909999999999792e-02
7.066000000000000000e+03 3.651920000000000166e-02
7.067000000000000000e+03 3.437019999999999659e-02
7.068000000000000000e+03 3.222189999999999777e-02
7.069000000000000000e+03 3.007440000000000113e-02
7.070000000000000000e+03 2.792769999999999975e-02
7.071000000000000000e+03 2.658949999999999855e-02
7.072000000000000000e+03 2.525149999999999964e-02
7.073000000000000000e+03 2.391369999999999954e-02
7.074000000000000000e+03 2.257599999999999885e-02
7.075000000000000000e+03 2.123850000000000043e-02
7.076000000000000000e+03 1.990110000000000143e-02
7.077000000000000000e+03 1.856390000000000123e-02
7.078000000000000000e+03 1.722689999999999985e-02
7.079000000000000000e+03 1.589000000000000135e-02
7.080000000000000000e+03 1.455339999999999932e-02
7.081000000000000000e+03 1.384389999999999926e-02
7.082000000000000000e+03 1.313459999999999975e-02
7.083000000000000000e+03 1.242539999999999964e-02
7.084000000000000000e+03 1.171619999999999953e-02
7.085000000000000000e+03 1.100710000000000056e-02
7.086000000000000000e+03 1.029809999999999927e-02
7.087000000000000000e+03 9.589250000000000551e-03
7.088000000000000000e+03 8.880449999999999802e-03
7.089000000000000000e+03 8.171770000000000075e-03
7.090000000000000000e+03 7.463159999999999933e-03
7.091000000000000000e+03 7.120709999999999713e-03
7.092000000000000000e+03 6.778379999999999649e-03
7.093000000000000000e+03 6.436189999999999620e-03
7.094000000000000000e+03 6.094119999999999746e-03
7.095000000000000000e+03 5.752189999999999907e-03
7.096000000000000000e+03 5.410380000000000224e-03
7.097000000000000000e+03 5.068699999999999768e-03
7.098000000000000000e+03 4.727140000000000335e-03
7.099000000000000000e+03 4.385720000000000070e-03
7.100000000000000000e+03 4.044429999999999900e-03
7.101000000000000000e+03 3.886269999999999829e-03
7.102000000000000000e+03 3.728159999999999894e-03
7.103000000000000000e+03 3.570110000000000037e-03
7.104000000000000000e+03 3.412090000000000001e-03
7.105000000000000000e+03 3.254120000000000103e-03
7.106000000000000000e+03 3.096199999999999907e-03
7.107000000000000000e+03 2.938319999999999908e-03
7.108000000000000000e+03 2.780490000000000045e-03
7.109000000000000000e+03 2.622709999999999885e-03
7.110000000000000000e+03 2.464969999999999922e-03
7.111000000000000000e+03 2.384690000000000074e-03
7.112000000000000000e+03 2.304420000000000166e-03
7.113000000000000000e+03 2.224149999999999825e-03
7.114000000000000000e+03 2.143899999999999799e-03
7.115000000000000000e+03 2.063670000000000088e-03
7.116000000000000000e+03 1.983439999999999943e-03
7.117000000000000000e+03 1.903229999999999896e-03
7.118000000000000000e+03 1.823030000000000006e-03
7.119000000000000000e+03 1.742840000000000058e-03
7.120000000000000000e+03 1.662669999999999990e-03
7.121000000000000000e+03 1.624259999999999983e-03
7.122000000000000000e+03 1.585840000000000036e-03
7.123000000000000000e+03 1.547439999999999970e-03
7.124000000000000000e+03 1.509029999999999963e-03
7.125000000000000000e+03 1.470629999999999897e-03
7.126000000000000000e+03 1.432230000000000048e-03
7.127000000000000000e+03 1.393839999999999923e-03
7.128000000000000000e+03 1.355440000000000074e-03
7.129000000000000000e+03 1.317049999999999948e-03
7.130000000000000000e+03 1.278660000000000040e-03
7.131000000000000000e+03 1.240180000000000015e-03
7.132000000000000000e+03 1.201709999999999931e-03
7.133000000000000000e+03 1.163250000000000004e-03
7.134000000000000000e+03 1.124790000000000078e-03
7.135000000000000000e+03 1.086350000000000033e-03
7.136000000000000000e+03 1.047909999999999987e-03
7.137000000000000000e+03 1.009480000000000099e-03
7.138000000000000000e+03 9.710609999999999511e-04
7.139000000000000000e+03 9.326500000000000372e-04
7.140000000000000000e+03 8.942470000000000323e-04
7.141000000000000000e+03 8.786869999999999577e-04
7.142000000000000000e+03 8.631319999999999618e-04
7.143000000000000000e+03 8.475789999999999973e-04
7.144000000000000000e+03 8.320340000000000505e-04
7.145000000000000000e+03 8.164879999999999794e-04
7.146000000000000000e+03 8.009469999999999871e-04
7.147000000000000000e+03 7.854099999999999493e-04
7.148000000000000000e+03 7.698779999999999903e-04
7.149000000000000000e+03 7.543499999999999858e-04
7.150000000000000000e+03 7.388240000000000128e-04
7.151000000000000000e+03 7.232700000000000327e-04
7.152000000000000000e+03 7.077189999999999913e-04
7.153000000000000000e+03 6.921740000000000444e-04
7.154000000000000000e+03 6.766349999999999752e-04
7.155000000000000000e+03 6.611009999999999847e-04
7.156000000000000000e+03 6.455719999999999644e-04
7.157000000000000000e+03 6.300509999999999618e-04
7.158000000000000000e+03 6.145319999999999906e-04
7.159000000000000000e+03 5.990190000000000055e-04
7.160000000000000000e+03 5.835130000000000221e-04
7.161000000000000000e+03 5.680950000000000149e-04
7.162000000000000000e+03 5.526780000000000234e-04
7.163000000000000000e+03 5.372620000000000477e-04
7.164000000000000000e+03 5.218469999999999793e-04
7.165000000000000000e+03 5.064330000000000350e-04
7.166000000000000000e+03 4.910210000000000139e-04
7.167000000000000000e+03 4.756079999999999770e-04
7.168000000000000000e+03 4.601960000000000100e-04
7.169000000000000000e+03 4.447860000000000203e-04
7.170000000000000000e+03 4.293759999999999764e-04
7.171000000000000000e+03 4.139360000000000023e-04
7.172000000000000000e+03 3.984959999999999739e-04
7.173000000000000000e+03 3.830619999999999858e-04
7.174000000000000000e+03 3.676309999999999908e-04
7.175000000000000000e+03 3.522029999999999887e-04
7.176000000000000000e+03 3.367779999999999797e-04
7.177000000000000000e+03 3.213579999999999952e-04
7.178000000000000000e+03 3.059399999999999880e-04
7.179000000000000000e+03 2.905259999999999895e-04
7.180000000000000000e+03 2.751149999999999841e-04
7.181000000000000000e+03 2.704240000000000116e-04
7.182000000000000000e+03 2.657340000000000006e-04
7.183000000000000000e+03 2.610450000000000053e-04
7.184000000000000000e+03 2.563570000000000258e-04
7.185000000000000000e+03 2.516700000000000078e-04
7.186000000000000000e+03 2.469840000000000056e-04
7.187000000000000000e+03 2.422980000000000034e-04
7.188000000000000000e+03 2.376140000000000055e-04
7.189000000000000000e+03 2.329300000000000077e-04
7.190000000000000000e+03 2.282479999999999871e-04
7.191000000000000000e+03 2.235609999999999963e-04
7.192000000000000000e+03 2.188760000000000098e-04
7.193000000000000000e+03 2.141909999999999962e-04
7.194000000000000000e+03 2.095090000000000027e-04
7.195000000000000000e+03 2.048259999999999935e-04
7.196000000000000000e+03 2.001460000000000045e-04
7.197000000000000000e+03 1.954659999999999883e-04
7.198000000000000000e+03 1.907869999999999878e-04
7.199000000000000000e+03 1.861099999999999918e-04
7.200000000000000000e+03 1.814329999999999958e-04
7.201000000000000000e+03 1.767539999999999953e-04
7.202000000000000000e+03 1.720760000000000106e-04
7.203000000000000000e+03 1.673989999999999875e-04
7.204000000000000000e+03 1.627230000000000072e-04
7.205000000000000000e+03 1.580490000000000042e-04
7.206000000000000000e+03 1.533759999999999898e-04
7.207000000000000000e+03 1.487039999999999911e-04
7.208000000000000000e+03 1.440339999999999969e-04
7.209000000000000000e+03 1.393649999999999913e-04
7.210000000000000000e+03 1.346970000000000014e-04
7.211000000000000000e+03 1.300220000000000097e-04
7.212000000000000000e+03 1.253489999999999954e-04
7.213000000000000000e+03 1.206779999999999989e-04
7.214000000000000000e+03 1.160089999999999933e-04
7.215000000000000000e+03 1.113420000000000056e-04
7.216000000000000000e+03 1.066769999999999952e-04
7.217000000000000000e+03 1.020130000000000006e-04
7.218000000000000000e+03 9.735210000000000597e-05
7.219000000000000000e+03 9.269300000000000174e-05
