# F658N
6.436000000000000000e+03 9.130460000000000670e-05
6.437000000000000000e+03 9.375330000000000241e-05
6.438000000000000000e+03 9.620190000000000468e-05
6.439000000000000000e+03 9.865100000000000128e-05
6.440000000000000000e+03 1.011000000000000044e-04
6.441000000000000000e+03 1.035509999999999984e-04
6.442000000000000000e+03 1.060020000000000059e-04
6.443000000000000000e+03 1.084540000000000021e-04
6.444000000000000000e+03 1.109059999999999983e-04
6.445000000000000000e+03 1.133579999999999945e-04
6.446000000000000000e+03 1.158110000000000064e-04
6.447000000000000000e+03 1.182640000000000048e-04
6.448000000000000000e+03 1.207160000000000009e-04
6.449000000000000000e+03 1.231700000000000015e-04
6.450000000000000000e+03 1.256239999999999885e-04
6.451000000000000000e+03 1.528350000000000097e-04
6.452000000000000000e+03 1.800510000000000012e-04
6.453000000000000000e+03 2.072719999999999901e-04
6.454000000000000000e+03 2.344959999999999991e-04
6.455000000000000000e+03 2.617259999999999942e-04
6.456000000000000000e+03 2.889589999999999824e-04
6.457000000000000000e+03 3.161980000000000107e-04
6.458000000000000000e+03 3.434409999999999937e-04
6.459000000000000000e+03 3.706890000000000011e-04
6.460000000000000000e+03 3.979400000000000016e-04
6.461000000000000000e+03 4.251430000000000053e-04
6.462000000000000000e+03 4.523439999999999774e-04
6.463000000000000000e+03 4.795420000000000108e-04
6.464000000000000000e+03 5.067379999999999584e-04
6.465000000000000000e+03 5.339309999999999673e-04
6.466000000000000000e+03 5.611220000000000530e-04
6.467000000000000000e+03 5.883109999999999989e-04
6.468000000000000000e+03 6.154970000000000059e-04
6.469000000000000000e+03 6.426809999999999815e-04
6.470000000000000000e+03 6.698630000000000339e-04
6.471000000000000000e+03 6.971390000000000486e-04
6.472000000000000000e+03 7.244229999999999723e-04
6.473000000000000000e+03 7.517080000000000203e-04
6.474000000000000000e+03 7.789999999999999616e-04
6.475000000000000000e+03 8.062979999999999974e-04
6.476000000000000000e+03 8.336010000000000034e-04
6.477000000000000000e+03 8.609079999999999641e-04
6.478000000000000000e+03 8.882210000000000192e-04
6.479000000000000000e+03 9.155390000000000446e-04
6.480000000000000000e+03 9.428629999999999477e-04
6.481000000000000000e+03 9.700820000000000406e-04
6.482000000000000000e+03 9.973020000000000409e-04
6.483000000000000000e+03 1.024519999999999901e-03
6.484000000000000000e+03 1.051730000000000069e-03
6.485000000000000000e+03 1.078949999999999961e-03
6.486000000000000000e+03 1.106170000000000070e-03
6.487000000000000000e+03 1.133380000000000021e-03
6.488000000000000000e+03 1.160589999999999972e-03
6.489000000000000000e+03 1.187810000000000081e-03
6.490000000000000000e+03 1.215020000000000032e-03
6.491000000000000000e+03 1.350480000000000040e-03
6.492000000000000000e+03 1.485959999999999928e-03
6.493000000000000000e+03 1.621440000000000034e-03
6.494000000000000000e+03 1.756940000000000021e-03
6.495000000000000000e+03 1.892449999999999948e-03
6.496000000000000000e+03 2.027979999999999974e-03
6.497000000000000000e+03 2.163509999999999999e-03
6.498000000000000000e+03 2.299049999999999965e-03
6.499000000000000000e+03 2.434609999999999812e-03
6.500000000000000000e+03 2.570180000000000034e-03
6.501000000000000000e+03 2.705910000000000173e-03
6.502000000000000000e+03 2.841649999999999818e-03
6.503000000000000000e+03 2.977420000000000153e-03
6.504000000000000000e+03 3.113219999999999876e-03
6.505000000000000000e+03 3.249039999999999914e-03
6.506000000000000000e+03 3.384890000000000208e-03
6.507000000000000000e+03 3.520769999999999889e-03
6.508000000000000000e+03 3.847080000000000118e-03
6.509000000000000000e+03 4.173450000000000423e-03
6.510000000000000000e+03 4.499890000000000313e-03
6.511000000000000000e+03 4.826050000000000131e-03
6.512000000000000000e+03 5.152229999999999831e-03
6.513000000000000000e+03 5.697080000000000199e-03
6.514000000000000000e+03 6.241939999999999641e-03
6.515000000000000000e+03 6.786849999999999654e-03
6.516000000000000000e+03 7.331759999999999666e-03
6.517000000000000000e+03 7.876730000000000190e-03
6.518000000000000000e+03 8.832430000000000489e-03
6.519000000000000000e+03 9.788200000000000373e-03
6.520000000000000000e+03 1.074400000000000008e-02
6.521000000000000000e+03 1.169910000000000047e-02
6.522000000000000000e+03 1.265409999999999972e-02
6.523000000000000000e+03 1.415180000000000084e-02
6.524000000000000000e+03 1.564940000000000081e-02
6.525000000000000000e+03 1.714699999999999905e-02
6.526000000000000000e+03 1.864429999999999907e-02
6.527000000000000000e+03 2.014159999999999909e-02
6.528000000000000000e+03 2.305400000000000157e-02
6.529000000000000000e+03 2.596619999999999831e-02
6.530000000000000000e+03 2.887810000000000030e-02
6.531000000000000000e+03 3.179139999999999744e-02
6.532000000000000000e+03 3.470480000000000093e-02
6.533000000000000000e+03 4.022619999999999668e-02
6.534000000000000000e+03 4.574770000000000225e-02
6.535000000000000000e+03 5.126929999999999682e-02
6.536000000000000000e+03 5.679100000000000120e-02
6.537000000000000000e+03 6.231300000000000033e-02
6.538000000000000000e+03 7.300940000000000207e-02
6.539000000000000000e+03 8.370600000000000263e-02
6.540000000000000000e+03 9.440270000000000605e-02
6.541000000000000000e+03 1.051180000000000031e-01
6.542000000000000000e+03 1.158359999999999945e-01
6.543000000000000000e+03 1.329029999999999934e-01
6.544000000000000000e+03 1.499759999999999982e-01
6.545000000000000000e+03 1.670550000000000090e-01
6.546000000000000000e+03 1.841399999999999981e-01
6.547000000000000000e+03 2.012319999999999942e-01
6.548000000000000000e+03 2.233819999999999972e-01
6.549000000000000000e+03 2.455400000000000083e-01
6.550000000000000000e+03 2.677050000000000263e-01
6.551000000000000000e+03 2.898220000000000240e-01
6.552000000000000000e+03 3.119359999999999911e-01
6.553000000000000000e+03 3.298449999999999993e-01
6.554000000000000000e+03 3.477540000000000076e-01
6.555000000000000000e+03 3.656610000000000138e-01
6.556000000000000000e+03 3.835669999999999913e-01
6.557000000000000000e+03 4.014739999999999975e-01
6.558000000000000000e+03 4.075239999999999974e-01
6.559000000000000000e+03 4.135750000000000259e-01
6.560000000000000000e+03 4.196239999999999970e-01
6.561000000000000000e+03 4.257270000000000221e-01
6.562000000000000000e+03 4.318290000000000184e-01
6.563000000000000000e+03 4.339270000000000072e-01
6.564000000000000000e+03 4.360240000000000227e-01
6.565000000000000000e+03 4.381220000000000114e-01
6.566000000000000000e+03 4.402209999999999734e-01
6.567000000000000000e+03 4.423190000000000177e-01
6.568000000000000000e+03 4.409640000000000226e-01
6.569000000000000000e+03 4.396090000000000275e-01
6.570000000000000000e+03 4.382550000000000057e-01
6.571000000000000000e+03 4.368480000000000141e-01
6.572000000000000000e+03 4.354390000000000205e-01
6.573000000000000000e+03 4.351679999999999993e-01
6.574000000000000000e+03 4.348940000000000028e-01
6.575000000000000000e+03 4.346220000000000083e-01
6.576000000000000000e+03 4.343489999999999851e-01
6.577000000000000000e+03 4.340760000000000174e-01
6.578000000000000000e+03 4.344100000000000183e-01
6.579000000000000000e+03 4.347440000000000193e-01
6.580000000000000000e+03 4.350780000000000203e-01
6.581000000000000000e+03 4.354419999999999957e-01
6.582000000000000000e+03 4.358029999999999959e-01
6.583000000000000000e+03 4.369270000000000098e-01
6.584000000000000000e+03 4.380510000000000237e-01
6.585000000000000000e+03 4.391740000000000088e-01
6.586000000000000000e+03 4.402969999999999939e-01
6.587000000000000000e+03 4.414210000000000078e-01
6.588000000000000000e+03 4.418830000000000258e-01
6.589000000000000000e+03 4.423449999999999882e-01
6.590000000000000000e+03 4.428079999999999794e-01
6.591000000000000000e+03 4.432610000000000161e-01
6.592000000000000000e+03 4.437130000000000241e-01
6.593000000000000000e+03 4.428590000000000027e-01
6.594000000000000000e+03 4.420040000000000080e-01
6.595000000000000000e+03 4.411499999999999866e-01
6.596000000000000000e+03 4.402960000000000207e-01
6.597000000000000000e+03 4.394399999999999973e-01
6.598000000000000000e+03 4.389319999999999888e-01
6.599000000000000000e+03 4.384230000000000071e-01
6.600000000000000000e+03 4.379140000000000255e-01
6.601000000000000000e+03 4.374270000000000103e-01
6.602000000000000000e+03 4.369399999999999951e-01
6.603000000000000000e+03 4.341499999999999804e-01
6.604000000000000000e+03 4.313589999999999924e-01
6.605000000000000000e+03 4.285680000000000045e-01
6.606000000000000000e+03 4.257770000000000166e-01
6.607000000000000000e+03 4.229859999999999731e-01
6.608000000000000000e+03 4.121130000000000071e-01
6.609000000000000000e+03 4.012390000000000123e-01
6.610000000000000000e+03 3.903630000000000155e-01
6.611000000000000000e+03 3.794540000000000135e-01
6.612000000000000000e+03 3.685459999999999847e-01
6.613000000000000000e+03 3.508020000000000027e-01
6.614000000000000000e+03 3.330580000000000207e-01
6.615000000000000000e+03 3.153150000000000119e-01
6.616000000000000000e+03 2.975729999999999764e-01
6.617000000000000000e+03 2.798300000000000232e-01
6.618000000000000000e+03 2.604589999999999961e-01
6.619000000000000000e+03 2.410889999999999977e-01
6.620000000000000000e+03 2.217179999999999984e-01
6.621000000000000000e+03 2.023520000000000041e-01
6.622000000000000000e+03 1.829850000000000088e-01
6.623000000000000000e+03 1.678540000000000032e-01
6.624000000000000000e+03 1.527219999999999966e-01
6.625000000000000000e+03 1.375899999999999901e-01
6.626000000000000000e+03 1.224569999999999964e-01
6.627000000000000000e+03 1.073240000000000027e-01
6.628000000000000000e+03 9.821749999999999925e-02
6.629000000000000000e+03 8.911049999999999527e-02
6.630000000000000000e+03 8.000319999999999654e-02
6.631000000000000000e+03 7.089750000000000218e-02
6.632000000000000000e+03 6.179099999999999870e-02
6.633000000000000000e+03 5.640900000000000081e-02
6.634000000000000000e+03 5.102679999999999716e-02
6.635000000000000000e+03 4.564409999999999995e-02
6.636000000000000000e+03 4.026099999999999818e-02
6.637000000000000000e+03 3.487749999999999878e-02
6.638000000000000000e+03 3.194990000000000330e-02
6.639000000000000000e+03 2.902209999999999859e-02
6.640000000000000000e+03 2.609409999999999855e-02
6.641000000000000000e+03 2.316549999999999859e-02
6.642000000000000000e+03 2.023669999999999983e-02
6.643000000000000000e+03 1.876490000000000102e-02
6.644000000000000000e+03 1.729299999999999934e-02
6.645000000000000000e+03 1.582100000000000173e-02
6.646000000000000000e+03 1.434900000000000064e-02
6.647000000000000000e+03 1.287680000000000075e-02
6.648000000000000000e+03 1.193750000000000019e-02
6.649000000000000000e+03 1.099810000000000024e-02
6.650000000000000000e+03 1.005870000000000028e-02
6.651000000000000000e+03 9.118750000000000119e-03
6.652000000000000000e+03 8.178849999999999662e-03
6.653000000000000000e+03 7.588509999999999700e-03
6.654000000000000000e+03 6.998200000000000427e-03
6.655000000000000000e+03 6.407920000000000109e-03
6.656000000000000000e+03 5.817669999999999612e-03
6.657000000000000000e+03 5.227439999999999864e-03
6.658000000000000000e+03 4.884549999999999656e-03
6.659000000000000000e+03 4.541660000000000315e-03
6.660000000000000000e+03 4.198799999999999928e-03
6.661000000000000000e+03 3.856459999999999923e-03
6.662000000000000000e+03 3.514059999999999840e-03
6.663000000000000000e+03 3.273289999999999880e-03
6.664000000000000000e+03 3.032469999999999784e-03
6.665000000000000000e+03 2.791599999999999984e-03
6.666000000000000000e+03 2.550680000000000048e-03
6.667000000000000000e+03 2.309709999999999975e-03
6.668000000000000000e+03 2.068679999999999825e-03
6.669000000000000000e+03 1.827609999999999912e-03
6.670000000000000000e+03 1.586479999999999922e-03
6.671000000000000000e+03 1.551000000000000078e-03
6.672000000000000000e+03 1.515520000000000018e-03
6.673000000000000000e+03 1.480039999999999958e-03
6.674000000000000000e+03 1.444570000000000055e-03
6.675000000000000000e+03 1.409099999999999936e-03
6.676000000000000000e+03 1.373630000000000033e-03
6.677000000000000000e+03 1.338170000000000071e-03
6.678000000000000000e+03 1.302709999999999892e-03
6.679000000000000000e+03 1.267260000000000088e-03
6.680000000000000000e+03 1.231810000000000066e-03
6.681000000000000000e+03 1.196540000000000060e-03
6.682000000000000000e+03 1.161259999999999896e-03
6.683000000000000000e+03 1.125979999999999950e-03
6.684000000000000000e+03 1.090690000000000062e-03
6.685000000000000000e+03 1.055399999999999958e-03
6.686000000000000000e+03 1.020099999999999913e-03
6.687000000000000000e+03 9.847910000000000517e-04
6.688000000000000000e+03 9.494759999999999875e-04
6.689000000000000000e+03 9.141559999999999530e-04
6.690000000000000000e+03 8.788300000000000408e-04
6.691000000000000000e+03 8.434420000000000198e-04
6.692000000000000000e+03 8.080519999999999673e-04
6.693000000000000000e+03 7.726599999999999918e-04
6.694000000000000000e+03 7.372670000000000005e-04
6.695000000000000000e+03 7.018719999999999777e-04
6.696000000000000000e+03 6.664760000000000476e-04
6.697000000000000000e+03 6.310779999999999775e-04
6.698000000000000000e+03 5.956790000000000002e-04
6.699000000000000000e+03 5.602750000000000525e-04
6.700000000000000000e+03 5.248720000000000122e-04
6.701000000000000000e+03 4.894380000000000258e-04
6.702000000000000000e+03 4.540050000000000010e-04
6.703000000000000000e+03 4.185759999999999850e-04
6.704000000000000000e+03 3.831479999999999847e-04
6.705000000000000000e+03 3.477239999999999932e-04
6.706000000000000000e+03 3.123019999999999789e-04
6.707000000000000000e+03 2.768819999999999962e-04
6.708000000000000000e+03 2.414650000000000065e-04
6.709000000000000000e+03 2.060490000000000054e-04
6.710000000000000000e+03 1.706370000000000131e-04
6.711000000000000000e+03 1.673690000000000030e-04
6.712000000000000000e+03 1.641000000000000043e-04
6.713000000000000000e+03 1.608310000000000056e-04
6.714000000000000000e+03 1.575609999999999912e-04
6.715000000000000000e+03 1.542899999999999881e-04
6.716000000000000000e+03 1.510179999999999964e-04
6.717000000000000000e+03 1.477460000000000047e-04
6.718000000000000000e+03 1.444729999999999973e-04
6.719000000000000000e+03 1.411990000000000012e-04
6.720000000000000000e+03 1.379239999999999893e-04
6.721000000000000000e+03 1.346370000000000054e-04
6.722000000000000000e+03 1.313490000000000057e-04
6.723000000000000000e+03 1.280619999999999946e-04
6.724000000000000000e+03 1.247739999999999949e-04
6.725000000000000000e+03 1.214859999999999953e-04
6.726000000000000000e+03 1.181979999999999956e-04
6.727000000000000000e+03 1.149089999999999937e-04
6.728000000000000000e+03 1.116200000000000053e-04
6.729000000000000000e+03 1.083320000000000057e-04
6.730000000000000000e+03 1.050430000000000038e-04
6.731000000000000000e+03 1.017449999999999957e-04
6.732000000000000000e+03 9.844849999999999771e-05
6.733000000000000000e+03 9.515190000000000627e-05
6.734000000000000000e+03 9.185559999999999515e-05
