# F770W
6.214000000000000000e+04 1.000000000000000048e-04
6.220000000000000000e+04 1.000000000000000048e-04
6.226000000000000000e+04 1.000000000000000048e-04
6.232000000000000000e+04 2.000000000000000096e-04
6.237000000000000000e+04 2.000000000000000096e-04
6.243000000000000000e+04 2.999999999999999737e-04
6.249000000000000000e+04 5.000000000000000104e-04
6.255000000000000000e+04 6.999999999999999929e-04
6.261000000000000000e+04 8.999999999999999754e-04
6.266000000000000000e+04 8.000000000000000383e-04
6.272000000000000000e+04 6.999999999999999929e-04
6.278000000000000000e+04 6.999999999999999929e-04
6.284000000000000000e+04 5.999999999999999474e-04
6.290000000000000000e+04 5.000000000000000104e-04
6.295000000000000000e+04 4.000000000000000192e-04
6.301000000000000000e+04 2.999999999999999737e-04
6.307000000000000000e+04 2.000000000000000096e-04
6.313000000000000000e+04 2.000000000000000096e-04
6.319000000000000000e+04 1.000000000000000048e-04
6.324000000000000000e+04 1.000000000000000048e-04
6.330000000000000000e+04 1.000000000000000048e-04
6.336000000000000000e+04 1.000000000000000048e-04
6.342000000000000000e+04 1.000000000000000048e-04
6.348000000000000000e+04 1.000000000000000048e-04
6.353000000000000000e+04 1.000000000000000048e-04
6.359000000000000000e+04 2.000000000000000096e-04
6.365000000000000000e+04 2.000000000000000096e-04
6.371000000000000000e+04 2.000000000000000096e-04
6.377000000000000000e+04 2.000000000000000096e-04
6.382000000000000000e+04 2.000000000000000096e-04
6.388000000000000000e+04 2.000000000000000096e-04
6.394000000000000000e+04 2.999999999999999737e-04
6.400000000000000000e+04 2.999999999999999737e-04
6.406000000000000000e+04 4.000000000000000192e-04
6.411000000000000000e+04 4.000000000000000192e-04
6.417000000000000000e+04 5.000000000000000104e-04
6.423000000000000000e+04 5.000000000000000104e-04
6.429000000000000000e+04 6.999999999999999929e-04
6.435000000000000000e+04 8.000000000000000383e-04
6.440000000000000000e+04 1.000000000000000021e-03
6.446000000000000000e+04 1.299999999999999940e-03
6.452000000000000000e+04 1.500000000000000031e-03
6.458000000000000000e+04 1.799999999999999951e-03
6.464000000000000000e+04 2.500000000000000052e-03
6.469000000000000000e+04 3.299999999999999982e-03
6.475000000000000000e+04 4.100000000000000346e-03
6.481000000000000000e+04 5.199999999999999761e-03
6.487000000000000000e+04 7.900000000000000772e-03
6.493000000000000000e+04 1.050000000000000065e-02
6.498000000000000000e+04 1.310000000000000053e-02
6.504000000000000000e+04 1.940000000000000058e-02
6.510000000000000000e+04 2.719999999999999848e-02
6.516000000000000000e+04 3.490000000000000047e-02
6.522000000000000000e+04 4.549999999999999878e-02
6.527000000000000000e+04 6.370000000000000662e-02
6.533000000000000000e+04 8.179999999999999771e-02
6.539000000000000000e+04 9.990000000000000269e-02
6.545000000000000000e+04 1.192000000000000004e-01
6.551000000000000000e+04 1.388000000000000067e-01
6.556000000000000000e+04 1.584000000000000130e-01
6.562000000000000000e+04 1.733999999999999986e-01
6.568000000000000000e+04 1.812000000000000000e-01
6.574000000000000000e+04 1.889000000000000123e-01
6.580000000000000000e+04 1.965999999999999970e-01
6.585000000000000000e+04 2.023999999999999966e-01
6.591000000000000000e+04 2.081000000000000072e-01
6.597000000000000000e+04 2.137000000000000011e-01
6.603000000000000000e+04 2.222000000000000086e-01
6.609000000000000000e+04 2.336999999999999911e-01
6.614000000000000000e+04 2.452000000000000013e-01
6.620000000000000000e+04 2.567999999999999727e-01
6.626000000000000000e+04 2.706999999999999962e-01
6.632000000000000000e+04 2.847000000000000086e-01
6.638000000000000000e+04 2.985999999999999766e-01
6.643000000000000000e+04 3.053000000000000158e-01
6.649000000000000000e+04 3.069000000000000061e-01
6.655000000000000000e+04 3.084999999999999964e-01
6.661000000000000000e+04 3.094999999999999973e-01
6.667000000000000000e+04 3.073000000000000176e-01
6.672000000000000000e+04 3.049999999999999933e-01
6.678000000000000000e+04 3.027000000000000246e-01
6.684000000000000000e+04 2.983000000000000096e-01
6.690000000000000000e+04 2.929999999999999827e-01
6.696000000000000000e+04 2.876000000000000223e-01
6.701000000000000000e+04 2.832000000000000073e-01
6.707000000000000000e+04 2.817000000000000060e-01
6.713000000000000000e+04 2.802000000000000046e-01
6.719000000000000000e+04 2.787000000000000033e-01
6.725000000000000000e+04 2.792000000000000037e-01
6.730000000000000000e+04 2.802000000000000046e-01
6.736000000000000000e+04 2.812999999999999945e-01
6.742000000000000000e+04 2.839999999999999747e-01
6.748000000000000000e+04 2.898999999999999910e-01
6.754000000000000000e+04 2.958000000000000074e-01
6.759000000000000000e+04 3.017000000000000237e-01
6.765000000000000000e+04 3.101999999999999758e-01
6.771000000000000000e+04 3.190000000000000058e-01
6.777000000000000000e+04 3.276999999999999913e-01
6.783000000000000000e+04 3.348999999999999755e-01
6.788000000000000000e+04 3.402999999999999914e-01
6.794000000000000000e+04 3.457000000000000073e-01
6.800000000000000000e+04 3.509999999999999787e-01
6.806000000000000000e+04 3.536000000000000254e-01
6.812000000000000000e+04 3.562000000000000166e-01
6.817000000000000000e+04 3.588000000000000078e-01
6.823000000000000000e+04 3.593999999999999972e-01
6.829000000000000000e+04 3.583999999999999964e-01
6.835000000000000000e+04 3.573999999999999955e-01
6.841000000000000000e+04 3.564999999999999836e-01
6.846000000000000000e+04 3.568999999999999950e-01
6.852000000000000000e+04 3.573000000000000065e-01
6.858000000000000000e+04 3.575999999999999734e-01
6.864000000000000000e+04 3.543000000000000038e-01
6.870000000000000000e+04 3.491000000000000214e-01
6.875000000000000000e+04 3.438999999999999835e-01
6.881000000000000000e+04 3.393999999999999795e-01
6.887000000000000000e+04 3.377000000000000002e-01
6.893000000000000000e+04 3.358999999999999764e-01
6.899000000000000000e+04 3.341999999999999971e-01
6.904000000000000000e+04 3.331000000000000072e-01
6.910000000000000000e+04 3.321999999999999953e-01
6.916000000000000000e+04 3.313999999999999724e-01
6.922000000000000000e+04 3.309000000000000274e-01
6.928000000000000000e+04 3.313999999999999724e-01
6.933000000000000000e+04 3.318999999999999728e-01
6.939000000000000000e+04 3.323999999999999733e-01
6.945000000000000000e+04 3.345000000000000195e-01
6.951000000000000000e+04 3.367999999999999883e-01
6.957000000000000000e+04 3.391000000000000125e-01
6.962000000000000000e+04 3.406000000000000139e-01
6.968000000000000000e+04 3.406000000000000139e-01
6.974000000000000000e+04 3.407000000000000028e-01
6.980000000000000000e+04 3.407999999999999918e-01
6.986000000000000000e+04 3.418999999999999817e-01
6.991000000000000000e+04 3.430000000000000271e-01
6.997000000000000000e+04 3.441000000000000170e-01
7.003000000000000000e+04 3.454999999999999738e-01
7.009000000000000000e+04 3.472999999999999976e-01
7.015000000000000000e+04 3.491000000000000214e-01
7.020000000000000000e+04 3.508999999999999897e-01
7.026000000000000000e+04 3.538000000000000034e-01
7.032000000000000000e+04 3.565999999999999726e-01
7.038000000000000000e+04 3.593999999999999972e-01
7.044000000000000000e+04 3.612000000000000210e-01
7.049000000000000000e+04 3.623000000000000109e-01
7.055000000000000000e+04 3.634999999999999898e-01
7.061000000000000000e+04 3.644999999999999907e-01
7.067000000000000000e+04 3.654000000000000026e-01
7.073000000000000000e+04 3.663000000000000145e-01
7.078000000000000000e+04 3.670999999999999819e-01
7.084000000000000000e+04 3.680999999999999828e-01
7.090000000000000000e+04 3.690999999999999837e-01
7.096000000000000000e+04 3.699999999999999956e-01
7.102000000000000000e+04 3.709000000000000075e-01
7.107000000000000000e+04 3.713000000000000189e-01
7.113000000000000000e+04 3.718000000000000194e-01
7.119000000000000000e+04 3.723000000000000198e-01
7.125000000000000000e+04 3.719999999999999973e-01
7.131000000000000000e+04 3.715999999999999859e-01
7.136000000000000000e+04 3.711999999999999744e-01
7.142000000000000000e+04 3.708000000000000185e-01
7.148000000000000000e+04 3.704000000000000070e-01
7.154000000000000000e+04 3.699999999999999956e-01
7.160000000000000000e+04 3.695999999999999841e-01
7.165000000000000000e+04 3.683000000000000163e-01
7.171000000000000000e+04 3.669999999999999929e-01
7.177000000000000000e+04 3.655999999999999805e-01
7.183000000000000000e+04 3.649000000000000021e-01
7.189000000000000000e+04 3.649999999999999911e-01
7.194000000000000000e+04 3.650999999999999801e-01
7.200000000000000000e+04 3.652000000000000246e-01
7.206000000000000000e+04 3.658000000000000140e-01
7.212000000000000000e+04 3.664000000000000035e-01
7.218000000000000000e+04 3.670999999999999819e-01
7.223000000000000000e+04 3.679999999999999938e-01
7.229000000000000000e+04 3.690999999999999837e-01
7.235000000000000000e+04 3.701999999999999735e-01
7.241000000000000000e+04 3.713000000000000189e-01
7.247000000000000000e+04 3.729999999999999982e-01
7.252000000000000000e+04 3.746999999999999775e-01
7.258000000000000000e+04 3.764000000000000123e-01
7.264000000000000000e+04 3.775999999999999912e-01
7.270000000000000000e+04 3.786999999999999811e-01
7.276000000000000000e+04 3.798000000000000265e-01
7.281000000000000000e+04 3.804000000000000159e-01
7.287000000000000000e+04 3.795999999999999930e-01
7.293000000000000000e+04 3.786999999999999811e-01
7.299000000000000000e+04 3.779000000000000137e-01
7.305000000000000000e+04 3.768000000000000238e-01
7.310000000000000000e+04 3.755999999999999894e-01
7.316000000000000000e+04 3.744000000000000106e-01
7.322000000000000000e+04 3.733000000000000207e-01
7.328000000000000000e+04 3.724000000000000088e-01
7.334000000000000000e+04 3.714000000000000079e-01
7.339000000000000000e+04 3.704999999999999960e-01
7.345000000000000000e+04 3.685999999999999832e-01
7.351000000000000000e+04 3.664999999999999925e-01
7.357000000000000000e+04 3.644999999999999907e-01
7.363000000000000000e+04 3.632000000000000228e-01
7.368000000000000000e+04 3.627000000000000224e-01
7.374000000000000000e+04 3.622000000000000219e-01
7.380000000000000000e+04 3.617000000000000215e-01
7.386000000000000000e+04 3.623000000000000109e-01
7.392000000000000000e+04 3.629000000000000004e-01
7.397000000000000000e+04 3.634999999999999898e-01
7.403000000000000000e+04 3.647000000000000242e-01
7.409000000000000000e+04 3.662000000000000255e-01
7.415000000000000000e+04 3.678000000000000158e-01
7.421000000000000000e+04 3.694999999999999951e-01
7.426000000000000000e+04 3.715999999999999859e-01
7.432000000000000000e+04 3.738000000000000211e-01
7.438000000000000000e+04 3.759000000000000119e-01
7.444000000000000000e+04 3.783000000000000251e-01
7.450000000000000000e+04 3.809000000000000163e-01
7.455000000000000000e+04 3.834000000000000186e-01
7.461000000000000000e+04 3.855000000000000093e-01
7.467000000000000000e+04 3.861999999999999877e-01
7.473000000000000000e+04 3.869000000000000217e-01
7.479000000000000000e+04 3.876000000000000001e-01
7.484000000000000000e+04 3.871999999999999886e-01
7.490000000000000000e+04 3.864000000000000212e-01
7.496000000000000000e+04 3.856999999999999873e-01
7.502000000000000000e+04 3.846999999999999864e-01
7.508000000000000000e+04 3.832999999999999741e-01
7.513000000000000000e+04 3.819000000000000172e-01
7.519000000000000000e+04 3.805000000000000049e-01
7.525000000000000000e+04 3.785999999999999921e-01
7.531000000000000000e+04 3.765999999999999903e-01
7.537000000000000000e+04 3.745999999999999885e-01
7.542000000000000000e+04 3.726999999999999758e-01
7.548000000000000000e+04 3.709999999999999964e-01
7.554000000000000000e+04 3.693000000000000171e-01
7.560000000000000000e+04 3.675999999999999823e-01
7.566000000000000000e+04 3.665999999999999814e-01
7.571000000000000000e+04 3.655999999999999805e-01
7.577000000000000000e+04 3.645999999999999797e-01
7.583000000000000000e+04 3.639999999999999902e-01
7.589000000000000000e+04 3.637000000000000233e-01
7.595000000000000000e+04 3.634000000000000008e-01
7.600000000000000000e+04 3.632000000000000228e-01
7.606000000000000000e+04 3.639999999999999902e-01
7.612000000000000000e+04 3.647000000000000242e-01
7.618000000000000000e+04 3.654000000000000026e-01
7.624000000000000000e+04 3.664999999999999925e-01
7.629000000000000000e+04 3.679000000000000048e-01
7.635000000000000000e+04 3.691999999999999726e-01
7.641000000000000000e+04 3.705999999999999850e-01
7.647000000000000000e+04 3.723000000000000198e-01
7.653000000000000000e+04 3.739000000000000101e-01
7.658000000000000000e+04 3.755999999999999894e-01
7.664000000000000000e+04 3.771999999999999797e-01
7.670000000000000000e+04 3.786999999999999811e-01
7.676000000000000000e+04 3.801999999999999824e-01
7.682000000000000000e+04 3.815999999999999948e-01
7.687000000000000000e+04 3.826999999999999846e-01
7.693000000000000000e+04 3.839000000000000190e-01
7.699000000000000000e+04 3.850000000000000089e-01
7.705000000000000000e+04 3.855999999999999983e-01
7.711000000000000000e+04 3.860999999999999988e-01
7.716000000000000000e+04 3.865000000000000102e-01
7.722000000000000000e+04 3.869000000000000217e-01
7.728000000000000000e+04 3.870000000000000107e-01
7.734000000000000000e+04 3.870999999999999996e-01
7.740000000000000000e+04 3.871999999999999886e-01
7.745000000000000000e+04 3.872999999999999776e-01
7.751000000000000000e+04 3.874000000000000221e-01
7.757000000000000000e+04 3.874000000000000221e-01
7.763000000000000000e+04 3.874000000000000221e-01
7.769000000000000000e+04 3.874000000000000221e-01
7.774000000000000000e+04 3.874000000000000221e-01
7.780000000000000000e+04 3.874000000000000221e-01
7.786000000000000000e+04 3.875000000000000111e-01
7.792000000000000000e+04 3.876000000000000001e-01
7.798000000000000000e+04 3.877999999999999781e-01
7.803000000000000000e+04 3.880000000000000115e-01
7.809000000000000000e+04 3.882999999999999785e-01
7.815000000000000000e+04 3.886999999999999900e-01
7.821000000000000000e+04 3.890000000000000124e-01
7.827000000000000000e+04 3.892999999999999794e-01
7.832000000000000000e+04 3.896000000000000019e-01
7.838000000000000000e+04 3.899000000000000243e-01
7.844000000000000000e+04 3.901000000000000023e-01
7.850000000000000000e+04 3.902999999999999803e-01
7.856000000000000000e+04 3.905000000000000138e-01
7.861000000000000000e+04 3.905000000000000138e-01
7.867000000000000000e+04 3.901999999999999913e-01
7.873000000000000000e+04 3.899000000000000243e-01
7.879000000000000000e+04 3.896999999999999909e-01
7.885000000000000000e+04 3.891000000000000014e-01
7.890000000000000000e+04 3.885000000000000120e-01
7.896000000000000000e+04 3.879000000000000226e-01
7.902000000000000000e+04 3.871999999999999886e-01
7.908000000000000000e+04 3.864000000000000212e-01
7.914000000000000000e+04 3.855999999999999983e-01
7.919000000000000000e+04 3.847999999999999754e-01
7.925000000000000000e+04 3.841999999999999860e-01
7.931000000000000000e+04 3.835999999999999965e-01
7.937000000000000000e+04 3.830000000000000071e-01
7.943000000000000000e+04 3.825999999999999956e-01
7.948000000000000000e+04 3.824000000000000177e-01
7.954000000000000000e+04 3.821999999999999842e-01
7.960000000000000000e+04 3.820000000000000062e-01
7.966000000000000000e+04 3.822999999999999732e-01
7.972000000000000000e+04 3.825999999999999956e-01
7.977000000000000000e+04 3.829000000000000181e-01
7.983000000000000000e+04 3.835999999999999965e-01
7.989000000000000000e+04 3.844000000000000195e-01
7.995000000000000000e+04 3.852999999999999758e-01
8.001000000000000000e+04 3.861999999999999877e-01
8.006000000000000000e+04 3.872999999999999776e-01
8.012000000000000000e+04 3.882999999999999785e-01
8.018000000000000000e+04 3.894000000000000239e-01
8.024000000000000000e+04 3.905000000000000138e-01
8.030000000000000000e+04 3.915000000000000147e-01
8.035000000000000000e+04 3.926000000000000045e-01
8.041000000000000000e+04 3.936000000000000054e-01
8.047000000000000000e+04 3.942999999999999838e-01
8.053000000000000000e+04 3.950000000000000178e-01
8.059000000000000000e+04 3.957999999999999852e-01
8.064000000000000000e+04 3.961999999999999966e-01
8.070000000000000000e+04 3.963999999999999746e-01
8.076000000000000000e+04 3.966999999999999971e-01
8.082000000000000000e+04 3.967999999999999861e-01
8.088000000000000000e+04 3.965000000000000191e-01
8.093000000000000000e+04 3.962999999999999856e-01
8.099000000000000000e+04 3.960000000000000187e-01
8.105000000000000000e+04 3.953999999999999737e-01
8.111000000000000000e+04 3.947999999999999843e-01
8.117000000000000000e+04 3.941000000000000059e-01
8.122000000000000000e+04 3.934000000000000274e-01
8.128000000000000000e+04 3.926999999999999935e-01
8.134000000000000000e+04 3.919000000000000261e-01
8.140000000000000000e+04 3.911999999999999922e-01
8.146000000000000000e+04 3.906000000000000028e-01
8.151000000000000000e+04 3.900000000000000133e-01
8.157000000000000000e+04 3.894000000000000239e-01
8.163000000000000000e+04 3.890000000000000124e-01
8.169000000000000000e+04 3.886999999999999900e-01
8.175000000000000000e+04 3.885000000000000120e-01
8.180000000000000000e+04 3.882999999999999785e-01
8.186000000000000000e+04 3.884000000000000230e-01
8.192000000000000000e+04 3.886000000000000010e-01
8.198000000000000000e+04 3.887999999999999790e-01
8.204000000000000000e+04 3.891000000000000014e-01
8.209000000000000000e+04 3.896000000000000019e-01
8.215000000000000000e+04 3.900000000000000133e-01
8.221000000000000000e+04 3.905000000000000138e-01
8.227000000000000000e+04 3.910000000000000142e-01
8.233000000000000000e+04 3.915000000000000147e-01
8.238000000000000000e+04 3.920000000000000151e-01
8.244000000000000000e+04 3.924000000000000266e-01
8.250000000000000000e+04 3.927999999999999825e-01
8.256000000000000000e+04 3.931000000000000050e-01
8.262000000000000000e+04 3.934000000000000274e-01
8.267000000000000000e+04 3.932999999999999829e-01
8.273000000000000000e+04 3.932999999999999829e-01
8.279000000000000000e+04 3.931999999999999940e-01
8.285000000000000000e+04 3.927999999999999825e-01
8.291000000000000000e+04 3.922999999999999821e-01
8.296000000000000000e+04 3.917999999999999816e-01
8.302000000000000000e+04 3.911000000000000032e-01
8.308000000000000000e+04 3.902999999999999803e-01
8.314000000000000000e+04 3.895000000000000129e-01
8.320000000000000000e+04 3.886000000000000010e-01
8.325000000000000000e+04 3.876000000000000001e-01
8.331000000000000000e+04 3.865999999999999992e-01
8.337000000000000000e+04 3.855000000000000093e-01
8.343000000000000000e+04 3.845000000000000084e-01
8.349000000000000000e+04 3.835999999999999965e-01
8.354000000000000000e+04 3.827999999999999736e-01
8.360000000000000000e+04 3.819000000000000172e-01
8.366000000000000000e+04 3.812999999999999723e-01
8.372000000000000000e+04 3.805999999999999939e-01
8.378000000000000000e+04 3.800000000000000044e-01
8.383000000000000000e+04 3.795999999999999930e-01
8.389000000000000000e+04 3.794000000000000150e-01
8.395000000000000000e+04 3.790999999999999925e-01
8.401000000000000000e+04 3.789000000000000146e-01
8.407000000000000000e+04 3.790999999999999925e-01
8.412000000000000000e+04 3.793000000000000260e-01
8.418000000000000000e+04 3.795000000000000040e-01
8.424000000000000000e+04 3.799000000000000155e-01
8.430000000000000000e+04 3.804000000000000159e-01
8.436000000000000000e+04 3.809000000000000163e-01
8.441000000000000000e+04 3.815000000000000058e-01
8.447000000000000000e+04 3.820000000000000062e-01
8.453000000000000000e+04 3.825999999999999956e-01
8.459000000000000000e+04 3.831999999999999851e-01
8.465000000000000000e+04 3.836999999999999855e-01
8.470000000000000000e+04 3.842999999999999750e-01
8.476000000000000000e+04 3.847999999999999754e-01
8.482000000000000000e+04 3.852999999999999758e-01
8.488000000000000000e+04 3.855999999999999983e-01
8.494000000000000000e+04 3.859000000000000208e-01
8.499000000000000000e+04 3.861999999999999877e-01
8.505000000000000000e+04 3.860999999999999988e-01
8.511000000000000000e+04 3.857999999999999763e-01
8.517000000000000000e+04 3.855999999999999983e-01
8.523000000000000000e+04 3.851999999999999869e-01
8.528000000000000000e+04 3.846999999999999864e-01
8.534000000000000000e+04 3.840999999999999970e-01
8.540000000000000000e+04 3.835999999999999965e-01
8.546000000000000000e+04 3.826999999999999846e-01
8.552000000000000000e+04 3.817999999999999727e-01
8.557000000000000000e+04 3.809000000000000163e-01
8.563000000000000000e+04 3.799000000000000155e-01
8.569000000000000000e+04 3.788000000000000256e-01
8.575000000000000000e+04 3.775999999999999912e-01
8.581000000000000000e+04 3.765000000000000013e-01
8.586000000000000000e+04 3.749000000000000110e-01
8.592000000000000000e+04 3.733000000000000207e-01
8.598000000000000000e+04 3.718000000000000194e-01
8.604000000000000000e+04 3.694000000000000061e-01
8.610000000000000000e+04 3.665999999999999814e-01
8.615000000000000000e+04 3.638000000000000123e-01
8.621000000000000000e+04 3.602000000000000202e-01
8.627000000000000000e+04 3.532000000000000139e-01
8.633000000000000000e+04 3.462000000000000077e-01
8.639000000000000000e+04 3.392000000000000015e-01
8.644000000000000000e+04 3.272999999999999798e-01
8.650000000000000000e+04 3.136999999999999789e-01
8.656000000000000000e+04 3.002000000000000224e-01
8.662000000000000000e+04 2.847000000000000086e-01
8.668000000000000000e+04 2.647999999999999798e-01
8.673000000000000000e+04 2.449000000000000066e-01
8.679000000000000000e+04 2.250000000000000056e-01
8.685000000000000000e+04 2.034999999999999865e-01
8.691000000000000000e+04 1.817999999999999894e-01
8.697000000000000000e+04 1.600999999999999923e-01
8.702000000000000000e+04 1.401999999999999913e-01
8.708000000000000000e+04 1.228000000000000064e-01
8.714000000000000000e+04 1.053999999999999937e-01
8.720000000000000000e+04 8.809999999999999776e-02
8.726000000000000000e+04 7.639999999999999569e-02
8.731000000000000000e+04 6.489999999999999936e-02
8.737000000000000000e+04 5.349999999999999895e-02
8.743000000000000000e+04 4.479999999999999954e-02
8.749000000000000000e+04 3.860000000000000236e-02
8.755000000000000000e+04 3.239999999999999825e-02
8.760000000000000000e+04 2.639999999999999986e-02
8.766000000000000000e+04 2.309999999999999901e-02
8.772000000000000000e+04 1.980000000000000163e-02
8.778000000000000000e+04 1.650000000000000078e-02
8.784000000000000000e+04 1.409999999999999969e-02
8.789000000000000000e+04 1.230000000000000017e-02
8.795000000000000000e+04 1.039999999999999952e-02
8.801000000000000000e+04 8.699999999999999400e-03
8.807000000000000000e+04 7.700000000000000247e-03
8.813000000000000000e+04 6.700000000000000226e-03
8.818000000000000000e+04 5.700000000000000205e-03
8.824000000000000000e+04 5.000000000000000104e-03
8.830000000000000000e+04 4.499999999999999660e-03
8.836000000000000000e+04 3.899999999999999821e-03
8.842000000000000000e+04 3.399999999999999811e-03
8.847000000000000000e+04 3.099999999999999891e-03
8.853000000000000000e+04 2.700000000000000143e-03
8.859000000000000000e+04 2.399999999999999790e-03
8.865000000000000000e+04 2.099999999999999870e-03
8.871000000000000000e+04 1.899999999999999996e-03
8.876000000000000000e+04 1.699999999999999905e-03
8.882000000000000000e+04 1.600000000000000077e-03
8.888000000000000000e+04 1.399999999999999986e-03
8.894000000000000000e+04 1.299999999999999940e-03
8.900000000000000000e+04 1.199999999999999895e-03
8.905000000000000000e+04 1.100000000000000066e-03
8.911000000000000000e+04 1.000000000000000021e-03
8.917000000000000000e+04 8.999999999999999754e-04
8.923000000000000000e+04 8.000000000000000383e-04
8.929000000000000000e+04 8.000000000000000383e-04
8.934000000000000000e+04 6.999999999999999929e-04
8.940000000000000000e+04 5.999999999999999474e-04
8.946000000000000000e+04 5.999999999999999474e-04
8.952000000000000000e+04 5.999999999999999474e-04
8.958000000000000000e+04 5.000000000000000104e-04
8.963000000000000000e+04 5.000000000000000104e-04
8.969000000000000000e+04 5.000000000000000104e-04
8.975000000000000000e+04 4.000000000000000192e-04
8.981000000000000000e+04 4.000000000000000192e-04
8.987000000000000000e+04 4.000000000000000192e-04
8.992000000000000000e+04 4.000000000000000192e-04
8.998000000000000000e+04 4.000000000000000192e-04
9.004000000000000000e+04 4.000000000000000192e-04
9.010000000000000000e+04 4.000000000000000192e-04
9.016000000000000000e+04 2.999999999999999737e-04
9.021000000000000000e+04 2.999999999999999737e-04
9.027000000000000000e+04 2.999999999999999737e-04
9.033000000000000000e+04 2.999999999999999737e-04
9.039000000000000000e+04 2.999999999999999737e-04
9.045000000000000000e+04 2.999999999999999737e-04
9.050000000000000000e+04 2.999999999999999737e-04
9.056000000000000000e+04 2.999999999999999737e-04
9.062000000000000000e+04 2.999999999999999737e-04
9.068000000000000000e+04 2.999999999999999737e-04
9.074000000000000000e+04 2.999999999999999737e-04
9.079000000000000000e+04 2.999999999999999737e-04
9.085000000000000000e+04 2.999999999999999737e-04
9.091000000000000000e+04 2.999999999999999737e-04
9.097000000000000000e+04 2.999999999999999737e-04
9.103000000000000000e+04 2.999999999999999737e-04
9.108000000000000000e+04 2.999999999999999737e-04
9.114000000000000000e+04 2.999999999999999737e-04
9.120000000000000000e+04 2.999999999999999737e-04
9.126000000000000000e+04 2.999999999999999737e-04
9.132000000000000000e+04 2.999999999999999737e-04
9.137000000000000000e+04 2.999999999999999737e-04
9.143000000000000000e+04 2.999999999999999737e-04
9.149000000000000000e+04 2.999999999999999737e-04
9.155000000000000000e+04 2.999999999999999737e-04
9.161000000000000000e+04 2.999999999999999737e-04
9.166000000000000000e+04 2.999999999999999737e-04
9.172000000000000000e+04 2.999999999999999737e-04
9.178000000000000000e+04 2.999999999999999737e-04
9.184000000000000000e+04 2.999999999999999737e-04
9.190000000000000000e+04 2.000000000000000096e-04
9.195000000000000000e+04 2.000000000000000096e-04
9.201000000000000000e+04 2.000000000000000096e-04
9.207000000000000000e+04 2.000000000000000096e-04
9.213000000000000000e+04 2.000000000000000096e-04
9.219000000000000000e+04 2.000000000000000096e-04
9.224000000000000000e+04 2.000000000000000096e-04
9.230000000000000000e+04 2.000000000000000096e-04
9.236000000000000000e+04 2.000000000000000096e-04
9.242000000000000000e+04 1.000000000000000048e-04
9.248000000000000000e+04 1.000000000000000048e-04
9.253000000000000000e+04 1.000000000000000048e-04
9.259000000000000000e+04 1.000000000000000048e-04
9.265000000000000000e+04 1.000000000000000048e-04
9.271000000000000000e+04 1.000000000000000048e-04
9.277000000000000000e+04 1.000000000000000048e-04
9.282000000000000000e+04 1.000000000000000048e-04
9.288000000000000000e+04 1.000000000000000048e-04
9.294000000000000000e+04 1.000000000000000048e-04
9.300000000000000000e+04 1.000000000000000048e-04
9.306000000000000000e+04 1.000000000000000048e-04
9.311000000000000000e+04 1.000000000000000048e-04
9.317000000000000000e+04 1.000000000000000048e-04
9.323000000000000000e+04 1.000000000000000048e-04
9.329000000000000000e+04 1.000000000000000048e-04
