# FR462N
4.329000000000000000e+03 5.681140000000000294e-05
4.330000000000000000e+03 5.807180000000000192e-05
4.331000000000000000e+03 5.932880000000000022e-05
4.332000000000000000e+03 6.058589999999999874e-05
4.333000000000000000e+03 6.184310000000000425e-05
4.334000000000000000e+03 6.316889999999999756e-05
4.335000000000000000e+03 6.449479999999999786e-05
4.336000000000000000e+03 6.582080000000000515e-05
4.337000000000000000e+03 6.714670000000000545e-05
4.338000000000000000e+03 6.847289999999999963e-05
4.339000000000000000e+03 6.986260000000000430e-05
4.340000000000000000e+03 7.125260000000000285e-05
4.341000000000000000e+03 7.265159999999999403e-05
4.342000000000000000e+03 7.405090000000000619e-05
4.343000000000000000e+03 7.545089999999999957e-05
4.344000000000000000e+03 7.690889999999999814e-05
4.345000000000000000e+03 7.836760000000000503e-05
4.346000000000000000e+03 7.982660000000000580e-05
4.347000000000000000e+03 8.128610000000000089e-05
4.348000000000000000e+03 8.274610000000000385e-05
4.349000000000000000e+03 8.425800000000000542e-05
4.350000000000000000e+03 8.577040000000000131e-05
4.351000000000000000e+03 8.727130000000000586e-05
4.352000000000000000e+03 8.877210000000000341e-05
4.353000000000000000e+03 9.027319999999999485e-05
4.354000000000000000e+03 9.181879999999999578e-05
4.355000000000000000e+03 9.336419999999999626e-05
4.356000000000000000e+03 9.490979999999999718e-05
4.357000000000000000e+03 9.645570000000000554e-05
4.358000000000000000e+03 9.800149999999999335e-05
4.359000000000000000e+03 9.958409999999999409e-05
4.360000000000000000e+03 1.011670000000000023e-04
4.361000000000000000e+03 1.027570000000000057e-04
4.362000000000000000e+03 1.043459999999999933e-04
4.363000000000000000e+03 1.059369999999999989e-04
4.364000000000000000e+03 1.075559999999999982e-04
4.365000000000000000e+03 1.091759999999999996e-04
4.366000000000000000e+03 1.107960000000000010e-04
4.367000000000000000e+03 1.124170000000000047e-04
4.368000000000000000e+03 1.140370000000000061e-04
4.369000000000000000e+03 1.156790000000000016e-04
4.370000000000000000e+03 1.173209999999999970e-04
4.371000000000000000e+03 1.189649999999999969e-04
4.372000000000000000e+03 1.206099999999999989e-04
4.373000000000000000e+03 1.222549999999999874e-04
4.374000000000000000e+03 1.239129999999999908e-04
4.375000000000000000e+03 1.255720000000000100e-04
4.376000000000000000e+03 1.272310000000000021e-04
4.377000000000000000e+03 1.288899999999999942e-04
4.378000000000000000e+03 1.305490000000000133e-04
4.379000000000000000e+03 1.322139999999999915e-04
4.380000000000000000e+03 1.338780000000000081e-04
4.381000000000000000e+03 1.355270000000000053e-04
4.382000000000000000e+03 1.371769999999999912e-04
4.383000000000000000e+03 1.388259999999999885e-04
4.384000000000000000e+03 1.404719999999999927e-04
4.385000000000000000e+03 1.421179999999999969e-04
4.386000000000000000e+03 1.437640000000000012e-04
4.387000000000000000e+03 1.454100000000000054e-04
4.388000000000000000e+03 1.470549999999999939e-04
4.389000000000000000e+03 1.486899999999999875e-04
4.390000000000000000e+03 1.503239999999999926e-04
4.391000000000000000e+03 1.519539999999999888e-04
4.392000000000000000e+03 1.535829999999999964e-04
4.393000000000000000e+03 1.552129999999999927e-04
4.394000000000000000e+03 1.568229999999999993e-04
4.395000000000000000e+03 1.584339999999999945e-04
4.396000000000000000e+03 1.600449999999999898e-04
4.397000000000000000e+03 1.616560000000000121e-04
4.398000000000000000e+03 1.632659999999999916e-04
4.399000000000000000e+03 1.648510000000000112e-04
4.400000000000000000e+03 1.664369999999999923e-04
4.401000000000000000e+03 1.680420000000000015e-04
4.402000000000000000e+03 1.696470000000000107e-04
4.403000000000000000e+03 1.712530000000000085e-04
4.404000000000000000e+03 1.728280000000000061e-04
4.405000000000000000e+03 1.744030000000000038e-04
4.406000000000000000e+03 1.759789999999999900e-04
4.407000000000000000e+03 1.775539999999999877e-04
4.408000000000000000e+03 1.791309999999999897e-04
4.409000000000000000e+03 1.806710000000000054e-04
4.410000000000000000e+03 1.822129999999999984e-04
4.411000000000000000e+03 1.837499999999999941e-04
4.412000000000000000e+03 1.852880000000000054e-04
4.413000000000000000e+03 1.868259999999999897e-04
4.414000000000000000e+03 1.883250000000000104e-04
4.415000000000000000e+03 1.898229999999999883e-04
4.416000000000000000e+03 1.913220000000000090e-04
4.417000000000000000e+03 1.928210000000000026e-04
4.418000000000000000e+03 1.943210000000000119e-04
4.419000000000000000e+03 1.957779999999999948e-04
4.420000000000000000e+03 1.972350000000000047e-04
4.421000000000000000e+03 1.986489999999999881e-04
4.422000000000000000e+03 2.000629999999999986e-04
4.423000000000000000e+03 2.014759999999999934e-04
4.424000000000000000e+03 2.028440000000000115e-04
4.425000000000000000e+03 2.042129999999999911e-04
4.426000000000000000e+03 2.055799999999999934e-04
4.427000000000000000e+03 2.069480000000000115e-04
4.428000000000000000e+03 2.083139999999999981e-04
4.429000000000000000e+03 2.096370000000000124e-04
4.430000000000000000e+03 2.109590000000000109e-04
4.431000000000000000e+03 2.123120000000000096e-04
4.432000000000000000e+03 2.136650000000000083e-04
4.433000000000000000e+03 2.150180000000000071e-04
4.434000000000000000e+03 2.163300000000000108e-04
4.435000000000000000e+03 2.176409999999999987e-04
4.436000000000000000e+03 2.189519999999999867e-04
4.437000000000000000e+03 2.202630000000000018e-04
4.438000000000000000e+03 2.215750000000000055e-04
4.439000000000000000e+03 2.228490000000000072e-04
4.440000000000000000e+03 2.241219999999999931e-04
4.441000000000000000e+03 2.254160000000000115e-04
4.442000000000000000e+03 2.267100000000000029e-04
4.443000000000000000e+03 2.280039999999999942e-04
4.444000000000000000e+03 2.292680000000000011e-04
4.445000000000000000e+03 2.305320000000000080e-04
4.446000000000000000e+03 2.317970000000000035e-04
4.447000000000000000e+03 2.330619999999999990e-04
4.448000000000000000e+03 2.343269999999999945e-04
4.449000000000000000e+03 2.355740000000000047e-04
4.450000000000000000e+03 2.368220000000000036e-04
4.451000000000000000e+03 2.380340000000000049e-04
4.452000000000000000e+03 2.392469999999999948e-04
4.453000000000000000e+03 2.404600000000000118e-04
4.454000000000000000e+03 2.416709999999999974e-04
4.455000000000000000e+03 2.428809999999999943e-04
4.456000000000000000e+03 2.440920000000000069e-04
4.457000000000000000e+03 2.453019999999999767e-04
4.458000000000000000e+03 2.465120000000000007e-04
4.459000000000000000e+03 2.477439999999999916e-04
4.460000000000000000e+03 2.489750000000000209e-04
4.461000000000000000e+03 2.502420000000000208e-04
4.462000000000000000e+03 2.515059999999999735e-04
4.463000000000000000e+03 2.527720000000000119e-04
4.464000000000000000e+03 2.540940000000000104e-04
4.465000000000000000e+03 2.554160000000000089e-04
4.466000000000000000e+03 2.567380000000000074e-04
4.467000000000000000e+03 2.580600000000000060e-04
4.468000000000000000e+03 2.593830000000000202e-04
4.469000000000000000e+03 2.608089999999999757e-04
4.470000000000000000e+03 2.622360000000000012e-04
4.471000000000000000e+03 2.636359999999999810e-04
4.472000000000000000e+03 2.650349999999999993e-04
4.473000000000000000e+03 2.664340000000000176e-04
4.474000000000000000e+03 2.680059999999999951e-04
4.475000000000000000e+03 2.695780000000000268e-04
4.476000000000000000e+03 2.711500000000000043e-04
4.477000000000000000e+03 2.727219999999999818e-04
4.478000000000000000e+03 2.742929999999999978e-04
4.479000000000000000e+03 2.761379999999999911e-04
4.480000000000000000e+03 2.779820000000000229e-04
4.481000000000000000e+03 2.798090000000000039e-04
4.482000000000000000e+03 2.816350000000000233e-04
4.483000000000000000e+03 2.834609999999999886e-04
4.484000000000000000e+03 2.857059999999999917e-04
4.485000000000000000e+03 2.879520000000000105e-04
4.486000000000000000e+03 2.901959999999999978e-04
4.487000000000000000e+03 2.924399999999999851e-04
4.488000000000000000e+03 2.946840000000000266e-04
4.489000000000000000e+03 2.975659999999999764e-04
4.490000000000000000e+03 3.004479999999999803e-04
4.491000000000000000e+03 3.033560000000000141e-04
4.492000000000000000e+03 3.062650000000000095e-04
4.493000000000000000e+03 3.091719999999999733e-04
4.494000000000000000e+03 3.130520000000000243e-04
4.495000000000000000e+03 3.169310000000000052e-04
4.496000000000000000e+03 3.208120000000000177e-04
4.497000000000000000e+03 3.246909999999999987e-04
4.498000000000000000e+03 3.285699999999999797e-04
4.499000000000000000e+03 3.339360000000000093e-04
4.500000000000000000e+03 3.392989999999999917e-04
4.501000000000000000e+03 3.446349999999999826e-04
4.502000000000000000e+03 3.499689999999999962e-04
4.503000000000000000e+03 3.553019999999999941e-04
4.504000000000000000e+03 3.629260000000000146e-04
4.505000000000000000e+03 3.705490000000000194e-04
4.506000000000000000e+03 3.781689999999999770e-04
4.507000000000000000e+03 3.857889999999999887e-04
4.508000000000000000e+03 3.934060000000000074e-04
4.509000000000000000e+03 4.046100000000000174e-04
4.510000000000000000e+03 4.158100000000000186e-04
4.511000000000000000e+03 4.270219999999999919e-04
4.512000000000000000e+03 4.382310000000000263e-04
4.513000000000000000e+03 4.494389999999999909e-04
4.514000000000000000e+03 4.663550000000000030e-04
4.515000000000000000e+03 4.832689999999999837e-04
4.516000000000000000e+03 5.001800000000000256e-04
4.517000000000000000e+03 5.170889999999999818e-04
4.518000000000000000e+03 5.339929999999999677e-04
4.519000000000000000e+03 5.601700000000000255e-04
4.520000000000000000e+03 5.863430000000000204e-04
4.521000000000000000e+03 6.125730000000000454e-04
4.522000000000000000e+03 6.388049999999999935e-04
4.523000000000000000e+03 6.650379999999999573e-04
4.524000000000000000e+03 7.066900000000000525e-04
4.525000000000000000e+03 7.483449999999999781e-04
4.526000000000000000e+03 7.900020000000000436e-04
4.527000000000000000e+03 8.316590000000000007e-04
4.528000000000000000e+03 8.733190000000000050e-04
4.529000000000000000e+03 9.412790000000000523e-04
4.530000000000000000e+03 1.009240000000000007e-03
4.531000000000000000e+03 1.077080000000000008e-03
4.532000000000000000e+03 1.144899999999999911e-03
4.533000000000000000e+03 1.212710000000000090e-03
4.534000000000000000e+03 1.326619999999999926e-03
4.535000000000000000e+03 1.440510000000000098e-03
4.536000000000000000e+03 1.554370000000000014e-03
4.537000000000000000e+03 1.668210000000000049e-03
4.538000000000000000e+03 1.782029999999999986e-03
4.539000000000000000e+03 1.979190000000000029e-03
4.540000000000000000e+03 2.176319999999999817e-03
4.541000000000000000e+03 2.373510000000000116e-03
4.542000000000000000e+03 2.570709999999999922e-03
4.543000000000000000e+03 2.767869999999999966e-03
4.544000000000000000e+03 3.120620000000000165e-03
4.545000000000000000e+03 3.473330000000000167e-03
4.546000000000000000e+03 3.825999999999999974e-03
4.547000000000000000e+03 4.178639999999999959e-03
4.548000000000000000e+03 4.531239999999999747e-03
4.549000000000000000e+03 5.183310000000000001e-03
4.550000000000000000e+03 5.835299999999999862e-03
4.551000000000000000e+03 6.486480000000000197e-03
4.552000000000000000e+03 7.137430000000000163e-03
4.553000000000000000e+03 7.788159999999999701e-03
4.554000000000000000e+03 9.028529999999999889e-03
4.555000000000000000e+03 1.026849999999999985e-02
4.556000000000000000e+03 1.150799999999999913e-02
4.557000000000000000e+03 1.274710000000000079e-02
4.558000000000000000e+03 1.398579999999999962e-02
4.559000000000000000e+03 1.638720000000000107e-02
4.560000000000000000e+03 1.878789999999999974e-02
4.561000000000000000e+03 2.119129999999999972e-02
4.562000000000000000e+03 2.359460000000000029e-02
4.563000000000000000e+03 2.599790000000000087e-02
4.564000000000000000e+03 3.057599999999999901e-02
4.565000000000000000e+03 3.515399999999999775e-02
4.566000000000000000e+03 3.973200000000000343e-02
4.567000000000000000e+03 4.431000000000000216e-02
4.568000000000000000e+03 4.888789999999999802e-02
4.569000000000000000e+03 5.686739999999999851e-02
4.570000000000000000e+03 6.484689999999999899e-02
4.571000000000000000e+03 7.281849999999999434e-02
4.572000000000000000e+03 8.078820000000000445e-02
4.573000000000000000e+03 8.875600000000000156e-02
4.574000000000000000e+03 1.001230000000000037e-01
4.575000000000000000e+03 1.114870000000000028e-01
4.576000000000000000e+03 1.228489999999999999e-01
4.577000000000000000e+03 1.342079999999999940e-01
4.578000000000000000e+03 1.455639999999999989e-01
4.579000000000000000e+03 1.573809999999999931e-01
4.580000000000000000e+03 1.691950000000000121e-01
4.581000000000000000e+03 1.810039999999999982e-01
4.582000000000000000e+03 1.928090000000000082e-01
4.583000000000000000e+03 2.046109999999999873e-01
4.584000000000000000e+03 2.129189999999999972e-01
4.585000000000000000e+03 2.212250000000000050e-01
4.586000000000000000e+03 2.295280000000000098e-01
4.587000000000000000e+03 2.378290000000000126e-01
4.588000000000000000e+03 2.461280000000000134e-01
4.589000000000000000e+03 2.500279999999999725e-01
4.590000000000000000e+03 2.539270000000000138e-01
4.591000000000000000e+03 2.578570000000000029e-01
4.592000000000000000e+03 2.617880000000000207e-01
4.593000000000000000e+03 2.657189999999999830e-01
4.594000000000000000e+03 2.670170000000000043e-01
4.595000000000000000e+03 2.683159999999999989e-01
4.596000000000000000e+03 2.696149999999999936e-01
4.597000000000000000e+03 2.709130000000000149e-01
4.598000000000000000e+03 2.722120000000000095e-01
4.599000000000000000e+03 2.725190000000000112e-01
4.600000000000000000e+03 2.728269999999999862e-01
4.601000000000000000e+03 2.731169999999999987e-01
4.602000000000000000e+03 2.734070000000000111e-01
4.603000000000000000e+03 2.736970000000000236e-01
4.604000000000000000e+03 2.737269999999999981e-01
4.605000000000000000e+03 2.737580000000000013e-01
4.606000000000000000e+03 2.737890000000000046e-01
4.607000000000000000e+03 2.738189999999999791e-01
4.608000000000000000e+03 2.738490000000000091e-01
4.609000000000000000e+03 2.738349999999999951e-01
4.610000000000000000e+03 2.738209999999999811e-01
4.611000000000000000e+03 2.737879999999999758e-01
4.612000000000000000e+03 2.737550000000000261e-01
4.613000000000000000e+03 2.737220000000000208e-01
4.614000000000000000e+03 2.736850000000000116e-01
4.615000000000000000e+03 2.736480000000000024e-01
4.616000000000000000e+03 2.736109999999999931e-01
4.617000000000000000e+03 2.735730000000000106e-01
4.618000000000000000e+03 2.735360000000000014e-01
4.619000000000000000e+03 2.734989999999999921e-01
4.620000000000000000e+03 2.734610000000000096e-01
4.621000000000000000e+03 2.734619999999999829e-01
4.622000000000000000e+03 2.734630000000000116e-01
4.623000000000000000e+03 2.734650000000000136e-01
4.624000000000000000e+03 2.734659999999999869e-01
4.625000000000000000e+03 2.734659999999999869e-01
4.626000000000000000e+03 2.734670000000000156e-01
4.627000000000000000e+03 2.734670000000000156e-01
4.628000000000000000e+03 2.734679999999999889e-01
4.629000000000000000e+03 2.734599999999999809e-01
4.630000000000000000e+03 2.734519999999999729e-01
4.631000000000000000e+03 2.734130000000000171e-01
4.632000000000000000e+03 2.733740000000000059e-01
4.633000000000000000e+03 2.733340000000000214e-01
4.634000000000000000e+03 2.732249999999999956e-01
4.635000000000000000e+03 2.731149999999999967e-01
4.636000000000000000e+03 2.730049999999999977e-01
4.637000000000000000e+03 2.728949999999999987e-01
4.638000000000000000e+03 2.727849999999999997e-01
4.639000000000000000e+03 2.723180000000000045e-01
4.640000000000000000e+03 2.718519999999999825e-01
4.641000000000000000e+03 2.713979999999999726e-01
4.642000000000000000e+03 2.709429999999999894e-01
4.643000000000000000e+03 2.704889999999999795e-01
4.644000000000000000e+03 2.687919999999999754e-01
4.645000000000000000e+03 2.670960000000000001e-01
4.646000000000000000e+03 2.654000000000000248e-01
4.647000000000000000e+03 2.637030000000000207e-01
4.648000000000000000e+03 2.620080000000000187e-01
4.649000000000000000e+03 2.573210000000000219e-01
4.650000000000000000e+03 2.526349999999999985e-01
4.651000000000000000e+03 2.479540000000000077e-01
4.652000000000000000e+03 2.432729999999999893e-01
4.653000000000000000e+03 2.385929999999999995e-01
4.654000000000000000e+03 2.294799999999999895e-01
4.655000000000000000e+03 2.203690000000000093e-01
4.656000000000000000e+03 2.112580000000000013e-01
4.657000000000000000e+03 2.021489999999999954e-01
4.658000000000000000e+03 1.930399999999999894e-01
4.659000000000000000e+03 1.810140000000000082e-01
4.660000000000000000e+03 1.689879999999999993e-01
4.661000000000000000e+03 1.569679999999999964e-01
4.662000000000000000e+03 1.449489999999999945e-01
4.663000000000000000e+03 1.329299999999999926e-01
4.664000000000000000e+03 1.220870000000000011e-01
4.665000000000000000e+03 1.112459999999999977e-01
4.666000000000000000e+03 1.004049999999999943e-01
4.667000000000000000e+03 8.956400000000000472e-02
4.668000000000000000e+03 7.872379999999999656e-02
4.669000000000000000e+03 7.151730000000000587e-02
4.670000000000000000e+03 6.431109999999999605e-02
4.671000000000000000e+03 5.710339999999999860e-02
4.672000000000000000e+03 4.989659999999999929e-02
4.673000000000000000e+03 4.269049999999999928e-02
4.674000000000000000e+03 3.868209999999999704e-02
4.675000000000000000e+03 3.467409999999999937e-02
4.676000000000000000e+03 3.066659999999999872e-02
4.677000000000000000e+03 2.665949999999999917e-02
4.678000000000000000e+03 2.265290000000000012e-02
4.679000000000000000e+03 2.057099999999999901e-02
4.680000000000000000e+03 1.848939999999999959e-02
4.681000000000000000e+03 1.640820000000000126e-02
4.682000000000000000e+03 1.432729999999999941e-02
4.683000000000000000e+03 1.224650000000000044e-02
4.684000000000000000e+03 1.117139999999999973e-02
4.685000000000000000e+03 1.009649999999999957e-02
4.686000000000000000e+03 9.021639999999999174e-03
4.687000000000000000e+03 7.946879999999999916e-03
4.688000000000000000e+03 6.872220000000000065e-03
4.689000000000000000e+03 6.304800000000000161e-03
4.690000000000000000e+03 5.737439999999999901e-03
4.691000000000000000e+03 5.170140000000000152e-03
4.692000000000000000e+03 4.602890000000000106e-03
4.693000000000000000e+03 4.035689999999999764e-03
4.694000000000000000e+03 3.726689999999999951e-03
4.695000000000000000e+03 3.417729999999999900e-03
4.696000000000000000e+03 3.108769999999999849e-03
4.697000000000000000e+03 2.799849999999999995e-03
4.698000000000000000e+03 2.490950000000000022e-03
4.699000000000000000e+03 2.316990000000000108e-03
4.700000000000000000e+03 2.143030000000000195e-03
4.701000000000000000e+03 1.969199999999999944e-03
4.702000000000000000e+03 1.795350000000000027e-03
4.703000000000000000e+03 1.621499999999999895e-03
4.704000000000000000e+03 1.520410000000000034e-03
4.705000000000000000e+03 1.419319999999999957e-03
4.706000000000000000e+03 1.318230000000000096e-03
4.707000000000000000e+03 1.217140000000000019e-03
4.708000000000000000e+03 1.116040000000000001e-03
4.709000000000000000e+03 1.055450000000000095e-03
4.710000000000000000e+03 9.948540000000000941e-04
4.711000000000000000e+03 9.341199999999999807e-04
4.712000000000000000e+03 8.734049999999999496e-04
4.713000000000000000e+03 8.127059999999999536e-04
4.714000000000000000e+03 7.752500000000000059e-04
4.715000000000000000e+03 7.378029999999999831e-04
4.716000000000000000e+03 7.003660000000000094e-04
4.717000000000000000e+03 6.629410000000000077e-04
4.718000000000000000e+03 6.255250000000000393e-04
4.719000000000000000e+03 6.018059999999999772e-04
4.720000000000000000e+03 5.780950000000000411e-04
4.721000000000000000e+03 5.544649999999999709e-04
4.722000000000000000e+03 5.308360000000000248e-04
4.723000000000000000e+03 5.072069999999999704e-04
4.724000000000000000e+03 4.918519999999999793e-04
4.725000000000000000e+03 4.764980000000000040e-04
4.726000000000000000e+03 4.611430000000000130e-04
4.727000000000000000e+03 4.457880000000000219e-04
4.728000000000000000e+03 4.304339999999999924e-04
4.729000000000000000e+03 4.201960000000000135e-04
4.730000000000000000e+03 4.099570000000000189e-04
4.731000000000000000e+03 3.997059999999999979e-04
4.732000000000000000e+03 3.894549999999999770e-04
4.733000000000000000e+03 3.792059999999999875e-04
4.734000000000000000e+03 3.721819999999999816e-04
4.735000000000000000e+03 3.651570000000000141e-04
4.736000000000000000e+03 3.581340000000000239e-04
4.737000000000000000e+03 3.511109999999999795e-04
4.738000000000000000e+03 3.440890000000000051e-04
4.739000000000000000e+03 3.391329999999999800e-04
4.740000000000000000e+03 3.341770000000000092e-04
4.741000000000000000e+03 3.291999999999999788e-04
4.742000000000000000e+03 3.242240000000000183e-04
4.743000000000000000e+03 3.192490000000000193e-04
4.744000000000000000e+03 3.156170000000000243e-04
4.745000000000000000e+03 3.119840000000000135e-04
4.746000000000000000e+03 3.083520000000000184e-04
4.747000000000000000e+03 3.047220000000000007e-04
4.748000000000000000e+03 3.010910000000000214e-04
4.749000000000000000e+03 2.983400000000000201e-04
4.750000000000000000e+03 2.955890000000000188e-04
4.751000000000000000e+03 2.928830000000000214e-04
4.752000000000000000e+03 2.901760000000000081e-04
4.753000000000000000e+03 2.874700000000000107e-04
4.754000000000000000e+03 2.853399999999999752e-04
4.755000000000000000e+03 2.832099999999999939e-04
4.756000000000000000e+03 2.810809999999999741e-04
4.757000000000000000e+03 2.789509999999999928e-04
4.758000000000000000e+03 2.768199999999999958e-04
4.759000000000000000e+03 2.750690000000000188e-04
4.760000000000000000e+03 2.733170000000000261e-04
4.761000000000000000e+03 2.715409999999999807e-04
4.762000000000000000e+03 2.697649999999999896e-04
4.763000000000000000e+03 2.679900000000000142e-04
4.764000000000000000e+03 2.664589999999999776e-04
4.765000000000000000e+03 2.649290000000000108e-04
4.766000000000000000e+03 2.633989999999999899e-04
4.767000000000000000e+03 2.618690000000000232e-04
4.768000000000000000e+03 2.603390000000000023e-04
4.769000000000000000e+03 2.589639999999999824e-04
4.770000000000000000e+03 2.575880000000000010e-04
4.771000000000000000e+03 2.562320000000000092e-04
4.772000000000000000e+03 2.548769999999999790e-04
4.773000000000000000e+03 2.535209999999999872e-04
4.774000000000000000e+03 2.522560000000000188e-04
4.775000000000000000e+03 2.509920000000000120e-04
4.776000000000000000e+03 2.497269999999999894e-04
4.777000000000000000e+03 2.484620000000000209e-04
4.778000000000000000e+03 2.471980000000000141e-04
4.779000000000000000e+03 2.459800000000000268e-04
4.780000000000000000e+03 2.447610000000000237e-04
4.781000000000000000e+03 2.435220000000000039e-04
4.782000000000000000e+03 2.422830000000000112e-04
4.783000000000000000e+03 2.410450000000000071e-04
4.784000000000000000e+03 2.398219999999999952e-04
4.785000000000000000e+03 2.385990000000000105e-04
4.786000000000000000e+03 2.373769999999999873e-04
4.787000000000000000e+03 2.361549999999999912e-04
4.788000000000000000e+03 2.349329999999999951e-04
4.789000000000000000e+03 2.337060000000000016e-04
4.790000000000000000e+03 2.324779999999999924e-04
4.791000000000000000e+03 2.312580000000000007e-04
4.792000000000000000e+03 2.300369999999999932e-04
4.793000000000000000e+03 2.288160000000000129e-04
4.794000000000000000e+03 2.275760000000000044e-04
4.795000000000000000e+03 2.263339999999999916e-04
4.796000000000000000e+03 2.250929999999999945e-04
4.797000000000000000e+03 2.238519999999999974e-04
4.798000000000000000e+03 2.226110000000000003e-04
4.799000000000000000e+03 2.213399999999999916e-04
4.800000000000000000e+03 2.200679999999999943e-04
4.801000000000000000e+03 2.188070000000000076e-04
4.802000000000000000e+03 2.175450000000000051e-04
4.803000000000000000e+03 2.162839999999999912e-04
4.804000000000000000e+03 2.149850000000000025e-04
4.805000000000000000e+03 2.136859999999999866e-04
4.806000000000000000e+03 2.123869999999999979e-04
4.807000000000000000e+03 2.110880000000000091e-04
4.808000000000000000e+03 2.097889999999999933e-04
4.809000000000000000e+03 2.084490000000000095e-04
4.810000000000000000e+03 2.071080000000000100e-04
4.811000000000000000e+03 2.057689999999999877e-04
4.812000000000000000e+03 2.044310000000000083e-04
4.813000000000000000e+03 2.030920000000000132e-04
4.814000000000000000e+03 2.017099999999999915e-04
4.815000000000000000e+03 2.003290000000000127e-04
4.816000000000000000e+03 1.989460000000000024e-04
4.817000000000000000e+03 1.975649999999999965e-04
4.818000000000000000e+03 1.961830000000000019e-04
4.819000000000000000e+03 1.947580000000000079e-04
4.820000000000000000e+03 1.933329999999999868e-04
4.821000000000000000e+03 1.919129999999999903e-04
4.822000000000000000e+03 1.904940000000000095e-04
4.823000000000000000e+03 1.890740000000000129e-04
4.824000000000000000e+03 1.876129999999999942e-04
4.825000000000000000e+03 1.861520000000000026e-04
4.826000000000000000e+03 1.846899999999999952e-04
4.827000000000000000e+03 1.832290000000000036e-04
4.828000000000000000e+03 1.817680000000000120e-04
4.829000000000000000e+03 1.802669999999999869e-04
4.830000000000000000e+03 1.787670000000000047e-04
4.831000000000000000e+03 1.772719999999999927e-04
4.832000000000000000e+03 1.757759999999999921e-04
4.833000000000000000e+03 1.742799999999999916e-04
4.834000000000000000e+03 1.727490000000000091e-04
4.835000000000000000e+03 1.712179999999999995e-04
4.836000000000000000e+03 1.696869999999999900e-04
4.837000000000000000e+03 1.681549999999999918e-04
4.838000000000000000e+03 1.666240000000000093e-04
4.839000000000000000e+03 1.650629999999999882e-04
4.840000000000000000e+03 1.635030000000000099e-04
4.841000000000000000e+03 1.619210000000000105e-04
4.842000000000000000e+03 1.603399999999999997e-04
4.843000000000000000e+03 1.587589999999999889e-04
4.844000000000000000e+03 1.571560000000000112e-04
4.845000000000000000e+03 1.555519999999999906e-04
4.846000000000000000e+03 1.539490000000000129e-04
4.847000000000000000e+03 1.523449999999999924e-04
4.848000000000000000e+03 1.507419999999999875e-04
4.849000000000000000e+03 1.491230000000000019e-04
4.850000000000000000e+03 1.475039999999999891e-04
4.851000000000000000e+03 1.458829999999999990e-04
4.852000000000000000e+03 1.442629999999999976e-04
4.853000000000000000e+03 1.426429999999999961e-04
4.854000000000000000e+03 1.410139999999999885e-04
4.855000000000000000e+03 1.393850000000000080e-04
4.856000000000000000e+03 1.377560000000000004e-04
4.857000000000000000e+03 1.361280000000000085e-04
4.858000000000000000e+03 1.344990000000000009e-04
4.859000000000000000e+03 1.328699999999999933e-04
4.860000000000000000e+03 1.312410000000000128e-04
4.861000000000000000e+03 1.296349999999999879e-04
4.862000000000000000e+03 1.280289999999999900e-04
4.863000000000000000e+03 1.264220000000000036e-04
4.864000000000000000e+03 1.248219999999999918e-04
4.865000000000000000e+03 1.232209999999999913e-04
4.866000000000000000e+03 1.216200000000000045e-04
4.867000000000000000e+03 1.200180000000000019e-04
4.868000000000000000e+03 1.184159999999999992e-04
4.869000000000000000e+03 1.168290000000000024e-04
4.870000000000000000e+03 1.152410000000000034e-04
4.871000000000000000e+03 1.136350000000000055e-04
4.872000000000000000e+03 1.120299999999999963e-04
4.873000000000000000e+03 1.104239999999999985e-04
4.874000000000000000e+03 1.088419999999999991e-04
4.875000000000000000e+03 1.072599999999999997e-04
4.876000000000000000e+03 1.056780000000000002e-04
4.877000000000000000e+03 1.040949999999999986e-04
4.878000000000000000e+03 1.025129999999999992e-04
4.879000000000000000e+03 1.009620000000000000e-04
4.880000000000000000e+03 9.941149999999999510e-05
4.881000000000000000e+03 9.786450000000000466e-05
4.882000000000000000e+03 9.631739999999999367e-05
4.883000000000000000e+03 9.477049999999999667e-05
4.884000000000000000e+03 9.326200000000000256e-05
4.885000000000000000e+03 9.175340000000000145e-05
4.886000000000000000e+03 9.024489999999999379e-05
4.887000000000000000e+03 8.873639999999999967e-05
4.888000000000000000e+03 8.722779999999999857e-05
4.889000000000000000e+03 8.576500000000000302e-05
4.890000000000000000e+03 8.430239999999999435e-05
4.891000000000000000e+03 8.284829999999999755e-05
4.892000000000000000e+03 8.139389999999999332e-05
4.893000000000000000e+03 7.993919999999999520e-05
4.894000000000000000e+03 7.853690000000000356e-05
4.895000000000000000e+03 7.713439999999999793e-05
4.896000000000000000e+03 7.573139999999999798e-05
4.897000000000000000e+03 7.432810000000000415e-05
4.898000000000000000e+03 7.292459999999999633e-05
4.899000000000000000e+03 7.157969999999999502e-05
4.900000000000000000e+03 7.023440000000000640e-05
4.901000000000000000e+03 6.888060000000000591e-05
4.902000000000000000e+03 6.752669999999999842e-05
4.903000000000000000e+03 6.617280000000000449e-05
4.904000000000000000e+03 6.488339999999999613e-05
4.905000000000000000e+03 6.359400000000000133e-05
4.906000000000000000e+03 6.230460000000000653e-05
4.907000000000000000e+03 6.101519999999999817e-05
4.908000000000000000e+03 5.972570000000000315e-05
4.909000000000000000e+03 5.850529999999999701e-05
4.910000000000000000e+03 5.728489999999999765e-05
4.911000000000000000e+03 5.606950000000000248e-05
4.912000000000000000e+03 5.485400000000000031e-05
